0 9641 car 0 0 -1 288.0 164.0 323.0 195.0 -1 -1 -1 -1000 -1000 -1000 -10
0 9640 car 0 0 -1 284.0 163.0 334.0 197.0 -1 -1 -1 -1000 -1000 -1000 -10
0 9639 car 0 0 -1 892.0 204.0 1241.0 371.0 -1 -1 -1 -1000 -1000 -1000 -10
1 9641 car 0 0 -1 283.9855179399913 163.01415060734288 320.01518122101544 194.98594927280092 -1 -1 -1 -1000 -1000 -1000 -10
1 9640 car 0 0 -1 285.3996442526431 162.1947131337165 342.5993569459186 196.8053867464273 -1 -1 -1 -1000 -1000 -1000 -10
1 9639 car 0 0 -1 880.9292062257656 203.11136907384912 1240.0719923359607 370.8887308062947 -1 -1 -1 -1000 -1000 -1000 -10
2 9641 car 0 0 -1 280.2521891668071 162.74452001027595 324.27756694703936 197.07901436640066 -1 -1 -1 -1000 -1000 -1000 -10
2 9639 car 0 0 -1 868.6649131456583 201.5633100731105 1239.3948511170051 373.31907164795916 -1 -1 -1 -1000 -1000 -1000 -10
3 9641 car 0 0 -1 272.3950062913313 164.62491454695305 317.15086749309415 198.08726459882024 -1 -1 -1 -1000 -1000 -1000 -10
3 9639 car 0 0 -1 856.7156120791294 200.76200363618847 1238.329887735534 375.1480750690766 -1 -1 -1 -1000 -1000 -1000 -10
4 9640 car 0 0 -1 264.51243714333697 163.85166152402962 328.3352712603642 199.59900013834653 -1 -1 -1 -1000 -1000 -1000 -10
4 9639 car 0 0 -1 847.0022555871334 199.75928151864267 1238.1552887309645 376.39285256939036 -1 -1 -1 -1000 -1000 -1000 -10
5 9640 car 0 0 -1 258.18061407723275 165.67862890987098 324.6904371712108 201.43290930943957 -1 -1 -1 -1000 -1000 -1000 -10
5 9639 car 0 0 -1 836.6263609248188 198.92692975402076 1237.204115564855 376.52608692407114 -1 -1 -1 -1000 -1000 -1000 -10
6 9640 car 0 0 -1 249.66010600649608 166.91440669887263 319.6611649243441 202.7827953001216 -1 -1 -1 -1000 -1000 -1000 -10
6 9639 car 0 0 -1 827.1831096298138 197.55568004618655 1237.717105896717 376.9270327128046 -1 -1 -1 -1000 -1000 -1000 -10
7 9640 car 0 0 -1 239.58149526730324 168.18560162417162 312.2382075080849 204.4202348782078 -1 -1 -1 -1000 -1000 -1000 -10
7 9639 car 0 0 -1 817.9651088100604 196.75410740108214 1236.6817071628311 376.6848386060411 -1 -1 -1 -1000 -1000 -1000 -10
8 9640 car 0 0 -1 225.80511343935575 171.290263776171 292.09574395356105 205.01288012139355 -1 -1 -1 -1000 -1000 -1000 -10
8 9639 car 0 0 -1 802.7858623389922 195.5207389471734 1215.7456285494118 375.48922739728346 -1 -1 -1 -1000 -1000 -1000 -10
9 9641 car 0 0 -1 218.80123570660908 162.6658624866628 280.1764081535578 204.34523326677166 -1 -1 -1 -1000 -1000 -1000 -10
9 9639 car 0 0 -1 787.063910029333 194.14309099077127 1186.2565376994592 373.2817559241191 -1 -1 -1 -1000 -1000 -1000 -10
10 9639 car 0 0 -1 776.1892577865202 192.0481993727169 1154.2297052016222 365.341668890699 -1 -1 -1 -1000 -1000 -1000 -10
11 9639 car 0 0 -1 767.5098447139661 189.5023932196426 1124.3918380148218 356.8633338848347 -1 -1 -1 -1000 -1000 -1000 -10
12 9639 car 0 0 -1 760.6325241511006 188.36071831389785 1095.831938446212 349.99655093450536 -1 -1 -1 -1000 -1000 -1000 -10
13 9640 car 0 0 -1 176.5549031147722 173.77916202484963 242.06751738377952 206.4346637141563 -1 -1 -1 -1000 -1000 -1000 -10
13 9639 car 0 0 -1 756.2990565783648 188.63768020583225 1071.2528132830578 344.1984586868414 -1 -1 -1 -1000 -1000 -1000 -10
14 9641 car 0 0 -1 165.18967046476277 170.72675999956155 259.0961383986123 210.68774493068085 -1 -1 -1 -1000 -1000 -1000 -10
14 9640 car 0 0 -1 162.24632608159368 176.4765752741243 229.3895199986764 210.1214164910641 -1 -1 -1 -1000 -1000 -1000 -10
14 9639 car 0 0 -1 753.5246357794158 188.1902895860366 1049.5741987393324 337.4293762177495 -1 -1 -1 -1000 -1000 -1000 -10
15 9641 car 0 0 -1 152.4930621108976 174.79644605436695 252.86145762947228 213.60980384063893 -1 -1 -1 -1000 -1000 -1000 -10
15 9640 car 0 0 -1 149.67511786209548 179.079391555452 219.97145066660926 213.12972444221612 -1 -1 -1 -1000 -1000 -1000 -10
15 9639 car 0 0 -1 752.1126870242476 188.48256206114178 1029.5286914072933 330.6137784474383 -1 -1 -1 -1000 -1000 -1000 -10
16 9645 car 0 0 -1 193.67495327250433 172.48252071454013 254.09049785833807 209.04670053031518 -1 -1 -1 -1000 -1000 -1000 -10
16 9641 car 0 0 -1 138.32205493716634 175.48887225701984 245.28941675525027 214.7958255780786 -1 -1 -1 -1000 -1000 -1000 -10
16 9640 car 0 0 -1 136.5427889184968 179.59437944756942 211.00076265022358 214.6495399281923 -1 -1 -1 -1000 -1000 -1000 -10
16 9639 car 0 0 -1 750.1912830536662 187.40392932578885 1009.7902532205894 322.1518713446233 -1 -1 -1 -1000 -1000 -1000 -10
17 9645 car 0 0 -1 180.32336902734585 171.86001467112837 243.55552349228395 209.3093010707203 -1 -1 -1 -1000 -1000 -1000 -10
17 9640 car 0 0 -1 120.64863879242802 179.7319784236136 200.16041000051416 215.85105479521542 -1 -1 -1 -1000 -1000 -1000 -10
17 9639 car 0 0 -1 746.8364057213148 186.21352404703902 990.7345816156692 313.9925626140249 -1 -1 -1 -1000 -1000 -1000 -10
18 9645 car 0 0 -1 170.9734915009019 171.07446162155625 236.19785313031002 209.79597808920548 -1 -1 -1 -1000 -1000 -1000 -10
18 9640 car 0 0 -1 102.19977453689735 180.27974261381502 184.89533798771117 217.0391535409384 -1 -1 -1 -1000 -1000 -1000 -10
18 9639 car 0 0 -1 744.104294941809 186.9680412965131 973.3846568176584 309.2280275079949 -1 -1 -1 -1000 -1000 -1000 -10
19 9645 car 0 0 -1 159.10514860843887 171.08971347389794 222.9792535222361 210.3152712952237 -1 -1 -1 -1000 -1000 -1000 -10
19 9641 car 0 0 -1 134.83258003822203 169.8938576028052 243.54832167231393 211.6895332819111 -1 -1 -1 -1000 -1000 -1000 -10
19 9640 car 0 0 -1 83.0225792027053 181.6426565744182 169.72670240652917 218.8767543366335 -1 -1 -1 -1000 -1000 -1000 -10
19 9639 car 0 0 -1 741.7352630581236 187.66998369684927 956.537899001006 304.5728514483484 -1 -1 -1 -1000 -1000 -1000 -10
20 9645 car 0 0 -1 146.00581103674807 169.31407539171144 211.38420527576295 210.76527336943062 -1 -1 -1 -1000 -1000 -1000 -10
20 9641 car 0 0 -1 135.42217549350852 168.29380165847226 241.3919913683817 211.91495472135443 -1 -1 -1 -1000 -1000 -1000 -10
20 9640 car 0 0 -1 62.1284195394847 183.07172150324683 151.49724234030182 221.2017904020121 -1 -1 -1 -1000 -1000 -1000 -10
20 9639 car 0 0 -1 740.2151634318419 187.4604874293274 941.7725848086515 298.87991264696734 -1 -1 -1 -1000 -1000 -1000 -10
21 9645 car 0 0 -1 129.21608550049532 171.00250500302081 196.72908425326332 214.13647372818207 -1 -1 -1 -1000 -1000 -1000 -10
21 9640 car 0 0 -1 39.7360444686587 186.02193427782973 133.00805498909438 224.83042870569872 -1 -1 -1 -1000 -1000 -1000 -10
21 9639 car 0 0 -1 737.0005192727491 187.7623529454528 926.5156225541581 293.90031975242 -1 -1 -1 -1000 -1000 -1000 -10
22 9645 car 0 0 -1 112.9931084537082 174.96450689379031 182.01279320411902 218.12022731478896 -1 -1 -1 -1000 -1000 -1000 -10
22 9640 car 0 0 -1 17.491295094211637 187.91535443512367 118.34229873176133 227.95893496814267 -1 -1 -1 -1000 -1000 -1000 -10
22 9639 car 0 0 -1 734.7141287763451 188.88451150987018 912.7533160910531 289.8732512129635 -1 -1 -1 -1000 -1000 -1000 -10
23 9645 car 0 0 -1 92.50317809832282 169.07431787907694 166.41525489845705 218.013524698533 -1 -1 -1 -1000 -1000 -1000 -10
23 9641 car 0 0 -1 106.39558052483348 166.68129278240346 217.45274374671965 216.0329172534018 -1 -1 -1 -1000 -1000 -1000 -10
23 9640 car 0 0 -1 3.496102085250378 189.12533651745966 110.06141067819365 231.17050732288058 -1 -1 -1 -1000 -1000 -1000 -10
23 9639 car 0 0 -1 732.4155646294307 190.09553308971925 899.9028172557375 285.7702472592936 -1 -1 -1 -1000 -1000 -1000 -10
24 9648 car 0 0 -1 1128.9363924462475 273.66771597288823 1234.7724272260223 379.0983464368012 -1 -1 -1 -1000 -1000 -1000 -10
24 9641 car 0 0 -1 84.21624089869024 167.3250582978929 207.97353801886172 217.78051680955207 -1 -1 -1 -1000 -1000 -1000 -10
24 9640 car 0 0 -1 -9.103355924583383 189.0540211110607 90.90310071986939 232.81428527344718 -1 -1 -1 -1000 -1000 -1000 -10
24 9639 car 0 0 -1 729.463757682316 190.2341910367367 887.3707148283246 280.77547928851004 -1 -1 -1 -1000 -1000 -1000 -10
25 9648 car 0 0 -1 1098.5729972245936 245.15935308979698 1235.2863129678626 374.8728018423346 -1 -1 -1 -1000 -1000 -1000 -10
25 9640 car 0 0 -1 -2.9618537693275186 185.3546217843079 107.59478151050449 232.42957014632916 -1 -1 -1 -1000 -1000 -1000 -10
25 9639 car 0 0 -1 726.4179377629945 189.76945570284374 874.7850239044457 274.98196348594183 -1 -1 -1 -1000 -1000 -1000 -10
26 9648 car 0 0 -1 1069.8162726572514 216.75972028181985 1235.8525165948568 371.32202557844863 -1 -1 -1 -1000 -1000 -1000 -10
26 9645 car 0 0 -1 29.949903479725535 176.50488505730084 112.27561402208916 224.3569671859363 -1 -1 -1 -1000 -1000 -1000 -10
26 9639 car 0 0 -1 723.9389102093505 190.79802258118283 862.866066655595 271.0870581231772 -1 -1 -1 -1000 -1000 -1000 -10
27 9648 car 0 0 -1 1042.9749510629576 195.14167093680027 1235.579077346356 371.0054134360526 -1 -1 -1 -1000 -1000 -1000 -10
27 9645 car 0 0 -1 6.373627741686349 179.38289775164583 93.04131570659155 227.70111296356674 -1 -1 -1 -1000 -1000 -1000 -10
27 9639 car 0 0 -1 719.858522835875 191.32908236306366 851.0385263573128 267.66877100568263 -1 -1 -1 -1000 -1000 -1000 -10
28 9648 car 0 0 -1 1019.6023492312789 181.45283378279169 1234.9549275786123 372.2261410399261 -1 -1 -1 -1000 -1000 -1000 -10
28 9647 car 0 0 -1 45.47166499838775 166.55734101340445 109.7490724920863 201.60957200619973 -1 -1 -1 -1000 -1000 -1000 -10
28 9645 car 0 0 -1 -6.839976361424469 181.4822856256379 74.80448702032425 229.8169263520176 -1 -1 -1 -1000 -1000 -1000 -10
28 9641 car 0 0 -1 42.551748851653585 163.78622483217606 165.8190384051905 208.84585569692746 -1 -1 -1 -1000 -1000 -1000 -10
28 9639 car 0 0 -1 717.2402779627732 192.68475030640224 840.4273493615917 265.3719847990086 -1 -1 -1 -1000 -1000 -1000 -10
29 9648 car 0 0 -1 995.6256801779497 175.00213898936136 1233.1074903479391 374.0901738113906 -1 -1 -1 -1000 -1000 -1000 -10
29 9647 car 0 0 -1 30.38361689121733 165.17601613117603 96.45212769732922 201.98501371356764 -1 -1 -1 -1000 -1000 -1000 -10
29 9645 car 0 0 -1 -14.808191554140773 183.3880007223804 55.5763321924793 231.37201846248342 -1 -1 -1 -1000 -1000 -1000 -10
29 9639 car 0 0 -1 713.2420192120383 193.89298166891183 828.9306585313439 262.6462303689158 -1 -1 -1 -1000 -1000 -1000 -10
30 9648 car 0 0 -1 970.8445529087843 170.44224439775186 1231.38219117866 375.9285968260999 -1 -1 -1 -1000 -1000 -1000 -10
30 9639 car 0 0 -1 709.8353960534174 194.28367096810308 817.927259394612 258.5496799592335 -1 -1 -1 -1000 -1000 -1000 -10
31 9648 car 0 0 -1 947.6790822768079 168.90965748884037 1230.488622395362 377.9488832173706 -1 -1 -1 -1000 -1000 -1000 -10
31 9639 car 0 0 -1 704.9014960394836 193.85903816836532 806.2386441968797 254.43298317952048 -1 -1 -1 -1000 -1000 -1000 -10
32 9648 car 0 0 -1 927.7138299101512 166.8685838070458 1231.2945067516662 378.1390667756338 -1 -1 -1 -1000 -1000 -1000 -10
32 9639 car 0 0 -1 699.2029720245534 193.63634034864097 794.4658038498958 251.1038134116648 -1 -1 -1 -1000 -1000 -1000 -10
33 9648 car 0 0 -1 908.467721605723 166.910998645596 1231.800829056795 378.6207759587388 -1 -1 -1 -1000 -1000 -1000 -10
33 9641 DontCare 0 0 -1 -7.318675238003323 163.23755999509996 137.41731830771806 216.33286561387996 -1 -1 -1 -1000 -1000 -1000 -10
33 9639 car 0 0 -1 693.8055875134883 192.04317091969645 783.3723951742575 247.56153150967148 -1 -1 -1 -1000 -1000 -1000 -10
34 9648 car 0 0 -1 888.3432376247138 166.985278676594 1231.2955927479034 379.2042050426825 -1 -1 -1 -1000 -1000 -1000 -10
34 9639 car 0 0 -1 688.3223754325983 192.04333863462762 772.0808150709535 245.09105267263408 -1 -1 -1 -1000 -1000 -1000 -10
35 9648 car 0 0 -1 869.2046469786301 166.99613172754408 1231.7155246937978 379.83055873034397 -1 -1 -1 -1000 -1000 -1000 -10
35 9639 car 0 0 -1 682.5878982416922 192.24676630981125 761.5817401659928 242.1224985929832 -1 -1 -1 -1000 -1000 -1000 -10
36 9648 car 0 0 -1 850.5338057348588 166.42697642409848 1231.694449747434 380.31245065804 -1 -1 -1 -1000 -1000 -1000 -10
36 9639 car 0 0 -1 676.5535713335124 192.25527594590034 750.2779305847251 239.23270403827968 -1 -1 -1 -1000 -1000 -1000 -10
37 9648 car 0 0 -1 833.020929962995 165.3676977038735 1232.4756831624736 380.3095702711467 -1 -1 -1 -1000 -1000 -1000 -10
37 9639 car 0 0 -1 669.8956226566825 191.70995494455764 738.5224149652881 235.54333677751367 -1 -1 -1 -1000 -1000 -1000 -10
38 9648 car 0 0 -1 809.9018750016712 165.66108314134075 1219.1780491282198 380.52855088151523 -1 -1 -1 -1000 -1000 -1000 -10
38 9639 car 0 0 -1 663.9224058360353 192.36335288919167 728.2866082944497 234.05872506597825 -1 -1 -1 -1000 -1000 -1000 -10
39 9648 car 0 0 -1 781.5638717672501 165.00146807656267 1187.2664859851166 379.63790827988055 -1 -1 -1 -1000 -1000 -1000 -10
40 9648 car 0 0 -1 755.2084401759869 165.5390671401551 1148.4072236189825 379.3729705837218 -1 -1 -1 -1000 -1000 -1000 -10
41 9650 car 0 0 -1 628.0357913193734 183.16379984916702 713.1418204517881 241.83620015083298 -1 -1 -1 -1000 -1000 -1000 -10
41 9648 car 0 0 -1 733.3602175244984 165.28848774851224 1109.201152663708 375.3210420878354 -1 -1 -1 -1000 -1000 -1000 -10
42 9650 car 0 0 -1 620.4283808882234 184.02262174131474 704.5542522758936 241.82446091325292 -1 -1 -1 -1000 -1000 -1000 -10
42 9648 car 0 0 -1 713.0872807064748 164.6820329367654 1068.8038546950713 369.88194099297755 -1 -1 -1 -1000 -1000 -1000 -10
43 9650 car 0 0 -1 613.3626263919823 183.90783978887472 695.5805613062139 241.37265287508902 -1 -1 -1 -1000 -1000 -1000 -10
43 9648 car 0 0 -1 694.9755903125696 163.93762241268973 1030.4160860841293 363.26662717973954 -1 -1 -1 -1000 -1000 -1000 -10
44 9650 car 0 0 -1 606.4715455139491 183.59773941299383 686.4697009230375 240.01462176868657 -1 -1 -1 -1000 -1000 -1000 -10
44 9648 car 0 0 -1 679.58686241454 163.56244346182507 993.5808211996147 355.7898291608533 -1 -1 -1 -1000 -1000 -1000 -10
45 9650 car 0 0 -1 601.5254055152462 182.81262168043196 678.9928901752675 238.10441966519102 -1 -1 -1 -1000 -1000 -1000 -10
45 9648 car 0 0 -1 666.9208747640496 163.2349246344369 959.6230517849283 348.74089429253956 -1 -1 -1 -1000 -1000 -1000 -10
46 9650 car 0 0 -1 596.5832099404021 183.50993002068057 670.5743121692229 236.49114982883103 -1 -1 -1 -1000 -1000 -1000 -10
46 9648 car 0 0 -1 655.6370885904155 162.97389224298453 929.0551022336581 341.15898799275885 -1 -1 -1 -1000 -1000 -1000 -10
47 9650 car 0 0 -1 591.1025313978599 184.68112883700564 663.7105382104686 236.40442191688595 -1 -1 -1 -1000 -1000 -1000 -10
47 9648 car 0 0 -1 645.5388001596726 162.74519992788055 900.4319611672355 334.02788759898476 -1 -1 -1 -1000 -1000 -1000 -10
48 9650 car 0 0 -1 585.1662564041347 185.43958263958334 654.9299532123952 236.07715098428125 -1 -1 -1 -1000 -1000 -1000 -10
48 9648 car 0 0 -1 635.4887298916627 164.73386893898328 874.2544590624933 328.7900168741852 -1 -1 -1 -1000 -1000 -1000 -10
49 9650 car 0 0 -1 581.6891761730707 185.67032895680964 649.5437673737011 235.35550729844724 -1 -1 -1 -1000 -1000 -1000 -10
49 9648 car 0 0 -1 627.1024331885238 165.6124602747377 850.6173611077776 322.29910305760586 -1 -1 -1 -1000 -1000 -1000 -10
50 9650 car 0 0 -1 577.8835017772266 184.0040641868217 644.6118456001722 232.179390703451 -1 -1 -1 -1000 -1000 -1000 -10
50 9648 car 0 0 -1 621.0032546323166 164.49423551941362 829.5367859041944 314.28998089721966 -1 -1 -1 -1000 -1000 -1000 -10
51 9650 car 0 0 -1 573.3999919300716 182.68260796022182 637.7099162253883 229.0559050418312 -1 -1 -1 -1000 -1000 -1000 -10
51 9648 car 0 0 -1 613.5257467122275 163.90490002679365 809.028902841878 307.035866147856 -1 -1 -1 -1000 -1000 -1000 -10
52 9650 car 0 0 -1 569.9449442104363 181.35934074274127 632.0861524142916 226.76732678003373 -1 -1 -1 -1000 -1000 -1000 -10
52 9648 car 0 0 -1 607.6259163130381 162.52246887910235 791.1761912330679 299.7635456951058 -1 -1 -1 -1000 -1000 -1000 -10
53 9650 car 0 0 -1 566.9834690415792 182.3264360324888 626.8174311142698 225.81797952179875 -1 -1 -1 -1000 -1000 -1000 -10
53 9648 car 0 0 -1 602.6643843504963 163.0047582206755 775.2626238025301 293.5908514282508 -1 -1 -1 -1000 -1000 -1000 -10
54 9650 car 0 0 -1 562.7085217882286 179.69520591010158 621.1840649386929 223.89876524805416 -1 -1 -1 -1000 -1000 -1000 -10
54 9648 car 0 0 -1 598.5666529868662 166.01197185183864 760.840793182707 289.94024440558576 -1 -1 -1 -1000 -1000 -1000 -10
55 9650 car 0 0 -1 559.806222179449 181.16993913595655 616.1641099647298 224.7106434092052 -1 -1 -1 -1000 -1000 -1000 -10
55 9648 car 0 0 -1 593.5168666712366 168.15070745957956 746.912070463617 286.4522538938268 -1 -1 -1 -1000 -1000 -1000 -10
56 9659 car 0 0 -1 239.81776781464646 182.51779888416684 276.41815643191705 201.717284853982 -1 -1 -1 -1000 -1000 -1000 -10
56 9650 car 0 0 -1 558.1440201137019 183.78644554424574 611.954416541551 225.64266898487858 -1 -1 -1 -1000 -1000 -1000 -10
56 9648 car 0 0 -1 589.9964413965034 171.12315175716796 735.1527474561625 283.8064699598191 -1 -1 -1 -1000 -1000 -1000 -10
57 9659 car 0 0 -1 233.38631153626866 182.4834706542909 268.4055886353838 201.69628566841175 -1 -1 -1 -1000 -1000 -1000 -10
57 9650 car 0 0 -1 556.2914427151123 185.58522266053555 607.378413028396 225.8826934435768 -1 -1 -1 -1000 -1000 -1000 -10
57 9648 car 0 0 -1 586.1599143014408 172.26381027850562 723.1086935199959 281.00120467096633 -1 -1 -1 -1000 -1000 -1000 -10
58 9659 car 0 0 -1 228.70672460180072 182.26506559806504 264.3054205254424 201.8687451869034 -1 -1 -1 -1000 -1000 -1000 -10
58 9650 car 0 0 -1 554.7539488007678 185.35479058174974 604.880698557881 224.94412062846413 -1 -1 -1 -1000 -1000 -1000 -10
58 9648 car 0 0 -1 583.540083273715 172.8413707760032 712.8385210176016 276.683232606178 -1 -1 -1 -1000 -1000 -1000 -10
59 9661 car 0 0 -1 555.1833021163906 175.3913071696022 616.9872426557703 227.95610137065287 -1 -1 -1 -1000 -1000 -1000 -10
59 9660 car 0 0 -1 372.35455172128457 169.0504475043406 396.92109516319147 189.94960408954384 -1 -1 -1 -1000 -1000 -1000 -10
59 9659 car 0 0 -1 223.40628630842323 182.18901215673606 260.8078664671338 202.65305571025078 -1 -1 -1 -1000 -1000 -1000 -10
59 9650 car 0 0 -1 552.3243934529254 189.57634482362616 598.9202637085274 225.54188437403113 -1 -1 -1 -1000 -1000 -1000 -10
59 9648 car 0 0 -1 583.8486307385006 173.450265457209 704.6481241556239 272.8454968929654 -1 -1 -1 -1000 -1000 -1000 -10
60 9661 car 0 0 -1 555.1059140655047 179.08229388257627 616.3707191264505 227.4086877961596 -1 -1 -1 -1000 -1000 -1000 -10
60 9660 car 0 0 -1 371.3829081606519 169.8582457803447 394.2800462161492 189.7587480266081 -1 -1 -1 -1000 -1000 -1000 -10
60 9659 car 0 0 -1 220.61312115889217 181.30932168103413 259.7549405716779 202.3267874126542 -1 -1 -1 -1000 -1000 -1000 -10
60 9650 car 0 0 -1 552.4331813559693 191.3393320878031 596.615583910416 224.96474875129587 -1 -1 -1 -1000 -1000 -1000 -10
60 9648 car 0 0 -1 580.9885890715573 174.29964558318778 696.9035393557397 269.6112868506506 -1 -1 -1 -1000 -1000 -1000 -10
61 9661 car 0 0 -1 553.6983535634971 182.17125859176525 613.1442620840738 228.02009642941294 -1 -1 -1 -1000 -1000 -1000 -10
61 9660 car 0 0 -1 368.83429140759705 168.74679324527193 392.98655777646053 189.5682138258784 -1 -1 -1 -1000 -1000 -1000 -10
61 9659 car 0 0 -1 214.10900733765723 181.6839598120589 256.31712915307514 203.60969399988454 -1 -1 -1 -1000 -1000 -1000 -10
61 9650 car 0 0 -1 553.4104283724112 190.16143831705463 597.0829866697914 223.9772232916266 -1 -1 -1 -1000 -1000 -1000 -10
61 9648 car 0 0 -1 579.716346177986 175.50643047431083 689.7501626907476 266.98821872497837 -1 -1 -1 -1000 -1000 -1000 -10
62 9661 car 0 0 -1 551.8750191190715 185.52544733891557 604.8403803851485 226.36941814016927 -1 -1 -1 -1000 -1000 -1000 -10
62 9660 car 0 0 -1 366.25842048037316 167.17446430199774 391.6310050802491 187.82558746144727 -1 -1 -1 -1000 -1000 -1000 -10
62 9659 car 0 0 -1 209.0920127662619 179.80973360632532 254.0547623862922 202.64333039648278 -1 -1 -1 -1000 -1000 -1000 -10
62 9650 car 0 0 -1 549.1770142517199 193.20273086138542 585.1415968438718 224.04292709729611 -1 -1 -1 -1000 -1000 -1000 -10
62 9648 car 0 0 -1 576.2957757949681 176.86122147370014 682.2611186102821 264.5777379813859 -1 -1 -1 -1000 -1000 -1000 -10
63 9661 car 0 0 -1 549.8122530018093 188.11212532091008 597.2463392678226 224.17281847465392 -1 -1 -1 -1000 -1000 -1000 -10
63 9660 car 0 0 -1 361.41712007494516 166.77230457053014 386.8441250636213 187.1382201459943 -1 -1 -1 -1000 -1000 -1000 -10
63 9659 car 0 0 -1 201.0941680599267 178.81779281726318 248.93591826805397 203.26866702877487 -1 -1 -1 -1000 -1000 -1000 -10
63 9648 car 0 0 -1 571.8231907036646 177.74899854676886 674.1858741966063 262.1096552890491 -1 -1 -1 -1000 -1000 -1000 -10
64 9661 car 0 0 -1 547.0530011731843 188.26200910907727 590.5861913917128 221.23367536463178 -1 -1 -1 -1000 -1000 -1000 -10
64 9660 car 0 0 -1 358.3474932535694 166.86359188834405 383.9478188002322 187.4153941195907 -1 -1 -1 -1000 -1000 -1000 -10
64 9659 car 0 0 -1 192.91269659301724 179.37088410543635 239.87514412291154 203.93317327148515 -1 -1 -1 -1000 -1000 -1000 -10
64 9648 car 0 0 -1 568.6207515465223 176.98026562157884 667.4513978453306 259.13229569132943 -1 -1 -1 -1000 -1000 -1000 -10
65 9660 car 0 0 -1 354.78117502222466 168.36109070469575 379.4469964488865 188.83641769962236 -1 -1 -1 -1000 -1000 -1000 -10
65 9659 car 0 0 -1 183.74730381844793 180.8414192625787 231.66305918165702 205.59405610614454 -1 -1 -1 -1000 -1000 -1000 -10
65 9648 car 0 0 -1 565.9474313094524 178.5480203880782 660.4959769003813 258.21698355555645 -1 -1 -1 -1000 -1000 -1000 -10
66 9660 car 0 0 -1 350.08810363381144 171.19812219500787 375.3344907581692 192.51180830430408 -1 -1 -1 -1000 -1000 -1000 -10
66 9659 car 0 0 -1 172.68268674691245 184.58392234371286 225.3470210118253 209.6672562220145 -1 -1 -1 -1000 -1000 -1000 -10
66 9648 car 0 0 -1 564.1509263927877 181.51942197235635 654.707746579002 258.2156645557076 -1 -1 -1 -1000 -1000 -1000 -10
67 9659 car 0 0 -1 165.0839456796904 186.95764388205407 220.90116680602577 212.8490698999608 -1 -1 -1 -1000 -1000 -1000 -10
67 9648 car 0 0 -1 562.4407063287574 183.42534043949334 650.8829277963935 258.1857798788941 -1 -1 -1 -1000 -1000 -1000 -10
68 9659 car 0 0 -1 157.13377656903953 185.9318700900883 214.85533100127196 212.60845222441156 -1 -1 -1 -1000 -1000 -1000 -10
68 9648 car 0 0 -1 559.8504553738723 183.7938361177911 644.7629936488712 255.99711064089416 -1 -1 -1 -1000 -1000 -1000 -10
69 9660 car 0 0 -1 329.35410532577544 161.8707415322376 363.4974269771676 190.57050940670806 -1 -1 -1 -1000 -1000 -1000 -10
69 9659 car 0 0 -1 145.4544216126705 182.76841451148817 200.60538576181426 208.64561063982018 -1 -1 -1 -1000 -1000 -1000 -10
69 9648 car 0 0 -1 556.2300613295308 180.3288933777602 639.0894350561823 250.35394617307026 -1 -1 -1 -1000 -1000 -1000 -10
70 9660 car 0 0 -1 318.9676563595486 162.5090469627132 353.4063380287535 190.66481118697638 -1 -1 -1 -1000 -1000 -1000 -10
70 9659 car 0 0 -1 132.33352047237875 180.57968352986825 185.31399574783993 206.13360922320226 -1 -1 -1 -1000 -1000 -1000 -10
70 9648 car 0 0 -1 556.0515351600619 177.58050889998 636.259650107817 245.15379148234084 -1 -1 -1 -1000 -1000 -1000 -10
71 9660 car 0 0 -1 312.97325196862926 161.93505128826845 346.0990899571059 190.21925359134625 -1 -1 -1 -1000 -1000 -1000 -10
71 9648 car 0 0 -1 554.0887353995711 175.90276224127493 632.3487454843287 241.9532051214765 -1 -1 -1 -1000 -1000 -1000 -10
72 9660 car 0 0 -1 304.7953949852901 162.23322898988616 337.7436740065621 191.53914325854967 -1 -1 -1 -1000 -1000 -1000 -10
72 9648 car 0 0 -1 551.1268747645042 177.82813878227228 627.6642965533285 242.20240127572123 -1 -1 -1 -1000 -1000 -1000 -10
73 9660 car 0 0 -1 298.3241747491997 162.98277446495933 331.74767256357853 193.39634457602506 -1 -1 -1 -1000 -1000 -1000 -10
73 9648 car 0 0 -1 549.0273116583562 179.5583337897886 624.0345815628132 242.70773060707154 -1 -1 -1 -1000 -1000 -1000 -10
74 9670 car 0 0 -1 549.6713544726875 181.9085728412631 621.3877221012732 227.09119792916925 -1 -1 -1 -1000 -1000 -1000 -10
74 9659 car 0 0 -1 93.71947118056316 180.69249538195112 151.39361879880738 209.98013899303618 -1 -1 -1 -1000 -1000 -1000 -10
74 9648 car 0 0 -1 548.0730216498232 181.21715332969174 621.9267390990838 242.63873001323347 -1 -1 -1 -1000 -1000 -1000 -10
75 9659 car 0 0 -1 77.76052988305838 180.85862421410698 145.26956404940802 211.46204480540902 -1 -1 -1 -1000 -1000 -1000 -10
75 9648 car 0 0 -1 546.0706047732556 180.51894640109177 617.9372821387624 240.0970874137977 -1 -1 -1 -1000 -1000 -1000 -10
76 9659 car 0 0 -1 62.56810969837023 179.80480250325587 137.61671674069137 211.81214583011797 -1 -1 -1 -1000 -1000 -1000 -10
76 9648 car 0 0 -1 547.3286074919432 181.44145660108077 618.0411215459875 239.9729165594716 -1 -1 -1 -1000 -1000 -1000 -10
77 9660 car 0 0 -1 258.3755732165419 161.7273060161964 305.03557339476214 198.77254000012118 -1 -1 -1 -1000 -1000 -1000 -10
77 9659 car 0 0 -1 46.434304268329385 178.39728503571015 128.65140990885504 212.28528846013202 -1 -1 -1 -1000 -1000 -1000 -10
77 9648 car 0 0 -1 547.3702127641601 181.9213152428502 616.9037739815097 238.5575574952989 -1 -1 -1 -1000 -1000 -1000 -10
78 9672 car 0 0 -1 18.70929683472201 181.92134438637515 90.70541174521888 212.18355135040224 -1 -1 -1 -1000 -1000 -1000 -10
78 9660 car 0 0 -1 244.1910329621038 160.84430945257756 296.21756119508257 200.05914993774613 -1 -1 -1 -1000 -1000 -1000 -10
78 9659 car 0 0 -1 29.162511575059142 178.75013612166038 117.37311740887083 213.5298025680906 -1 -1 -1 -1000 -1000 -1000 -10
78 9648 car 0 0 -1 547.9302518427772 181.97396323227875 616.8948768900208 237.55799242482894 -1 -1 -1 -1000 -1000 -1000 -10
79 9660 car 0 0 -1 227.21114582634084 159.3667467421043 285.3262688608912 201.02676282486144 -1 -1 -1 -1000 -1000 -1000 -10
79 9659 car 0 0 -1 11.183459642164316 177.43755709989995 106.82933168056832 214.13109594000315 -1 -1 -1 -1000 -1000 -1000 -10
79 9648 car 0 0 -1 548.5464119667251 181.7133870264131 617.4278066422523 236.86456238157996 -1 -1 -1 -1000 -1000 -1000 -10
80 9660 car 0 0 -1 210.2488211044284 158.4793335006203 274.53775228119247 201.7143044614091 -1 -1 -1 -1000 -1000 -1000 -10
80 9659 car 0 0 -1 -0.881274019524426 176.7681663252937 94.98852886595279 214.5201020405127 -1 -1 -1 -1000 -1000 -1000 -10
80 9648 car 0 0 -1 549.0304988168479 182.0144395326118 616.9855749956042 236.2573100186234 -1 -1 -1 -1000 -1000 -1000 -10
81 9660 car 0 0 -1 188.65241121506205 156.8045276401801 258.6577393422968 202.65439718186005 -1 -1 -1 -1000 -1000 -1000 -10
81 9659 car 0 0 -1 -7.517105315253531 175.28331475153823 84.72010569540294 213.93004580560176 -1 -1 -1 -1000 -1000 -1000 -10
81 9648 car 0 0 -1 549.2118091471868 181.5068528244062 615.0945544217636 234.7426113494433 -1 -1 -1 -1000 -1000 -1000 -10
82 9660 car 0 0 -1 164.55974186717873 155.09468993818035 241.6383246937778 204.08230147794978 -1 -1 -1 -1000 -1000 -1000 -10
82 9659 car 0 0 -1 -11.585324054042772 175.04053901393092 73.88872892080259 214.0349086204431 -1 -1 -1 -1000 -1000 -1000 -10
82 9648 car 0 0 -1 550.3399585611545 182.09436418652626 614.8377271876001 235.3975495574265 -1 -1 -1 -1000 -1000 -1000 -10
83 9660 car 0 0 -1 137.7033740476573 154.76013814518785 223.45861159760238 207.5766296027636 -1 -1 -1 -1000 -1000 -1000 -10
83 9659 car 0 0 -1 -14.36982322951199 174.92323659478748 61.86822926014982 214.09992016403984 -1 -1 -1 -1000 -1000 -1000 -10
83 9648 car 0 0 -1 552.0756598362166 182.41558535695248 614.9355181361948 234.94335363773803 -1 -1 -1 -1000 -1000 -1000 -10
84 9660 car 0 0 -1 104.49868926707433 153.05858977944303 200.4102446147599 210.47222629899227 -1 -1 -1 -1000 -1000 -1000 -10
84 9659 car 0 0 -1 -16.622640794838745 174.24227348835416 48.03049349317948 213.45483114367738 -1 -1 -1 -1000 -1000 -1000 -10
84 9648 car 0 0 -1 555.3614333537869 182.32896623585864 616.4388438991948 233.715640657134 -1 -1 -1 -1000 -1000 -1000 -10
85 9660 car 0 0 -1 62.90374831324979 149.37700047548032 171.13079431909586 211.98199386056774 -1 -1 -1 -1000 -1000 -1000 -10
85 9648 car 0 0 -1 557.5341738452279 182.01511745820687 618.1932768258822 232.9177807312226 -1 -1 -1 -1000 -1000 -1000 -10
86 9660 DontCare 0 0 -1 22.13331745872692 146.49811619771748 140.17093071969066 213.37393549848963 -1 -1 -1 -1000 -1000 -1000 -10
86 9648 car 0 0 -1 558.68375776426 181.13790673814705 619.3111865902308 231.45422784565486 -1 -1 -1 -1000 -1000 -1000 -10
87 9660 DontCare 0 0 -1 -2.7319073424171947 144.030508818637 111.4049158102932 213.96773463178343 -1 -1 -1 -1000 -1000 -1000 -10
87 9648 car 0 0 -1 559.4092353955668 178.54898611192573 618.2436596442458 226.66620997586062 -1 -1 -1 -1000 -1000 -1000 -10
88 9674 car 0 0 -1 330.98633145936697 169.01513827740533 378.8313072219321 188.8325641018948 -1 -1 -1 -1000 -1000 -1000 -10
88 9660 DontCare 0 0 -1 -19.807635398183944 142.12146941862795 77.24247055444616 213.20821121749435 -1 -1 -1 -1000 -1000 -1000 -10
88 9648 car 0 0 -1 559.7473139072581 178.51212559660624 617.8662383112742 225.91261253490453 -1 -1 -1 -1000 -1000 -1000 -10
89 9648 car 0 0 -1 560.0471443358788 178.4562011588055 617.6344292619513 225.07514136482146 -1 -1 -1 -1000 -1000 -1000 -10
90 9678 car 0 0 -1 560.6836359143178 177.3510571746668 615.1986693968959 212.23724064414924 -1 -1 -1 -1000 -1000 -1000 -10
90 9677 car 0 0 -1 315.2115278197199 169.61688789866236 350.08301454166906 188.44188303587487 -1 -1 -1 -1000 -1000 -1000 -10
91 9677 car 0 0 -1 311.39313045582105 169.8940314279744 347.37320111171334 188.9979903072689 -1 -1 -1 -1000 -1000 -1000 -10
93 9678 car 0 0 -1 569.4026628656886 182.00805420293432 612.1004332976929 212.5492289909052 -1 -1 -1 -1000 -1000 -1000 -10
94 9678 car 0 0 -1 570.6413860047608 182.43832072686826 612.4371345906327 212.9466496094522 -1 -1 -1 -1000 -1000 -1000 -10
95 9678 car 0 0 -1 569.0007591543032 178.51610001573943 613.1515502390995 210.80267526209207 -1 -1 -1 -1000 -1000 -1000 -10
95 9677 car 0 0 -1 295.9657013822544 169.84382511036546 334.70259252177146 190.6005885349387 -1 -1 -1 -1000 -1000 -1000 -10
96 9678 car 0 0 -1 567.1734872977535 176.27856049511325 613.8889674912213 211.49654687735887 -1 -1 -1 -1000 -1000 -1000 -10
96 9677 car 0 0 -1 288.2358634234347 169.6571618623931 323.92934276011897 189.234923910652 -1 -1 -1 -1000 -1000 -1000 -10
97 9678 car 0 0 -1 566.4915510424328 175.13279620316663 614.8027690514643 213.4322361102654 -1 -1 -1 -1000 -1000 -1000 -10
97 9677 car 0 0 -1 281.946234094981 167.65960298302795 317.06328440091596 187.9468834302153 -1 -1 -1 -1000 -1000 -1000 -10
98 9678 car 0 0 -1 566.2325753484176 173.85900127956398 615.1130860137903 213.65605058580843 -1 -1 -1 -1000 -1000 -1000 -10
98 9677 car 0 0 -1 275.84688290411464 167.8100298110561 309.9456947742027 187.9325353366085 -1 -1 -1 -1000 -1000 -1000 -10
99 9678 car 0 0 -1 567.7339397202022 176.4391635043782 616.9429414010249 216.03326008243306 -1 -1 -1 -1000 -1000 -1000 -10
99 9677 car 0 0 -1 269.0347633755717 169.42739706094528 302.20874735027047 189.72166005727524 -1 -1 -1 -1000 -1000 -1000 -10
100 9678 car 0 0 -1 566.5617768629875 179.55554961806155 617.3344324997145 220.75137280137216 -1 -1 -1 -1000 -1000 -1000 -10
100 9677 car 0 0 -1 263.222148718049 170.27776795604635 299.6553801289471 192.1455490350406 -1 -1 -1 -1000 -1000 -1000 -10
101 9678 car 0 0 -1 567.1055563718928 180.04204868036652 617.1257321575697 221.1847253349573 -1 -1 -1 -1000 -1000 -1000 -10
101 9677 car 0 0 -1 254.60054733210723 171.23772127984307 290.29514435695523 193.7283274058761 -1 -1 -1 -1000 -1000 -1000 -10
102 9678 car 0 0 -1 568.9639577299142 179.67747615017248 617.3470441056095 218.54247211637392 -1 -1 -1 -1000 -1000 -1000 -10
102 9677 car 0 0 -1 247.8475642239216 172.49497190035683 285.3917831762832 195.38731975785205 -1 -1 -1 -1000 -1000 -1000 -10
103 9678 car 0 0 -1 569.194434933238 180.31186075342976 616.5533815543722 219.37081071435784 -1 -1 -1 -1000 -1000 -1000 -10
103 9677 car 0 0 -1 240.7864000204213 173.46513199327288 279.23572411594205 197.463629092302 -1 -1 -1 -1000 -1000 -1000 -10
104 9678 car 0 0 -1 569.3123765829314 180.44326929222362 616.8517323110773 219.7605248318998 -1 -1 -1 -1000 -1000 -1000 -10
105 9678 car 0 0 -1 569.3756455096972 179.08369044136444 616.9206986456951 217.34374221828116 -1 -1 -1 -1000 -1000 -1000 -10
106 9678 car 0 0 -1 569.6959195387701 177.9098660952133 616.6271256965001 215.0970420107212 -1 -1 -1 -1000 -1000 -1000 -10
107 9683 car 0 0 -1 253.4260611253688 172.76018455267229 298.45739033368335 199.12242639796506 -1 -1 -1 -1000 -1000 -1000 -10
107 9678 car 0 0 -1 569.8651711489996 177.8863879036625 615.7912642757202 216.43967592214332 -1 -1 -1 -1000 -1000 -1000 -10
108 9683 car 0 0 -1 247.3036311101229 173.9863268833781 292.45413411708125 200.1592944948762 -1 -1 -1 -1000 -1000 -1000 -10
108 9678 car 0 0 -1 571.0689295586914 175.61814704251802 616.2824153074783 213.3083711481814 -1 -1 -1 -1000 -1000 -1000 -10
109 9678 car 0 0 -1 572.3015346699735 174.72842771712783 616.9842176947773 211.49971822902592 -1 -1 -1 -1000 -1000 -1000 -10
109 9677 car 0 0 -1 187.82454757747578 176.2212721510311 238.27304926796975 201.90438720203576 -1 -1 -1 -1000 -1000 -1000 -10
110 9677 car 0 0 -1 173.5535870104184 175.62123790855674 228.7603068875376 202.1813015370489 -1 -1 -1 -1000 -1000 -1000 -10
111 9683 car 0 0 -1 220.4708810481384 174.61181599104393 269.65782199487194 201.99705082244154 -1 -1 -1 -1000 -1000 -1000 -10
111 9677 car 0 0 -1 158.90178743225684 176.4321697572457 219.86933762253787 203.18071616016974 -1 -1 -1 -1000 -1000 -1000 -10
112 9683 car 0 0 -1 207.15267318719978 175.84112596990823 258.70474711346804 203.29949875782106 -1 -1 -1 -1000 -1000 -1000 -10
112 9677 car 0 0 -1 140.80712950252712 176.96006248493657 208.6063246113892 205.91820119469574 -1 -1 -1 -1000 -1000 -1000 -10
113 9683 car 0 0 -1 195.6291374023779 177.3152607212976 251.2759626935909 206.13043298029578 -1 -1 -1 -1000 -1000 -1000 -10
113 9677 car 0 0 -1 128.74253244367125 177.84928321358439 200.90842590739967 207.53454420734664 -1 -1 -1 -1000 -1000 -1000 -10
114 9683 car 0 0 -1 182.64754153781985 177.92663667091585 243.15762515777004 208.39966467116017 -1 -1 -1 -1000 -1000 -1000 -10
114 9678 car 0 0 -1 577.2641454140224 178.80873956596713 621.2436569105881 215.7459009480704 -1 -1 -1 -1000 -1000 -1000 -10
115 9678 car 0 0 -1 577.541097284003 178.5496455558344 621.6844672896539 214.4133678128656 -1 -1 -1 -1000 -1000 -1000 -10
116 9678 car 0 0 -1 577.7907704909867 179.08006398310314 622.3255499811255 213.93623557514243 -1 -1 -1 -1000 -1000 -1000 -10
117 9683 car 0 0 -1 132.34078114684738 177.45108822824375 186.50486368150231 207.05448334555098 -1 -1 -1 -1000 -1000 -1000 -10
118 9687 car 0 0 -1 116.44272840156862 176.7461626826799 202.50436065384116 206.0196168337027 -1 -1 -1 -1000 -1000 -1000 -10
118 9683 car 0 0 -1 115.7456533302158 176.9594342623631 169.31991023243984 207.50786031497924 -1 -1 -1 -1000 -1000 -1000 -10
118 9677 car 0 0 -1 25.742152340697075 176.5160835411999 118.99700340892842 211.47063208147185 -1 -1 -1 -1000 -1000 -1000 -10
119 9687 car 0 0 -1 102.66949818992396 179.4093749942401 188.69653489235066 209.50666874175383 -1 -1 -1 -1000 -1000 -1000 -10
119 9677 car 0 0 -1 5.531268704622882 176.51590198971124 103.33499363992692 213.83547627799683 -1 -1 -1 -1000 -1000 -1000 -10
120 9677 car 0 0 -1 -6.992705129816827 178.75117392339627 85.48666733527294 217.68001644023246 -1 -1 -1 -1000 -1000 -1000 -10
121 9683 car 0 0 -1 57.8178664038381 186.0737652547873 115.82757918908362 218.19435304169616 -1 -1 -1 -1000 -1000 -1000 -10
121 9677 car 0 0 -1 -14.879031744103894 182.88862237859473 66.36408621912841 222.33310756563924 -1 -1 -1 -1000 -1000 -1000 -10
122 9689 car 0 0 -1 169.4283692695405 184.52450132814428 207.27968630417058 210.2985973948001 -1 -1 -1 -1000 -1000 -1000 -10
122 9678 car 0 0 -1 579.4931732157551 181.00673596966055 620.216988984448 215.9884497365328 -1 -1 -1 -1000 -1000 -1000 -10
123 9690 car 0 0 -1 113.71037649545545 178.73888655885202 197.23380974898376 211.73173937658095 -1 -1 -1 -1000 -1000 -1000 -10
123 9689 car 0 0 -1 144.32080441520003 179.85589184978312 194.74933869749856 210.77342781321096 -1 -1 -1 -1000 -1000 -1000 -10
123 9678 car 0 0 -1 579.7172416478978 180.48510987153028 619.7239466728839 215.31436097586865 -1 -1 -1 -1000 -1000 -1000 -10
124 9690 car 0 0 -1 93.24320358946069 177.19024024574253 183.32531366862753 212.2520271273708 -1 -1 -1 -1000 -1000 -1000 -10
124 9683 car 0 0 -1 23.200246300774623 180.8957190357002 94.46490061815051 217.91654143525346 -1 -1 -1 -1000 -1000 -1000 -10
124 9678 car 0 0 -1 579.8691642726033 180.6703085906438 619.4567735602279 215.98138948987645 -1 -1 -1 -1000 -1000 -1000 -10
125 9690 car 0 0 -1 72.29192307506602 178.29698266174591 166.18265440869237 214.14868593267175 -1 -1 -1 -1000 -1000 -1000 -10
125 9683 car 0 0 -1 4.032671313383702 180.4548395757032 78.62369624381162 219.59929589423814 -1 -1 -1 -1000 -1000 -1000 -10
125 9678 car 0 0 -1 579.5252780635585 180.46823660685686 619.0885068246876 215.8462886352674 -1 -1 -1 -1000 -1000 -1000 -10
126 9690 car 0 0 -1 51.91172024446847 180.2757712638952 149.06222906424318 216.8780880930837 -1 -1 -1 -1000 -1000 -1000 -10
126 9683 car 0 0 -1 -7.758076380146544 179.81087021165712 61.043439506248546 220.01385464549196 -1 -1 -1 -1000 -1000 -1000 -10
126 9678 car 0 0 -1 579.875367569136 180.67178987651715 619.1081850972753 215.50713925288613 -1 -1 -1 -1000 -1000 -1000 -10
127 9690 car 0 0 -1 26.646807306609702 180.62516610784368 127.78009534733823 218.81860637104361 -1 -1 -1 -1000 -1000 -1000 -10
127 9683 car 0 0 -1 -15.206157317247989 180.94924568182864 41.90348153220093 220.70972837058702 -1 -1 -1 -1000 -1000 -1000 -10
127 9678 car 0 0 -1 580.2462556101113 180.00108178365272 619.5196884622862 214.1607026580414 -1 -1 -1 -1000 -1000 -1000 -10
128 9690 car 0 0 -1 -0.7986899405147625 183.2921433987754 96.02393919124268 221.0895568706634 -1 -1 -1 -1000 -1000 -1000 -10
128 9678 car 0 0 -1 580.1716418006429 180.46091707994333 619.2263791856435 212.9324539454597 -1 -1 -1 -1000 -1000 -1000 -10
129 9690 car 0 0 -1 -10.302244263313959 182.00141831878761 88.78022874773083 224.08940948278564 -1 -1 -1 -1000 -1000 -1000 -10
129 9678 car 0 0 -1 580.371854067272 179.19719304854493 619.528132709322 211.9470042702381 -1 -1 -1 -1000 -1000 -1000 -10
130 9690 car 0 0 -1 -15.376026082558148 179.9501181234157 74.57971686002418 220.57918157761728 -1 -1 -1 -1000 -1000 -1000 -10
130 9678 car 0 0 -1 581.7302443221644 178.67021729177569 620.9621777921899 211.62613625707203 -1 -1 -1 -1000 -1000 -1000 -10
131 9690 car 0 0 -1 -18.992620368387104 179.44950577512304 57.15045376311299 218.9636860894209 -1 -1 -1 -1000 -1000 -1000 -10
131 9678 car 0 0 -1 582.5965035401687 178.42298471482096 622.4480439432418 211.56173266726663 -1 -1 -1 -1000 -1000 -1000 -10
132 9678 car 0 0 -1 583.2805665984181 178.77817075932543 623.2894828780734 211.75238746759564 -1 -1 -1 -1000 -1000 -1000 -10
133 9678 car 0 0 -1 583.6854603467444 178.94009928171232 624.0922834092986 211.80753997919908 -1 -1 -1 -1000 -1000 -1000 -10
134 9678 car 0 0 -1 584.8806714847188 178.00865430165888 625.288307313874 210.21706717456382 -1 -1 -1 -1000 -1000 -1000 -10
135 9691 car 0 0 -1 309.0608800924508 173.85293583108646 343.0084185828016 195.62905926261325 -1 -1 -1 -1000 -1000 -1000 -10
135 9678 car 0 0 -1 585.5664107717959 175.27676177463232 625.4812830195664 208.08350013011997 -1 -1 -1 -1000 -1000 -1000 -10
136 9691 car 0 0 -1 303.618905028993 173.1538335946443 337.82377673858105 195.68699610158876 -1 -1 -1 -1000 -1000 -1000 -10
136 9678 car 0 0 -1 586.8522311620608 173.75936780914344 625.803578686783 206.4674552337401 -1 -1 -1 -1000 -1000 -1000 -10
137 9691 car 0 0 -1 295.45323315424724 171.81779208770678 331.183364158231 194.6159785501647 -1 -1 -1 -1000 -1000 -1000 -10
137 9678 car 0 0 -1 587.6817580758798 172.65304253962333 626.2053547321964 204.4551563375127 -1 -1 -1 -1000 -1000 -1000 -10
138 9691 car 0 0 -1 288.53437780823776 171.43104667785983 325.1065547065152 194.2885015119223 -1 -1 -1 -1000 -1000 -1000 -10
138 9678 car 0 0 -1 589.1808022617004 172.4054418231797 627.099226728966 203.55527444907185 -1 -1 -1 -1000 -1000 -1000 -10
139 9691 car 0 0 -1 279.7857212500736 172.2655625799414 318.6561372699341 196.10979729957768 -1 -1 -1 -1000 -1000 -1000 -10
139 9678 car 0 0 -1 588.6699096185034 172.74576700402673 626.5239179245552 204.77806959799454 -1 -1 -1 -1000 -1000 -1000 -10
140 9691 car 0 0 -1 270.65455692186475 176.7382126140344 309.80069642787265 200.94257862950997 -1 -1 -1 -1000 -1000 -1000 -10
140 9678 car 0 0 -1 588.4177831972167 177.36743653482782 626.9817613101652 209.27470197940076 -1 -1 -1 -1000 -1000 -1000 -10
141 9691 car 0 0 -1 260.1292971523477 179.087141171449 297.99636263603236 203.31991512777154 -1 -1 -1 -1000 -1000 -1000 -10
141 9678 car 0 0 -1 588.090314552066 179.79161961058466 628.0100607187851 211.63637431407548 -1 -1 -1 -1000 -1000 -1000 -10
142 9691 car 0 0 -1 249.38783614433595 179.79827252825956 284.9170630244526 203.6028638420169 -1 -1 -1 -1000 -1000 -1000 -10
142 9678 car 0 0 -1 587.0606467233179 179.54753245431758 627.9710393026717 210.42784027044084 -1 -1 -1 -1000 -1000 -1000 -10
143 9678 car 0 0 -1 587.2327457322364 179.3061366153266 628.020284350186 210.10768351964597 -1 -1 -1 -1000 -1000 -1000 -10
