0 11634 car 0 0 -1 0.0 188.0 33.0 247.0 -1 -1 -1 -1000 -1000 -1000 -10
0 11633 car 0 0 -1 0.0 188.0 32.0 226.0 -1 -1 -1 -1000 -1000 -1000 -10
0 11632 car 0 0 -1 348.0 181.0 391.0 209.0 -1 -1 -1 -1000 -1000 -1000 -10
0 11631 car 0 0 -1 608.0 175.0 684.0 237.0 -1 -1 -1 -1000 -1000 -1000 -10
0 11630 car 0 0 -1 424.0 180.0 461.0 202.0 -1 -1 -1 -1000 -1000 -1000 -10
1 11632 car 0 0 -1 338.5768508791948 179.29490756213272 383.42484708325026 209.7051923180111 -1 -1 -1 -1000 -1000 -1000 -10
1 11631 car 0 0 -1 600.2400215566419 174.80939292899686 677.7613767653717 237.19060707100314 -1 -1 -1 -1000 -1000 -1000 -10
1 11630 car 0 0 -1 414.1404368845681 180.58727346790545 453.861261077877 206.4122271313754 -1 -1 -1 -1000 -1000 -1000 -10
2 11632 car 0 0 -1 327.3949601130351 179.73458631061536 375.7240335433011 212.03010072166816 -1 -1 -1 -1000 -1000 -1000 -10
2 11631 car 0 0 -1 596.8319155742533 175.75976213705582 674.6983754085843 238.122543174158 -1 -1 -1 -1000 -1000 -1000 -10
2 11630 car 0 0 -1 404.55452874729997 182.12572858784907 446.4467702202501 209.8738893628715 -1 -1 -1 -1000 -1000 -1000 -10
3 11632 car 0 0 -1 313.228423800536 181.46655031296828 365.77977796769915 215.89481192788102 -1 -1 -1 -1000 -1000 -1000 -10
3 11631 car 0 0 -1 594.298185624657 178.5596628480983 670.4954778756721 239.891620687486 -1 -1 -1 -1000 -1000 -1000 -10
3 11630 car 0 0 -1 393.64319994836285 183.10305939419388 442.05169862829496 216.43797290259076 -1 -1 -1 -1000 -1000 -1000 -10
4 11632 car 0 0 -1 298.55569794694793 181.2750734817683 357.01945035290373 218.9943761286067 -1 -1 -1 -1000 -1000 -1000 -10
4 11631 car 0 0 -1 590.2664751265556 179.3464187783036 666.8427786250195 240.9899639516583 -1 -1 -1 -1000 -1000 -1000 -10
4 11630 car 0 0 -1 379.94685611475956 182.35330006816838 434.4908694043932 218.92617370344908 -1 -1 -1 -1000 -1000 -1000 -10
5 11632 car 0 0 -1 279.0229392579035 181.85181167353488 342.2580996455392 222.09406634775905 -1 -1 -1 -1000 -1000 -1000 -10
5 11631 car 0 0 -1 588.5066969189083 179.32848424522763 665.1075400617558 240.70929170005752 -1 -1 -1 -1000 -1000 -1000 -10
5 11630 car 0 0 -1 360.28125599239087 183.96496876037997 420.3021455418744 224.23771785116418 -1 -1 -1 -1000 -1000 -1000 -10
6 11632 car 0 0 -1 258.6907052811238 183.43752172312136 327.9738337596338 226.5647433912533 -1 -1 -1 -1000 -1000 -1000 -10
6 11631 car 0 0 -1 586.5517790373541 179.53096641042006 661.2370119442274 240.29236502106247 -1 -1 -1 -1000 -1000 -1000 -10
6 11630 car 0 0 -1 340.007425533972 184.23127692738788 408.7795011627317 228.9064307216407 -1 -1 -1 -1000 -1000 -1000 -10
7 11632 car 0 0 -1 232.61306090311038 186.72588208818587 309.00416883359367 232.88923426542624 -1 -1 -1 -1000 -1000 -1000 -10
7 11631 car 0 0 -1 583.5385317805635 180.829685442817 656.93147211375 240.93081228717207 -1 -1 -1 -1000 -1000 -1000 -10
7 11630 car 0 0 -1 311.7451563178674 186.90957542722103 391.4398700559629 236.074861089397 -1 -1 -1 -1000 -1000 -1000 -10
8 11632 car 0 0 -1 201.25074906431246 187.93515749919985 284.3125462165533 236.99019235432226 -1 -1 -1 -1000 -1000 -1000 -10
8 11631 car 0 0 -1 581.3920454770091 182.01618372667969 653.989913749374 241.74811052260293 -1 -1 -1 -1000 -1000 -1000 -10
8 11630 car 0 0 -1 271.6217113583048 188.61497818412707 367.63458444091503 243.83323085057705 -1 -1 -1 -1000 -1000 -1000 -10
9 11632 car 0 0 -1 161.52074847462615 188.93113252026296 250.710491507739 241.77892919749314 -1 -1 -1 -1000 -1000 -1000 -10
9 11631 car 0 0 -1 580.0468062752592 182.311860684358 651.7186615164959 241.44035356378254 -1 -1 -1 -1000 -1000 -1000 -10
9 11630 car 0 0 -1 251.3112827970345 191.31992080604672 346.2430284757235 249.06064652187152 -1 -1 -1 -1000 -1000 -1000 -10
10 11640 DontCare 0 0 -1 1017.9860473615532 35.56435369678722 1244.7184169489315 193.49457005746177 -1 -1 -1 -1000 -1000 -1000 -10
10 11631 car 0 0 -1 579.0459633445383 181.46138461907324 650.292999188271 240.87923187735393 -1 -1 -1 -1000 -1000 -1000 -10
11 11642 car 0 0 -1 1.5935847786673918 186.95369799076474 229.23964565605985 298.5744535161082 -1 -1 -1 -1000 -1000 -1000 -10
11 11640 DontCare 0 0 -1 1033.1507459999193 35.703733300036575 1245.694031080288 189.64712673827114 -1 -1 -1 -1000 -1000 -1000 -10
11 11631 car 0 0 -1 576.0771843474062 180.73555343944594 646.5730731593595 239.69513541509122 -1 -1 -1 -1000 -1000 -1000 -10
12 11642 car 0 0 -1 -34.29370961872613 195.7024605708479 154.43556345203797 306.0074992673323 -1 -1 -1 -1000 -1000 -1000 -10
12 11640 DontCare 0 0 -1 1049.8068081472265 37.227147650470656 1247.2525418037562 188.02630796442946 -1 -1 -1 -1000 -1000 -1000 -10
12 11631 car 0 0 -1 574.1684287116271 180.54996777119325 643.5326671369602 239.1342707315341 -1 -1 -1 -1000 -1000 -1000 -10
13 11640 DontCare 0 0 -1 1066.1810087205731 38.524824582315986 1248.1856643865267 186.07283030739524 -1 -1 -1 -1000 -1000 -1000 -10
13 11631 car 0 0 -1 572.280030912 180.84343737889213 640.4595822907277 238.54000919938784 -1 -1 -1 -1000 -1000 -1000 -10
14 11645 car 0 0 -1 500.4899522043638 175.2713057374397 573.6841367197806 206.14054926345605 -1 -1 -1 -1000 -1000 -1000 -10
14 11640 DontCare 0 0 -1 1085.257740767752 39.81165099775484 1249.7215055487738 183.93446117257272 -1 -1 -1 -1000 -1000 -1000 -10
14 11631 car 0 0 -1 569.8432466513908 179.93405317916475 637.266780204358 237.33894606581967 -1 -1 -1 -1000 -1000 -1000 -10
15 11648 car 0 0 -1 497.3400744786608 173.8204207368491 554.4843232118336 200.8870235580149 -1 -1 -1 -1000 -1000 -1000 -10
15 11645 car 0 0 -1 495.46821074289727 174.1277331890979 572.8058410684584 204.57542979420447 -1 -1 -1 -1000 -1000 -1000 -10
15 11631 car 0 0 -1 567.6838199662736 178.6241955201812 634.2042167690345 235.2074937778954 -1 -1 -1 -1000 -1000 -1000 -10
16 11648 car 0 0 -1 501.2231594705922 173.1552030613497 546.3485465512775 191.3974960393357 -1 -1 -1 -1000 -1000 -1000 -10
16 11645 car 0 0 -1 491.45795792488394 174.33217677190783 569.6291466987698 204.61438983643956 -1 -1 -1 -1000 -1000 -1000 -10
16 11631 car 0 0 -1 566.5508294884017 177.1664603840866 631.5844819848984 233.39423226009322 -1 -1 -1 -1000 -1000 -1000 -10
17 11645 car 0 0 -1 505.7563764310355 170.27113390750898 571.6503601191641 193.3570122223655 -1 -1 -1 -1000 -1000 -1000 -10
17 11631 car 0 0 -1 564.4829108625275 177.3250472339735 628.4788342069565 233.32729001128243 -1 -1 -1 -1000 -1000 -1000 -10
18 11645 car 0 0 -1 512.4120244151111 171.75508104664254 567.6248743731182 191.2016962988556 -1 -1 -1 -1000 -1000 -1000 -10
18 11631 car 0 0 -1 561.2446868844087 178.33594106064723 625.3473606761287 233.6823511558397 -1 -1 -1 -1000 -1000 -1000 -10
19 11631 car 0 0 -1 559.7029813165082 178.37317458861347 623.3472195774718 233.52124173967573 -1 -1 -1 -1000 -1000 -1000 -10
20 11631 car 0 0 -1 558.8982966044201 178.62774765910922 621.6788529680992 233.8855915895739 -1 -1 -1 -1000 -1000 -1000 -10
21 11631 car 0 0 -1 558.3596247085754 179.15533045462104 620.796086030723 234.25624754544657 -1 -1 -1 -1000 -1000 -1000 -10
22 11631 car 0 0 -1 558.7724628891584 179.20590438552782 620.6585850389548 233.89750612237648 -1 -1 -1 -1000 -1000 -1000 -10
23 11631 car 0 0 -1 559.0731211510343 179.4721697119329 620.6085240784254 234.17253634961799 -1 -1 -1 -1000 -1000 -1000 -10
24 11631 car 0 0 -1 559.812147101394 179.68328814587775 620.7496886121392 233.51621377489388 -1 -1 -1 -1000 -1000 -1000 -10
25 11631 car 0 0 -1 560.1746369640786 178.87117268518344 620.8381491191632 233.5084677877999 -1 -1 -1 -1000 -1000 -1000 -10
26 11631 car 0 0 -1 561.7335209590034 178.2255771275067 622.1686566102168 233.19377358862096 -1 -1 -1 -1000 -1000 -1000 -10
27 11631 car 0 0 -1 563.0574265343097 177.26502519222237 623.3375878208877 232.4895993083095 -1 -1 -1 -1000 -1000 -1000 -10
28 11631 car 0 0 -1 564.0880571341612 176.21203012145023 623.979325178347 231.61391681652898 -1 -1 -1 -1000 -1000 -1000 -10
29 11631 car 0 0 -1 565.0521915651274 174.29878670615858 624.3630383950514 229.5428892406626 -1 -1 -1 -1000 -1000 -1000 -10
30 11631 car 0 0 -1 566.3364211619486 172.84962884399442 625.5998963634528 228.848075181188 -1 -1 -1 -1000 -1000 -1000 -10
31 11631 car 0 0 -1 567.5173377922807 172.6404998966136 626.721903323575 228.92557075437006 -1 -1 -1 -1000 -1000 -1000 -10
32 11631 car 0 0 -1 568.6395627980373 173.8274102990983 627.8089168193821 230.3313290464568 -1 -1 -1 -1000 -1000 -1000 -10
33 11631 car 0 0 -1 569.7480969157986 174.5322287909067 628.864683386594 230.63468381292404 -1 -1 -1 -1000 -1000 -1000 -10
34 11631 car 0 0 -1 571.4777038612847 175.71016062996327 630.5802294741079 231.8150067046985 -1 -1 -1 -1000 -1000 -1000 -10
35 11631 car 0 0 -1 572.601798109997 175.51313478171775 631.4190890393567 231.6110946180635 -1 -1 -1 -1000 -1000 -1000 -10
36 11631 car 0 0 -1 573.2703692713978 174.41134710417705 632.1423960867226 229.95421205196837 -1 -1 -1 -1000 -1000 -1000 -10
37 11631 car 0 0 -1 573.7887178638824 173.44644484789876 632.1416164446829 228.5753180437984 -1 -1 -1 -1000 -1000 -1000 -10
38 11631 car 0 0 -1 575.1868521106071 173.16365151998107 632.8862653996587 227.9846184716031 -1 -1 -1 -1000 -1000 -1000 -10
39 11631 car 0 0 -1 575.9984140165421 173.9506505226943 633.5258846419994 228.84485517040522 -1 -1 -1 -1000 -1000 -1000 -10
40 11631 car 0 0 -1 576.4889401884234 173.95489451776834 634.2199599011965 229.48319792696063 -1 -1 -1 -1000 -1000 -1000 -10
41 11631 car 0 0 -1 576.4601273765379 174.13486645813396 634.0239771929873 229.5593246150271 -1 -1 -1 -1000 -1000 -1000 -10
42 11631 car 0 0 -1 576.4708002619561 174.69058896698755 633.9067657568567 229.76349378796988 -1 -1 -1 -1000 -1000 -1000 -10
43 11631 car 0 0 -1 576.9369542750914 174.69314112580355 634.0343855536149 230.05680192536397 -1 -1 -1 -1000 -1000 -1000 -10
44 11631 car 0 0 -1 577.1619816910625 175.29432622289323 634.01709143721 230.87900285778494 -1 -1 -1 -1000 -1000 -1000 -10
45 11631 car 0 0 -1 577.2700227455153 175.6710152268209 633.9705838186893 231.6979471731158 -1 -1 -1 -1000 -1000 -1000 -10
46 11631 DontCare 0 0 -1 577.3426669253711 176.00874552908255 633.9051150547991 231.81230125989083 -1 -1 -1 -1000 -1000 -1000 -10
47 11631 car 0 0 -1 577.1978043119905 175.52381102014832 633.3848836913735 231.15869166511735 -1 -1 -1 -1000 -1000 -1000 -10
48 11631 car 0 0 -1 576.0854457062259 175.17470274752026 632.27316379153 230.4195103245288 -1 -1 -1 -1000 -1000 -1000 -10
49 11631 car 0 0 -1 576.1235254824561 175.1117031808479 632.0362229638098 230.0698436589167 -1 -1 -1 -1000 -1000 -1000 -10
50 11631 car 0 0 -1 576.4555868272596 175.99149432663415 631.6257412031043 230.99509365906152 -1 -1 -1 -1000 -1000 -1000 -10
51 11631 car 0 0 -1 575.7818305841071 176.76808164513557 630.9615340595116 231.55757690434604 -1 -1 -1 -1000 -1000 -1000 -10
52 11631 car 0 0 -1 575.3290049427518 175.98368715823864 630.2532850022163 230.88744994684208 -1 -1 -1 -1000 -1000 -1000 -10
53 11631 car 0 0 -1 574.7453682044347 175.93664665346492 629.7467210649834 230.3784184170366 -1 -1 -1 -1000 -1000 -1000 -10
54 11631 car 0 0 -1 574.5153942627373 175.81174107680104 629.5693808058982 229.6388159647597 -1 -1 -1 -1000 -1000 -1000 -10
55 11631 car 0 0 -1 573.1168930891794 175.21493690171124 628.2096324868779 228.60311909536162 -1 -1 -1 -1000 -1000 -1000 -10
56 11631 car 0 0 -1 571.9261496769067 173.9443201973404 627.0590988364405 227.30009750457123 -1 -1 -1 -1000 -1000 -1000 -10
57 11631 car 0 0 -1 570.4460960282217 173.48171013731417 625.0567270831436 226.79628497122133 -1 -1 -1 -1000 -1000 -1000 -10
58 11631 car 0 0 -1 568.124483745302 174.60334063951194 623.4694185117766 227.93481055769593 -1 -1 -1 -1000 -1000 -1000 -10
59 11631 car 0 0 -1 566.9495829884544 177.93284103879355 622.5409570910077 230.69956370554033 -1 -1 -1 -1000 -1000 -1000 -10
60 11631 car 0 0 -1 565.4506544605017 181.35395013123264 620.6691672548322 232.85657121608847 -1 -1 -1 -1000 -1000 -1000 -10
61 11631 car 0 0 -1 564.3211865467953 181.27036171791747 619.2569943446921 232.42832603074316 -1 -1 -1 -1000 -1000 -1000 -10
62 11631 car 0 0 -1 563.306880578548 176.90267505956874 618.0492774116304 228.08855212448046 -1 -1 -1 -1000 -1000 -1000 -10
63 11631 car 0 0 -1 563.1673172022283 171.96260324982367 618.0497388621393 223.18313699648795 -1 -1 -1 -1000 -1000 -1000 -10
64 11631 car 0 0 -1 562.4603644691153 170.08843662951347 617.4485915751757 221.3375461442575 -1 -1 -1 -1000 -1000 -1000 -10
65 11631 car 0 0 -1 562.1890132143111 173.49534540944387 617.2713632311066 225.04446633105118 -1 -1 -1 -1000 -1000 -1000 -10
66 11659 car 0 0 -1 1093.7214512887222 166.48623572925538 1175.5830108070827 200.63950253869638 -1 -1 -1 -1000 -1000 -1000 -10
66 11631 car 0 0 -1 561.7275045258173 176.80441716750585 616.3030418084811 227.73169101603588 -1 -1 -1 -1000 -1000 -1000 -10
67 11659 car 0 0 -1 1111.0068619398967 167.52878147849822 1206.7356958641267 200.83268112518726 -1 -1 -1 -1000 -1000 -1000 -10
67 11631 car 0 0 -1 561.9406718136986 177.52391515482248 615.5918886878776 227.9911600184859 -1 -1 -1 -1000 -1000 -1000 -10
68 11631 car 0 0 -1 561.9177854069684 176.29028219028052 615.4694980850758 226.98118413782075 -1 -1 -1 -1000 -1000 -1000 -10
69 11631 car 0 0 -1 562.6041271614959 175.59085127332645 616.0747865813364 226.1741512212722 -1 -1 -1 -1000 -1000 -1000 -10
70 11659 car 0 0 -1 1162.272630016693 166.53467462472835 1239.382305505427 198.17348301472995 -1 -1 -1 -1000 -1000 -1000 -10
70 11631 car 0 0 -1 562.8988411838147 174.5045460933671 616.3061240580384 224.7336849795283 -1 -1 -1 -1000 -1000 -1000 -10
71 11661 car 0 0 -1 487.8641198945017 178.6888854275972 515.6071173197782 198.25234363786558 -1 -1 -1 -1000 -1000 -1000 -10
71 11659 car 0 0 -1 1183.884575048809 167.77845539945093 1251.4439791308673 198.8959275248979 -1 -1 -1 -1000 -1000 -1000 -10
71 11631 car 0 0 -1 563.035715644768 173.50373136280172 616.3986371503262 223.4787541105839 -1 -1 -1 -1000 -1000 -1000 -10
72 11662 car 0 0 -1 540.9702696967954 174.6514575781805 566.7947229749116 194.93668742092376 -1 -1 -1 -1000 -1000 -1000 -10
72 11661 car 0 0 -1 481.8193781009637 179.89894764241478 511.7761516846514 201.29152654974786 -1 -1 -1 -1000 -1000 -1000 -10
72 11631 car 0 0 -1 563.1099785810442 174.29404332527625 616.4372990411563 223.80669087547537 -1 -1 -1 -1000 -1000 -1000 -10
73 11662 car 0 0 -1 539.4354295819759 174.99214575159152 566.5377745741374 195.6105259559708 -1 -1 -1 -1000 -1000 -1000 -10
73 11661 car 0 0 -1 474.1934094070018 181.7478380841061 505.60079483171205 204.43050046327187 -1 -1 -1 -1000 -1000 -1000 -10
73 11631 car 0 0 -1 563.6163698581734 174.87180140611085 616.6497400283617 224.32294278351438 -1 -1 -1 -1000 -1000 -1000 -10
74 11662 car 0 0 -1 536.7566486282188 176.08463379821686 566.4862772728112 198.5315454350288 -1 -1 -1 -1000 -1000 -1000 -10
74 11661 car 0 0 -1 466.3639118431857 182.9671894073029 499.3656486642113 206.84872519972316 -1 -1 -1 -1000 -1000 -1000 -10
74 11631 car 0 0 -1 563.872227518458 174.9178644946153 616.6865676535899 224.05098987369536 -1 -1 -1 -1000 -1000 -1000 -10
75 11662 car 0 0 -1 530.9419100477205 178.1181369706977 561.9374862186714 200.55777946204702 -1 -1 -1 -1000 -1000 -1000 -10
75 11661 car 0 0 -1 454.9553512197029 183.68260025350537 490.95251869661655 210.05257605556426 -1 -1 -1 -1000 -1000 -1000 -10
75 11631 car 0 0 -1 564.0037420398464 174.72070833555355 616.6826130711361 224.17159140725775 -1 -1 -1 -1000 -1000 -1000 -10
76 11662 car 0 0 -1 526.6278193934937 178.3719516162632 558.6457772514328 201.5051119834047 -1 -1 -1 -1000 -1000 -1000 -10
76 11661 car 0 0 -1 441.5707377029225 184.63381270745975 482.6786065044701 214.50056833611217 -1 -1 -1 -1000 -1000 -1000 -10
76 11631 car 0 0 -1 564.2641922353364 174.77572569409588 617.1378809582732 224.749327343693 -1 -1 -1 -1000 -1000 -1000 -10
77 11662 car 0 0 -1 521.0548656773076 179.15677790559357 554.1068006628329 203.08000969712367 -1 -1 -1 -1000 -1000 -1000 -10
77 11661 car 0 0 -1 434.92846412522016 187.7304722205953 476.0277951342486 217.98637781219765 -1 -1 -1 -1000 -1000 -1000 -10
77 11631 car 0 0 -1 564.3353979352696 174.7069597114031 617.3502703985989 225.06565302267262 -1 -1 -1 -1000 -1000 -1000 -10
78 11662 car 0 0 -1 513.8326742653559 181.92651061567122 549.0233552022038 207.88846957521625 -1 -1 -1 -1000 -1000 -1000 -10
78 11661 car 0 0 -1 412.80331545041497 189.56128952421463 462.0949696124353 224.4927818403501 -1 -1 -1 -1000 -1000 -1000 -10
78 11631 car 0 0 -1 564.6277311531505 177.50876777603222 617.1748686576852 227.58695060204283 -1 -1 -1 -1000 -1000 -1000 -10
79 11662 car 0 0 -1 506.7164608561725 186.4325843991951 544.4627697826052 214.83374493300494 -1 -1 -1 -1000 -1000 -1000 -10
79 11661 car 0 0 -1 388.8988290794825 195.4427665110051 445.7925367756763 234.2809975363982 -1 -1 -1 -1000 -1000 -1000 -10
79 11631 car 0 0 -1 565.9368684865674 180.4859597160067 617.8768634926698 229.2399970649328 -1 -1 -1 -1000 -1000 -1000 -10
80 11662 car 0 0 -1 497.88920992761257 188.91030685866934 539.1967600250686 220.45308906084404 -1 -1 -1 -1000 -1000 -1000 -10
80 11661 car 0 0 -1 358.8319901177753 198.31693654488132 425.59717181396314 241.69717879673405 -1 -1 -1 -1000 -1000 -1000 -10
80 11631 car 0 0 -1 566.5539505976325 182.6751302850396 618.0275759093455 230.7505209855753 -1 -1 -1 -1000 -1000 -1000 -10
81 11662 car 0 0 -1 486.13036237132394 189.4876108647452 532.0051325544714 224.0270902065597 -1 -1 -1 -1000 -1000 -1000 -10
81 11661 car 0 0 -1 320.5195029089645 201.25136940660798 400.1111260136302 251.0030625691707 -1 -1 -1 -1000 -1000 -1000 -10
81 11631 car 0 0 -1 566.8688489238223 182.49272991272468 618.0037731586485 230.35062496792833 -1 -1 -1 -1000 -1000 -1000 -10
82 11662 car 0 0 -1 471.0524212011815 190.232464041079 523.0618098382944 229.2895843782811 -1 -1 -1 -1000 -1000 -1000 -10
82 11661 car 0 0 -1 268.8018150113251 203.81638104541128 367.94251476867004 263.3655555853451 -1 -1 -1 -1000 -1000 -1000 -10
82 11631 car 0 0 -1 567.2340179040585 182.4418930349022 618.4001003996683 230.14970947156485 -1 -1 -1 -1000 -1000 -1000 -10
83 11662 car 0 0 -1 452.7717692565056 190.41401003098747 512.8515652241007 234.48212782807832 -1 -1 -1 -1000 -1000 -1000 -10
83 11661 car 0 0 -1 192.12185438078785 208.67400743768047 322.4110183171949 283.6563863516555 -1 -1 -1 -1000 -1000 -1000 -10
83 11631 car 0 0 -1 567.8161067833109 182.16765772162964 618.7567984395541 230.30172984145221 -1 -1 -1 -1000 -1000 -1000 -10
84 11662 car 0 0 -1 426.3345867661928 191.51535827478102 498.6354793133243 243.79996558755556 -1 -1 -1 -1000 -1000 -1000 -10
84 11631 car 0 0 -1 568.0799616128206 179.82315546654408 618.8438856682351 228.00534347994872 -1 -1 -1 -1000 -1000 -1000 -10
85 11671 car 0 0 -1 836.3769648448967 155.88323201835368 876.5037586647466 180.3525394084981 -1 -1 -1 -1000 -1000 -1000 -10
85 11662 car 0 0 -1 387.3439638850926 191.9160982416317 478.6697137093568 257.0178693204656 -1 -1 -1 -1000 -1000 -1000 -10
85 11631 car 0 0 -1 568.2061846763121 177.60959492888523 618.8439342936455 225.8298761849604 -1 -1 -1 -1000 -1000 -1000 -10
86 11662 car 0 0 -1 325.07799757205385 196.47558885674462 446.9531874204547 280.4110554645389 -1 -1 -1 -1000 -1000 -1000 -10
86 11631 car 0 0 -1 568.2771111582757 177.03882909111041 618.8138747786273 224.733833839758 -1 -1 -1 -1000 -1000 -1000 -10
87 11631 car 0 0 -1 568.5044988413903 177.75276525408077 619.2482842044573 225.35488250813768 -1 -1 -1 -1000 -1000 -1000 -10
88 11661 car 0 0 -1 47.22930519074231 211.30398248902014 316.6370684894203 361.8601532209413 -1 -1 -1 -1000 -1000 -1000 -10
88 11631 car 0 0 -1 568.8284324503688 178.5135151477664 619.1685739111524 225.7629481001616 -1 -1 -1 -1000 -1000 -1000 -10
89 11631 car 0 0 -1 568.7421790916243 178.860968054621 619.3397551863876 225.86372593341858 -1 -1 -1 -1000 -1000 -1000 -10
90 11631 car 0 0 -1 568.4708445192013 179.03731425208088 618.9827600786138 225.85914490331135 -1 -1 -1 -1000 -1000 -1000 -10
91 11631 car 0 0 -1 567.9094553425111 178.66598100178476 618.6464067894563 225.6432092800759 -1 -1 -1 -1000 -1000 -1000 -10
92 11631 car 0 0 -1 568.122824121372 177.65986400244682 618.7417289917042 224.46838995689197 -1 -1 -1 -1000 -1000 -1000 -10
93 11631 car 0 0 -1 567.7532784450734 176.84001162621416 618.5734020052732 223.81196394851253 -1 -1 -1 -1000 -1000 -1000 -10
94 11631 car 0 0 -1 567.3915440031947 177.62528772790353 618.0762617684109 224.4349007986454 -1 -1 -1 -1000 -1000 -1000 -10
95 11631 car 0 0 -1 567.4659466248218 178.60531309303582 618.329225512319 225.30487379123315 -1 -1 -1 -1000 -1000 -1000 -10
96 11631 car 0 0 -1 566.8095293801135 178.99714550354022 617.8053629421041 225.6192364284548 -1 -1 -1 -1000 -1000 -1000 -10
97 11631 car 0 0 -1 565.6035640081598 179.3361857577985 617.259569027691 226.20083703469714 -1 -1 -1 -1000 -1000 -1000 -10
98 11631 car 0 0 -1 564.573418515637 177.92712104497093 616.9779892025289 224.69178483204894 -1 -1 -1 -1000 -1000 -1000 -10
99 11631 car 0 0 -1 563.677578411286 176.76071975113646 616.0801949647314 223.44420888867197 -1 -1 -1 -1000 -1000 -1000 -10
100 11631 car 0 0 -1 562.8671509543744 176.70914751166887 615.5705720310366 223.8930403147635 -1 -1 -1 -1000 -1000 -1000 -10
101 11631 car 0 0 -1 562.1446774070386 178.38432041852892 614.5032192621344 225.6440365041643 -1 -1 -1 -1000 -1000 -1000 -10
102 11631 car 0 0 -1 561.9435446924333 180.1236918996883 614.0450708992005 227.168703461623 -1 -1 -1 -1000 -1000 -1000 -10
103 11677 car 0 0 -1 530.9962045527063 179.40292899464177 561.7318562241057 198.04745532463963 -1 -1 -1 -1000 -1000 -1000 -10
103 11631 car 0 0 -1 561.4544229801471 179.69793820225925 613.6531011944986 226.86882727573885 -1 -1 -1 -1000 -1000 -1000 -10
104 11677 car 0 0 -1 529.0256713281117 179.27717908100868 559.167370392787 197.88300766372362 -1 -1 -1 -1000 -1000 -1000 -10
104 11631 car 0 0 -1 561.2560487322144 178.39282484738175 613.5393806828993 225.92981614881143 -1 -1 -1 -1000 -1000 -1000 -10
105 11678 car 0 0 -1 849.3708896297031 167.5700153772446 891.3336510906373 190.4299846227554 -1 -1 -1 -1000 -1000 -1000 -10
105 11631 car 0 0 -1 561.1698888416441 177.3681471538492 613.5292869401973 225.44483648460223 -1 -1 -1 -1000 -1000 -1000 -10
106 11678 car 0 0 -1 856.9141401126135 164.1931675712058 904.8602586829511 189.5714191559559 -1 -1 -1 -1000 -1000 -1000 -10
106 11631 car 0 0 -1 561.7805687093435 177.0756458863893 614.2088761192774 225.81853232016405 -1 -1 -1 -1000 -1000 -1000 -10
107 11679 car 0 0 -1 900.5163124994127 157.41853630728784 948.7579929440675 186.16825133542036 -1 -1 -1 -1000 -1000 -1000 -10
107 11677 car 0 0 -1 521.8966944790749 179.818401580978 550.369501595471 198.2315762249862 -1 -1 -1 -1000 -1000 -1000 -10
107 11631 car 0 0 -1 561.7429388090425 176.64560662636168 614.7537920823254 225.63000682521667 -1 -1 -1 -1000 -1000 -1000 -10
108 11679 car 0 0 -1 909.6124023673838 156.35870608705991 971.7513983380202 188.85975598985104 -1 -1 -1 -1000 -1000 -1000 -10
108 11677 car 0 0 -1 519.7109645389503 179.61940988112198 548.8339021652023 198.79661368049133 -1 -1 -1 -1000 -1000 -1000 -10
108 11631 car 0 0 -1 562.0968238899528 177.09993045627328 615.2585699975331 226.25073982972185 -1 -1 -1 -1000 -1000 -1000 -10
109 11679 car 0 0 -1 927.6434580391085 156.5567098152652 997.6814813501171 189.76970049445276 -1 -1 -1 -1000 -1000 -1000 -10
109 11677 car 0 0 -1 515.5854779338317 179.42718060457437 545.0478215770279 199.07589814791 -1 -1 -1 -1000 -1000 -1000 -10
109 11631 car 0 0 -1 562.3924772922238 176.77565460799826 615.951842122991 226.3333632591362 -1 -1 -1 -1000 -1000 -1000 -10
110 11679 car 0 0 -1 938.5314714813856 155.43179820645787 1008.2647811195197 189.68899842049223 -1 -1 -1 -1000 -1000 -1000 -10
110 11678 car 0 0 -1 895.4327487790383 165.8593750197903 941.6597539317577 184.5825241901733 -1 -1 -1 -1000 -1000 -1000 -10
110 11677 car 0 0 -1 510.68322582341824 179.6253090500593 540.5146382500084 200.2043551997482 -1 -1 -1 -1000 -1000 -1000 -10
110 11631 car 0 0 -1 562.4387540744159 176.58226143915292 616.2873724647837 226.43647491426012 -1 -1 -1 -1000 -1000 -1000 -10
111 11679 car 0 0 -1 956.1702053027149 154.02610254272736 1031.1216531099255 189.89949068183745 -1 -1 -1 -1000 -1000 -1000 -10
111 11678 car 0 0 -1 907.4623355355735 164.84407233165103 956.2558575978359 183.53057049977122 -1 -1 -1 -1000 -1000 -1000 -10
111 11677 car 0 0 -1 505.57096467312556 179.71843437447652 535.651485696046 201.2332961262148 -1 -1 -1 -1000 -1000 -1000 -10
111 11631 car 0 0 -1 562.4012939344072 176.64783538490204 616.4734627353762 226.99144242756816 -1 -1 -1 -1000 -1000 -1000 -10
112 11679 car 0 0 -1 968.6571253744675 151.78903990942626 1037.7951000690593 185.43287504800418 -1 -1 -1 -1000 -1000 -1000 -10
112 11678 car 0 0 -1 920.612479227376 164.61499916087416 972.9665939110181 183.74269820927913 -1 -1 -1 -1000 -1000 -1000 -10
112 11677 car 0 0 -1 501.20421955393647 179.92940729212597 531.8553385807073 202.72969245196566 -1 -1 -1 -1000 -1000 -1000 -10
112 11631 car 0 0 -1 562.355326375137 176.3971103085451 616.578386583372 226.82578541637326 -1 -1 -1 -1000 -1000 -1000 -10
113 11683 car 0 0 -1 535.438406648068 179.81048126507875 564.5617461716437 198.48342701206008 -1 -1 -1 -1000 -1000 -1000 -10
113 11679 car 0 0 -1 986.0561487217695 152.16987649587116 1053.274685709006 184.67085806412132 -1 -1 -1 -1000 -1000 -1000 -10
113 11678 car 0 0 -1 933.8708800811187 167.0215575018436 990.7001643022368 186.09083510120595 -1 -1 -1 -1000 -1000 -1000 -10
113 11677 car 0 0 -1 495.4947984002263 181.2136738119393 527.4537886352587 205.3521199424525 -1 -1 -1 -1000 -1000 -1000 -10
113 11631 car 0 0 -1 563.809868984621 178.05631612999372 618.4130837955289 228.2738297618883 -1 -1 -1 -1000 -1000 -1000 -10
114 11681 car 0 0 -1 940.1599678492013 168.48190980627473 1008.3811356536113 191.46191456382385 -1 -1 -1 -1000 -1000 -1000 -10
114 11679 car 0 0 -1 1004.5733404760038 152.69210737993492 1071.9214564160945 183.36299203904682 -1 -1 -1 -1000 -1000 -1000 -10
114 11677 car 0 0 -1 487.42728010004106 182.66318724936355 520.7377021202406 208.62651424505873 -1 -1 -1 -1000 -1000 -1000 -10
114 11631 car 0 0 -1 564.7577061815427 178.72184159891702 619.3643535082069 228.78496651987155 -1 -1 -1 -1000 -1000 -1000 -10
115 11677 car 0 0 -1 479.9284571181213 181.55814843141175 514.3531028800045 208.827146237452 -1 -1 -1 -1000 -1000 -1000 -10
115 11631 car 0 0 -1 564.4547160064301 177.22649367970806 619.0721491911695 227.45282321828844 -1 -1 -1 -1000 -1000 -1000 -10
116 11678 car 0 0 -1 972.2666800716463 163.63203954458754 1046.1799854697595 186.39222288670578 -1 -1 -1 -1000 -1000 -1000 -10
116 11677 car 0 0 -1 470.1322635276831 180.84605094044704 507.3497252918967 210.45402006290456 -1 -1 -1 -1000 -1000 -1000 -10
116 11631 car 0 0 -1 564.7901783015732 174.8636749079416 619.1520777233534 225.4706300025816 -1 -1 -1 -1000 -1000 -1000 -10
117 11678 car 0 0 -1 988.4241909810685 161.73820301507294 1067.5687019761267 185.41284155042973 -1 -1 -1 -1000 -1000 -1000 -10
117 11677 car 0 0 -1 457.9235148747422 180.79320594247937 499.06194253641524 213.42742261045012 -1 -1 -1 -1000 -1000 -1000 -10
117 11631 car 0 0 -1 564.754289918214 173.64356170635452 618.6825435590017 225.04540482706201 -1 -1 -1 -1000 -1000 -1000 -10
118 11679 DontCare 0 0 -1 1092.5713129961314 143.6591427543708 1186.3745656181168 187.17468123518034 -1 -1 -1 -1000 -1000 -1000 -10
118 11678 car 0 0 -1 1011.2541554762483 161.62212928834023 1092.8466184323102 185.79744676084877 -1 -1 -1 -1000 -1000 -1000 -10
118 11677 car 0 0 -1 444.13946487012316 183.6110160446255 489.0224262889547 219.531964937618 -1 -1 -1 -1000 -1000 -1000 -10
118 11631 car 0 0 -1 565.1936628339574 174.9837760976273 619.3479933567603 227.01148164790646 -1 -1 -1 -1000 -1000 -1000 -10
119 11685 car 0 0 -1 519.195763461292 183.22466726446964 544.2164735888832 201.304324750818 -1 -1 -1 -1000 -1000 -1000 -10
119 11679 car 0 0 -1 1123.410125209616 146.9091553117921 1227.015730735416 194.32959450394824 -1 -1 -1 -1000 -1000 -1000 -10
119 11678 car 0 0 -1 1041.4747224473426 166.0623731014711 1123.2141459662193 191.3561191562041 -1 -1 -1 -1000 -1000 -1000 -10
119 11677 car 0 0 -1 425.4028189643718 187.8187158143698 477.480449340477 227.8118788733401 -1 -1 -1 -1000 -1000 -1000 -10
119 11631 car 0 0 -1 566.1702940780116 177.90308006130593 620.7406889459584 229.27549072734328 -1 -1 -1 -1000 -1000 -1000 -10
120 11685 car 0 0 -1 515.5115079083666 183.0162627775272 541.8860360509893 202.45875825503512 -1 -1 -1 -1000 -1000 -1000 -10
120 11679 car 0 0 -1 1144.7213772913115 149.44025419732668 1246.873772557818 199.64033635414842 -1 -1 -1 -1000 -1000 -1000 -10
120 11677 car 0 0 -1 401.2897665342564 189.87723761382347 461.7247934184811 234.97714763104983 -1 -1 -1 -1000 -1000 -1000 -10
120 11631 car 0 0 -1 566.9267925373442 179.30495720785703 621.5235336598334 230.49153431853026 -1 -1 -1 -1000 -1000 -1000 -10
121 11685 car 0 0 -1 508.69749061690226 181.36912314062388 537.3436704082252 200.91185292948106 -1 -1 -1 -1000 -1000 -1000 -10
121 11677 car 0 0 -1 368.50520632825527 187.78698908756456 439.30435276185773 239.13754278156847 -1 -1 -1 -1000 -1000 -1000 -10
121 11631 car 0 0 -1 566.538797925107 175.6708779026151 621.1721490231137 227.26929298148806 -1 -1 -1 -1000 -1000 -1000 -10
122 11685 car 0 0 -1 501.52858899477104 179.67507324917767 533.2673345896442 200.7009182698195 -1 -1 -1 -1000 -1000 -1000 -10
122 11678 car 0 0 -1 1106.3063360536523 165.79717864076977 1218.0170055596288 197.35340357781828 -1 -1 -1 -1000 -1000 -1000 -10
122 11677 car 0 0 -1 324.7926149204055 186.82049207194785 411.6413097244575 247.95976140364724 -1 -1 -1 -1000 -1000 -1000 -10
122 11631 car 0 0 -1 566.381146055456 173.37033373979446 621.0313368585417 224.99948715452635 -1 -1 -1 -1000 -1000 -1000 -10
123 11685 car 0 0 -1 493.05462481976 177.9862048165713 529.144073117109 201.6739523093144 -1 -1 -1 -1000 -1000 -1000 -10
123 11678 car 0 0 -1 1134.2102370154455 162.09856400318358 1243.6961891049652 195.9554389147723 -1 -1 -1 -1000 -1000 -1000 -10
123 11677 car 0 0 -1 261.4772486534787 191.34589518806672 371.4396634656971 264.5968563426943 -1 -1 -1 -1000 -1000 -1000 -10
123 11631 car 0 0 -1 566.9658253086118 171.65451919155592 621.624734533752 223.0307478502447 -1 -1 -1 -1000 -1000 -1000 -10
124 11686 car 0 0 -1 1183.417411327428 158.19893309771516 1246.5904383536254 185.7517923673475 -1 -1 -1 -1000 -1000 -1000 -10
124 11685 car 0 0 -1 485.4432367525033 178.93887376621393 523.7463588973957 204.61658410049222 -1 -1 -1 -1000 -1000 -1000 -10
124 11678 car 0 0 -1 1155.4725733997022 159.42509514353935 1256.443361468918 195.3883708096729 -1 -1 -1 -1000 -1000 -1000 -10
124 11631 car 0 0 -1 567.3606490844212 170.77841990480186 622.3158275168861 222.52893821384896 -1 -1 -1 -1000 -1000 -1000 -10
125 11685 car 0 0 -1 476.8825307428329 181.21373639259815 517.1291793315384 208.50891978916678 -1 -1 -1 -1000 -1000 -1000 -10
125 11631 car 0 0 -1 567.9089299350771 172.54947511175544 622.8164202993814 224.83243411812202 -1 -1 -1 -1000 -1000 -1000 -10
126 11685 car 0 0 -1 464.39335811134504 182.89421559282383 509.6332489972151 213.08685329409084 -1 -1 -1 -1000 -1000 -1000 -10
126 11631 car 0 0 -1 568.756068353073 174.1776700282806 623.6553966669135 227.384338921983 -1 -1 -1 -1000 -1000 -1000 -10
127 11685 car 0 0 -1 450.3174459148977 185.79907943674488 500.0159168149679 219.12483426165886 -1 -1 -1 -1000 -1000 -1000 -10
127 11631 car 0 0 -1 569.5527643667858 175.82908316002965 624.1314694494808 228.63309378919735 -1 -1 -1 -1000 -1000 -1000 -10
128 11685 car 0 0 -1 432.9723411918749 187.55518660472404 489.03520214298703 224.58640522184328 -1 -1 -1 -1000 -1000 -1000 -10
128 11631 car 0 0 -1 568.9728872588086 176.9919125189985 623.8656801478738 229.220261326887 -1 -1 -1 -1000 -1000 -1000 -10
129 11685 car 0 0 -1 412.43959858601795 189.34334609120538 476.2814040275392 230.00968905111256 -1 -1 -1 -1000 -1000 -1000 -10
129 11631 car 0 0 -1 568.0344904989292 175.75134254112072 623.1552603621071 227.8496580318676 -1 -1 -1 -1000 -1000 -1000 -10
130 11685 car 0 0 -1 387.20091377176163 189.08924011539114 459.18700794506776 234.1401120012344 -1 -1 -1 -1000 -1000 -1000 -10
130 11631 car 0 0 -1 567.6266033305124 174.83321492713765 622.920880361173 227.11435539438963 -1 -1 -1 -1000 -1000 -1000 -10
131 11685 car 0 0 -1 385.06486660404164 190.73380790978652 448.083335815851 236.43773767889732 -1 -1 -1 -1000 -1000 -1000 -10
131 11631 car 0 0 -1 566.6974038249048 174.44133595450194 622.9419704404602 226.87663269611323 -1 -1 -1 -1000 -1000 -1000 -10
132 11692 car 0 0 -1 277.2325173146195 194.38330388859112 407.12489131447467 270.6743745025606 -1 -1 -1 -1000 -1000 -1000 -10
132 11631 car 0 0 -1 565.9737607989845 174.64888025829896 622.6598369994207 227.7378200476022 -1 -1 -1 -1000 -1000 -1000 -10
133 11692 car 0 0 -1 195.4086692531937 199.9654288304372 368.5092972621226 297.2440029927502 -1 -1 -1 -1000 -1000 -1000 -10
133 11631 car 0 0 -1 566.5494387651571 175.27808355103426 623.0037553377114 228.8215722347314 -1 -1 -1 -1000 -1000 -1000 -10
134 11692 car 0 0 -1 61.88560747288409 207.65923815260956 303.91473805969923 333.6343646372366 -1 -1 -1 -1000 -1000 -1000 -10
134 11631 car 0 0 -1 566.3507299293653 176.8227377384614 622.8949326454247 229.8833197979896 -1 -1 -1 -1000 -1000 -1000 -10
135 11692 car 0 0 -1 -14.624138490295493 225.25202542724648 236.76681660586274 365.93156514093357 -1 -1 -1 -1000 -1000 -1000 -10
135 11631 car 0 0 -1 566.0678494514619 178.98253229598777 622.4036452156128 231.96911173037887 -1 -1 -1 -1000 -1000 -1000 -10
136 11693 car 0 0 -1 815.5123423197435 168.1634808654446 847.6632599897621 186.7189008556251 -1 -1 -1 -1000 -1000 -1000 -10
136 11631 car 0 0 -1 566.1691022585882 179.72387200424993 622.6589368213389 233.47473749121093 -1 -1 -1 -1000 -1000 -1000 -10
137 11693 car 0 0 -1 826.6187466604841 166.68120415979524 861.13953102727 185.84054392719912 -1 -1 -1 -1000 -1000 -1000 -10
137 11631 car 0 0 -1 566.19245685616 178.82172265194043 622.7694420179861 232.59194821286826 -1 -1 -1 -1000 -1000 -1000 -10
138 11693 car 0 0 -1 844.8751202223384 165.6794978895476 878.9584518493334 187.00786716548996 -1 -1 -1 -1000 -1000 -1000 -10
138 11631 car 0 0 -1 566.8376895805457 177.15710070061886 623.4788567167166 230.94197387756475 -1 -1 -1 -1000 -1000 -1000 -10
139 11631 car 0 0 -1 567.71848853647 175.39860008281101 624.4143658135308 229.4676477582679 -1 -1 -1 -1000 -1000 -1000 -10
140 11696 car 0 0 -1 834.8851576335754 165.70297521283948 868.0127707673649 184.19218064426758 -1 -1 -1 -1000 -1000 -1000 -10
140 11631 car 0 0 -1 568.4180903181245 174.0181417458474 625.7021008816137 228.31034609974097 -1 -1 -1 -1000 -1000 -1000 -10
141 11631 car 0 0 -1 569.4201257808821 173.73972349134226 627.4004746128088 227.62983886487012 -1 -1 -1 -1000 -1000 -1000 -10
142 11631 car 0 0 -1 570.7866344775132 173.70548696159517 628.9994774903005 227.3095339165556 -1 -1 -1 -1000 -1000 -1000 -10
143 11696 car 0 0 -1 857.2258286551909 165.97309863055352 893.1681480437277 184.32903727522222 -1 -1 -1 -1000 -1000 -1000 -10
143 11694 car 0 0 -1 815.3431662014558 158.50058352571247 839.1999279896951 177.65512666077004 -1 -1 -1 -1000 -1000 -1000 -10
143 11693 car 0 0 -1 889.9642205063569 160.18656640414477 938.86314670655 187.670057868179 -1 -1 -1 -1000 -1000 -1000 -10
143 11631 car 0 0 -1 572.7477006905915 174.39855387689838 631.4039018963867 227.7984976801405 -1 -1 -1 -1000 -1000 -1000 -10
144 11696 car 0 0 -1 863.4807758039193 167.37286123887557 901.4026239719327 186.76343541794327 -1 -1 -1 -1000 -1000 -1000 -10
144 11693 car 0 0 -1 900.1911718356807 161.1755934893085 953.7326803979065 188.54560672058918 -1 -1 -1 -1000 -1000 -1000 -10
144 11631 car 0 0 -1 574.318079373965 174.43305172569617 632.7632942014707 228.2214946213417 -1 -1 -1 -1000 -1000 -1000 -10
145 11696 car 0 0 -1 872.6448908251552 167.79909357646181 911.2533103782391 187.70150873917305 -1 -1 -1 -1000 -1000 -1000 -10
145 11693 car 0 0 -1 911.356829696636 161.18061995194657 969.0100588733679 189.2466377109255 -1 -1 -1 -1000 -1000 -1000 -10
145 11631 car 0 0 -1 576.0514705491505 174.8427310950103 634.0596470084904 228.64390271614 -1 -1 -1 -1000 -1000 -1000 -10
146 11696 car 0 0 -1 887.5554692971101 168.00080430368106 923.7467165971044 188.66274395697084 -1 -1 -1 -1000 -1000 -1000 -10
146 11694 car 0 0 -1 830.1064128666567 161.588071346563 857.2880247359496 184.60322780832107 -1 -1 -1 -1000 -1000 -1000 -10
146 11693 car 0 0 -1 922.8025497046274 161.2842740517703 983.8328672561106 190.08664706150284 -1 -1 -1 -1000 -1000 -1000 -10
146 11631 car 0 0 -1 578.248843417567 175.37802723049566 636.230909307678 229.73355367538795 -1 -1 -1 -1000 -1000 -1000 -10
147 11696 car 0 0 -1 892.6284436048405 167.83711997507018 925.3427427118921 187.88013594501504 -1 -1 -1 -1000 -1000 -1000 -10
147 11694 car 0 0 -1 833.9708163371753 162.14275130472112 863.3664843927783 185.20173948142906 -1 -1 -1 -1000 -1000 -1000 -10
147 11693 car 0 0 -1 934.9780827507018 162.01260368336415 1001.1583700298711 191.70943056604915 -1 -1 -1 -1000 -1000 -1000 -10
147 11631 car 0 0 -1 579.2566329536559 175.94020735753867 637.481675933741 230.44058145289506 -1 -1 -1 -1000 -1000 -1000 -10
148 11696 car 0 0 -1 904.1815223800323 169.0025612080443 939.7337258241372 189.02880037938252 -1 -1 -1 -1000 -1000 -1000 -10
148 11694 car 0 0 -1 840.9277197789557 161.0833468538925 871.0409430118717 185.35613185614133 -1 -1 -1 -1000 -1000 -1000 -10
148 11693 car 0 0 -1 944.9989520615901 161.45349005571293 1017.8627884917261 193.1546906948117 -1 -1 -1 -1000 -1000 -1000 -10
148 11631 car 0 0 -1 580.8634046546143 175.20135971199102 639.2859958188691 230.350402557218 -1 -1 -1 -1000 -1000 -1000 -10
149 11696 car 0 0 -1 913.7539013567024 170.50748852229577 953.1994478938306 191.70465316303813 -1 -1 -1 -1000 -1000 -1000 -10
149 11694 car 0 0 -1 845.0083912186859 162.06567975553034 877.3337035789372 186.69638589354477 -1 -1 -1 -1000 -1000 -1000 -10
149 11693 car 0 0 -1 954.1070907889789 163.14756977279131 1025.8499900633083 195.74394639191615 -1 -1 -1 -1000 -1000 -1000 -10
149 11631 car 0 0 -1 582.0572544666535 175.6487778479784 640.631937698177 231.54171330690718 -1 -1 -1 -1000 -1000 -1000 -10
150 11696 car 0 0 -1 919.9583363608094 174.19077073100857 966.2466698484743 198.1914021323633 -1 -1 -1 -1000 -1000 -1000 -10
150 11694 car 0 0 -1 850.4908535328609 163.43549864088064 883.9397855490763 187.52352303304193 -1 -1 -1 -1000 -1000 -1000 -10
150 11693 car 0 0 -1 968.1304325234836 166.64302743125808 1043.733000572448 199.7735303217138 -1 -1 -1 -1000 -1000 -1000 -10
150 11631 car 0 0 -1 583.2970587854563 177.6368550774537 642.2507389711345 234.08785372852233 -1 -1 -1 -1000 -1000 -1000 -10
151 11698 car 0 0 -1 674.8173852793087 178.90634835459394 713.6259093092648 214.6351099543408 -1 -1 -1 -1000 -1000 -1000 -10
151 11696 car 0 0 -1 928.3058564261188 173.59265384744288 979.6881176574617 198.58261091366342 -1 -1 -1 -1000 -1000 -1000 -10
151 11694 car 0 0 -1 857.5976103011124 163.03313798099563 892.2042780282338 187.42273261024124 -1 -1 -1 -1000 -1000 -1000 -10
151 11693 car 0 0 -1 980.2057405659507 165.85129192984226 1054.693471792234 200.74870728024212 -1 -1 -1 -1000 -1000 -1000 -10
151 11631 car 0 0 -1 583.3996468866698 177.43927506488643 643.1667968135072 234.03402938245802 -1 -1 -1 -1000 -1000 -1000 -10
152 11698 car 0 0 -1 678.6112126343526 175.22675010933264 718.5034750429786 212.00723100191684 -1 -1 -1 -1000 -1000 -1000 -10
152 11696 car 0 0 -1 939.2612142122562 169.92813605402722 994.7591306801628 195.4949689208026 -1 -1 -1 -1000 -1000 -1000 -10
152 11631 car 0 0 -1 583.7226638824318 174.90989130559694 643.8168818956096 231.87746188642558 -1 -1 -1 -1000 -1000 -1000 -10
153 11698 car 0 0 -1 681.3558327024277 174.41151064823816 724.0571385792141 212.4928876015038 -1 -1 -1 -1000 -1000 -1000 -10
153 11696 car 0 0 -1 951.5480327961225 166.95468347651405 1011.3812822123989 193.8934373934611 -1 -1 -1 -1000 -1000 -1000 -10
153 11631 car 0 0 -1 585.7159346802488 173.8791187651624 646.0473684778939 231.11789310502525 -1 -1 -1 -1000 -1000 -1000 -10
154 11698 car 0 0 -1 683.9246205466237 173.56557912527668 730.9983198035387 215.1886826620848 -1 -1 -1 -1000 -1000 -1000 -10
154 11696 car 0 0 -1 968.1740462202945 166.31539104528417 1030.6306645056623 194.09614116518247 -1 -1 -1 -1000 -1000 -1000 -10
154 11694 car 0 0 -1 879.3736258486197 154.98996506587883 917.6837146212708 183.06085616426418 -1 -1 -1 -1000 -1000 -1000 -10
154 11631 car 0 0 -1 587.7075982562677 173.90455625282937 648.2062066265468 231.0654049827396 -1 -1 -1 -1000 -1000 -1000 -10
155 11698 car 0 0 -1 688.3096270495114 176.4457357843109 739.2415359507645 219.6719194093282 -1 -1 -1 -1000 -1000 -1000 -10
155 11696 car 0 0 -1 980.9833753473515 164.78670327614014 1048.3920797081462 192.16493970801588 -1 -1 -1 -1000 -1000 -1000 -10
155 11694 car 0 0 -1 891.6059797501632 157.97014317721602 928.1865073588185 186.9730263347596 -1 -1 -1 -1000 -1000 -1000 -10
155 11631 car 0 0 -1 590.169111058711 175.0474294712284 650.5138832619691 231.8738394483855 -1 -1 -1 -1000 -1000 -1000 -10
156 11698 car 0 0 -1 692.8244243811293 179.1226069264955 747.1305398634131 224.34600612228905 -1 -1 -1 -1000 -1000 -1000 -10
156 11696 car 0 0 -1 996.7088737647438 165.87562958066792 1070.3706328419617 193.69909337880387 -1 -1 -1 -1000 -1000 -1000 -10
156 11631 car 0 0 -1 591.7435490294301 176.3820483185605 651.978006152794 233.23884505455803 -1 -1 -1 -1000 -1000 -1000 -10
157 11698 car 0 0 -1 697.1070353806126 179.77376895398885 755.1377406921333 227.67422074127103 -1 -1 -1 -1000 -1000 -1000 -10
157 11696 car 0 0 -1 1011.5096021428983 166.74139866385687 1091.3391810381102 194.48127466343348 -1 -1 -1 -1000 -1000 -1000 -10
157 11631 car 0 0 -1 592.5052748003683 175.76106430501682 652.9401145621313 232.91898206407586 -1 -1 -1 -1000 -1000 -1000 -10
158 11701 car 0 0 -1 1116.3697395825625 150.9533941526443 1248.1869950534706 206.79407607243974 -1 -1 -1 -1000 -1000 -1000 -10
158 11698 car 0 0 -1 701.5000330223055 177.9856898335703 762.9694061331089 229.51573468547673 -1 -1 -1 -1000 -1000 -1000 -10
158 11696 car 0 0 -1 1028.6115826550224 166.09900019085688 1113.8116664775655 194.43015506173379 -1 -1 -1 -1000 -1000 -1000 -10
158 11694 car 0 0 -1 904.4401495185017 153.0242705566155 951.9491283151357 186.37844754229982 -1 -1 -1 -1000 -1000 -1000 -10
158 11631 car 0 0 -1 593.8351507671547 175.47125403268194 654.1411399524771 232.84223429650467 -1 -1 -1 -1000 -1000 -1000 -10
159 11701 car 0 0 -1 1138.3488052356015 148.99391792618917 1258.9541163539902 206.33839491561508 -1 -1 -1 -1000 -1000 -1000 -10
159 11698 car 0 0 -1 707.5479312684421 178.77470279890204 773.0715714896761 233.26845276721517 -1 -1 -1 -1000 -1000 -1000 -10
159 11696 car 0 0 -1 1070.6723919741853 166.69195459474028 1148.7255721492384 196.83840776569204 -1 -1 -1 -1000 -1000 -1000 -10
159 11694 car 0 0 -1 912.9036348210022 152.05550813733976 964.8777374543215 186.21759467919452 -1 -1 -1 -1000 -1000 -1000 -10
159 11631 car 0 0 -1 595.4347442188839 174.8635452068783 655.3801542891351 232.65129601182088 -1 -1 -1 -1000 -1000 -1000 -10
160 11698 car 0 0 -1 713.6300368999839 177.54859873198114 785.2480261056571 237.424581174274 -1 -1 -1 -1000 -1000 -1000 -10
160 11696 car 0 0 -1 1074.193717086339 166.0701703858133 1155.1079384171035 198.58690687084817 -1 -1 -1 -1000 -1000 -1000 -10
160 11694 car 0 0 -1 920.4895818586068 154.80733564297617 976.6986006440806 187.64013432760606 -1 -1 -1 -1000 -1000 -1000 -10
160 11631 car 0 0 -1 597.3759834409697 174.82530388257365 657.0467871914897 232.3820582363036 -1 -1 -1 -1000 -1000 -1000 -10
161 11698 car 0 0 -1 720.7941607053443 178.9746064049092 799.0774562649109 244.2427471907185 -1 -1 -1 -1000 -1000 -1000 -10
161 11696 car 0 0 -1 1097.2378093982156 165.57706289854104 1191.7111243677832 201.45268876721053 -1 -1 -1 -1000 -1000 -1000 -10
161 11694 car 0 0 -1 941.560648426318 157.07618061931115 994.5532538867947 188.92987327675306 -1 -1 -1 -1000 -1000 -1000 -10
161 11631 car 0 0 -1 598.9598755758916 175.6912082623807 658.7078457030111 233.35616088261094 -1 -1 -1 -1000 -1000 -1000 -10
162 11698 car 0 0 -1 729.7458790814179 180.0824530797044 815.3987319454046 250.74123965261623 -1 -1 -1 -1000 -1000 -1000 -10
162 11696 car 0 0 -1 1119.6947703734804 165.31795590793087 1224.8660688290397 203.89911818430346 -1 -1 -1 -1000 -1000 -1000 -10
162 11631 car 0 0 -1 600.1592855294869 175.81025829150548 659.9600387366288 233.27878228974993 -1 -1 -1 -1000 -1000 -1000 -10
163 11698 car 0 0 -1 739.7333609311121 183.1665117150328 834.2231524590767 259.5990168035773 -1 -1 -1 -1000 -1000 -1000 -10
163 11696 car 0 0 -1 1137.6065069540862 166.4633616957773 1243.300224461382 207.48028029561036 -1 -1 -1 -1000 -1000 -1000 -10
163 11631 car 0 0 -1 600.5620278715454 175.2331717365704 660.4010343600957 232.5591343415873 -1 -1 -1 -1000 -1000 -1000 -10
164 11698 car 0 0 -1 751.4052909695349 185.56417231418482 857.2372255477019 268.13527422089993 -1 -1 -1 -1000 -1000 -1000 -10
164 11631 car 0 0 -1 601.1272914445542 175.22912993143092 660.7248111174194 232.71947833208708 -1 -1 -1 -1000 -1000 -1000 -10
165 11698 car 0 0 -1 765.9592926320881 188.3368285847098 886.7356236291573 281.13134403082853 -1 -1 -1 -1000 -1000 -1000 -10
165 11631 car 0 0 -1 601.0726726204384 176.96340347089506 661.03775269584 234.30734859686515 -1 -1 -1 -1000 -1000 -1000 -10
166 11698 car 0 0 -1 783.8893584334517 190.32500897361268 924.1798178028357 296.05798755734793 -1 -1 -1 -1000 -1000 -1000 -10
166 11631 car 0 0 -1 601.3296619989443 178.2938496502201 662.1109441492912 235.5375871543918 -1 -1 -1 -1000 -1000 -1000 -10
167 11698 car 0 0 -1 806.3826043767161 191.5469925750126 973.023319656044 311.4945118565451 -1 -1 -1 -1000 -1000 -1000 -10
167 11631 car 0 0 -1 601.2426591636403 179.1825235106108 662.6335972327319 236.9123235195604 -1 -1 -1 -1000 -1000 -1000 -10
168 11698 car 0 0 -1 838.2831927289143 200.49185998464318 1041.9209415622022 339.3583561307843 -1 -1 -1 -1000 -1000 -1000 -10
168 11631 car 0 0 -1 600.8868063112238 178.2129750536873 662.4360372033057 235.45577748311896 -1 -1 -1 -1000 -1000 -1000 -10
169 11704 car 0 0 -1 1079.5310650974982 159.8622386320175 1144.3482374239331 196.07891402358942 -1 -1 -1 -1000 -1000 -1000 -10
169 11698 car 0 0 -1 885.2969336548886 202.56340891170595 1145.2627648275463 359.43817093395404 -1 -1 -1 -1000 -1000 -1000 -10
169 11631 car 0 0 -1 600.0417010464394 178.10590083018178 661.705217033305 235.27560745988382 -1 -1 -1 -1000 -1000 -1000 -10
170 11704 car 0 0 -1 1103.049789876211 156.58188088883867 1168.1645029396432 189.36106238772237 -1 -1 -1 -1000 -1000 -1000 -10
170 11698 car 0 0 -1 918.7081451620949 206.61849670117277 1204.8593688075798 370.6037588456888 -1 -1 -1 -1000 -1000 -1000 -10
170 11631 car 0 0 -1 599.2115982387586 178.72280124752146 661.2325505120284 235.84250219469706 -1 -1 -1 -1000 -1000 -1000 -10
171 11698 car 0 0 -1 961.1086170716877 213.24441955246033 1243.9100566829898 375.89237649806597 -1 -1 -1 -1000 -1000 -1000 -10
171 11631 car 0 0 -1 599.4580845626595 179.9908257145458 661.7548479843433 237.62279205618535 -1 -1 -1 -1000 -1000 -1000 -10
172 11631 car 0 0 -1 600.1427627982525 181.4897598146091 662.6303634967117 239.22229436709722 -1 -1 -1 -1000 -1000 -1000 -10
173 11631 car 0 0 -1 600.8140678901625 182.03095570176654 663.1668244310156 239.83220434869028 -1 -1 -1 -1000 -1000 -1000 -10
174 11631 car 0 0 -1 600.6015088639638 181.93534490080776 663.1466587942862 240.33533859788434 -1 -1 -1 -1000 -1000 -1000 -10
175 11631 car 0 0 -1 600.1837403422081 180.84404744900243 663.4395923975236 240.24616092541643 -1 -1 -1 -1000 -1000 -1000 -10
176 11631 car 0 0 -1 599.516869811288 179.40860637108742 662.7204720595528 239.24879950767794 -1 -1 -1 -1000 -1000 -1000 -10
177 11631 car 0 0 -1 598.9860868206893 178.76941486383464 662.6973913979766 238.94611221640537 -1 -1 -1 -1000 -1000 -1000 -10
178 11631 car 0 0 -1 598.4958155833258 178.46633725950812 662.3022201516774 238.88018359574505 -1 -1 -1 -1000 -1000 -1000 -10
179 11631 car 0 0 -1 598.4645773539917 178.0302580483258 662.6321516001453 239.1677953346256 -1 -1 -1 -1000 -1000 -1000 -10
180 11631 car 0 0 -1 598.8482619743214 178.39214990090818 662.9993978945187 240.04866473838882 -1 -1 -1 -1000 -1000 -1000 -10
181 11631 car 0 0 -1 598.9906011870752 178.43349121396884 663.126624564495 240.47153344145883 -1 -1 -1 -1000 -1000 -1000 -10
183 11706 DontCare 0 0 -1 597.5088861342961 174.63449220904147 662.8547164826002 238.1928747536587 -1 -1 -1 -1000 -1000 -1000 -10
184 11706 car 0 0 -1 597.3279922404695 173.7448348816476 662.7267615141011 236.61342350555577 -1 -1 -1 -1000 -1000 -1000 -10
185 11706 car 0 0 -1 597.1377202270847 173.46797540242727 662.0849411481078 235.44642527846685 -1 -1 -1 -1000 -1000 -1000 -10
186 11706 car 0 0 -1 596.4718139566738 173.10168261705942 661.7674547129053 235.41741917688975 -1 -1 -1 -1000 -1000 -1000 -10
187 11706 car 0 0 -1 596.0305372862913 173.00349523869585 661.1861015617321 235.4527595433209 -1 -1 -1 -1000 -1000 -1000 -10
188 11706 car 0 0 -1 595.3451228845711 172.41303245280238 660.8424492316112 235.39034029234568 -1 -1 -1 -1000 -1000 -1000 -10
189 11706 car 0 0 -1 595.167825748597 172.99634480504787 660.6731807962782 235.2962487435972 -1 -1 -1 -1000 -1000 -1000 -10
190 11706 car 0 0 -1 595.9495131318425 173.31048737223654 661.813464150482 235.20186827172853 -1 -1 -1 -1000 -1000 -1000 -10
191 11706 car 0 0 -1 596.592257264 174.05260346989215 662.5742581251263 236.57906334089822 -1 -1 -1 -1000 -1000 -1000 -10
192 11706 car 0 0 -1 596.3335731688696 175.54049360616278 662.6991445103665 238.56599929366882 -1 -1 -1 -1000 -1000 -1000 -10
193 11706 car 0 0 -1 596.156181381617 175.53489453706894 662.8291046216846 239.2156801164322 -1 -1 -1 -1000 -1000 -1000 -10
194 11706 car 0 0 -1 596.0912464531464 176.39431282096325 662.8789904170205 239.91413198030165 -1 -1 -1 -1000 -1000 -1000 -10
195 11706 car 0 0 -1 596.0486275128046 176.74197590093817 662.9184966955531 240.14364913263725 -1 -1 -1 -1000 -1000 -1000 -10
196 11706 car 0 0 -1 596.6415974330106 176.58603093068405 663.6431050890004 240.50439350505872 -1 -1 -1 -1000 -1000 -1000 -10
197 11706 car 0 0 -1 596.1919656130069 175.77685653920983 663.2761246075204 240.0634725362627 -1 -1 -1 -1000 -1000 -1000 -10
198 11706 car 0 0 -1 596.190064605658 174.73337576564523 663.6241310742527 239.31121712717623 -1 -1 -1 -1000 -1000 -1000 -10
199 11706 car 0 0 -1 595.9668620229648 174.77914015212065 663.322349598128 239.23760776281063 -1 -1 -1 -1000 -1000 -1000 -10
200 11706 car 0 0 -1 596.063982447412 173.67566158352943 663.6815608861948 238.36471269720803 -1 -1 -1 -1000 -1000 -1000 -10
201 11706 car 0 0 -1 596.0585149566662 174.531612517586 663.8601687734263 239.38196649773582 -1 -1 -1 -1000 -1000 -1000 -10
202 11706 car 0 0 -1 596.0373308431826 174.65181076858343 663.9461321933136 239.3207304129945 -1 -1 -1 -1000 -1000 -1000 -10
203 11706 car 0 0 -1 596.0112102463003 174.72976085702294 663.9956550255541 239.2648325291696 -1 -1 -1 -1000 -1000 -1000 -10
204 11706 car 0 0 -1 595.7963883240207 174.9753781242792 663.5641858071299 239.68114686282672 -1 -1 -1 -1000 -1000 -1000 -10
205 11706 car 0 0 -1 595.9363692844485 175.68296939644458 663.8326042957273 240.53091839678362 -1 -1 -1 -1000 -1000 -1000 -10
206 11706 car 0 0 -1 596.2723869377512 176.22804752322523 663.6518576706876 240.57226595038443 -1 -1 -1 -1000 -1000 -1000 -10
207 11706 car 0 0 -1 595.8365494891889 175.86579554303927 662.8389736912277 239.84257547407623 -1 -1 -1 -1000 -1000 -1000 -10
208 11708 DontCare 0 0 -1 710.5847354556213 128.2658912051611 798.1792638879592 204.2048647445805 -1 -1 -1 -1000 -1000 -1000 -10
208 11706 car 0 0 -1 595.0840181654285 175.1359317201911 661.8116813938902 238.84499733650196 -1 -1 -1 -1000 -1000 -1000 -10
209 11708 DontCare 0 0 -1 711.9026908648899 122.12265090452384 809.7641178663711 200.91940236277787 -1 -1 -1 -1000 -1000 -1000 -10
209 11706 car 0 0 -1 594.8411879448954 175.08942027136294 661.3843084652678 238.8877398578265 -1 -1 -1 -1000 -1000 -1000 -10
210 11708 DontCare 0 0 -1 713.3640545362606 117.49381974133277 824.4678913717831 200.75565823591447 -1 -1 -1 -1000 -1000 -1000 -10
210 11706 car 0 0 -1 594.1455402331716 176.64933954588787 660.5276593641662 239.94095630214213 -1 -1 -1 -1000 -1000 -1000 -10
211 11708 DontCare 0 0 -1 715.9310713544592 111.72350002973039 843.2936263152674 200.06377859871193 -1 -1 -1 -1000 -1000 -1000 -10
211 11706 car 0 0 -1 592.7936113365439 176.66970054457744 659.3417466589423 239.60385768643783 -1 -1 -1 -1000 -1000 -1000 -10
212 11708 DontCare 0 0 -1 718.4640348947535 104.98167965704948 867.9305869614343 199.86146975790814 -1 -1 -1 -1000 -1000 -1000 -10
212 11706 car 0 0 -1 591.2374074591459 176.09284821058145 657.3378771716256 238.74832132237805 -1 -1 -1 -1000 -1000 -1000 -10
213 11708 DontCare 0 0 -1 720.5885748373819 97.54834711617423 900.3342753971453 207.19305836183827 -1 -1 -1 -1000 -1000 -1000 -10
213 11706 car 0 0 -1 589.6199181620954 175.73265862374774 655.6679524904329 237.9087936627417 -1 -1 -1 -1000 -1000 -1000 -10
214 11708 DontCare 0 0 -1 723.4983079205505 85.3469834556998 945.320670429447 215.46791569055233 -1 -1 -1 -1000 -1000 -1000 -10
214 11706 car 0 0 -1 588.3781096974445 176.98506884040242 654.3870678935845 238.81473886220417 -1 -1 -1 -1000 -1000 -1000 -10
215 11708 DontCare 0 0 -1 729.9084968788827 71.68039485166135 1008.9943619329563 227.2092655926133 -1 -1 -1 -1000 -1000 -1000 -10
215 11706 car 0 0 -1 586.4452225545525 177.34026859588062 652.1341850533814 238.6261033871968 -1 -1 -1 -1000 -1000 -1000 -10
216 11708 DontCare 0 0 -1 743.4458674373941 43.43728853748925 1111.625805709675 236.75832738030797 -1 -1 -1 -1000 -1000 -1000 -10
216 11706 car 0 0 -1 584.6689233618398 176.9107828397654 650.405866257555 237.80923377968233 -1 -1 -1 -1000 -1000 -1000 -10
217 11708 DontCare 0 0 -1 739.2598995877895 21.19619304964003 1189.6396573549907 257.57825099504925 -1 -1 -1 -1000 -1000 -1000 -10
217 11706 car 0 0 -1 583.640644906302 176.16830543110441 648.8486933880572 236.7707036555631 -1 -1 -1 -1000 -1000 -1000 -10
218 11708 DontCare 0 0 -1 734.090247686455 3.2741128363991265 1225.3216244635325 251.2498224924101 -1 -1 -1 -1000 -1000 -1000 -10
218 11706 car 0 0 -1 582.7108610702937 175.4739466419642 647.5464799691949 236.13868808200837 -1 -1 -1 -1000 -1000 -1000 -10
219 11708 DontCare 0 0 -1 724.2080753579869 0.03506765883506091 1244.899071637512 264.1761696360893 -1 -1 -1 -1000 -1000 -1000 -10
219 11706 car 0 0 -1 582.2653749269504 175.86096400228675 646.5493155430594 236.56136741336692 -1 -1 -1 -1000 -1000 -1000 -10
220 11708 DontCare 0 0 -1 717.3958565556085 -0.408776982202113 1256.394112555049 278.4237622053454 -1 -1 -1 -1000 -1000 -1000 -10
220 11706 car 0 0 -1 581.5770635419402 176.2835506006174 645.441945297279 236.45379452423765 -1 -1 -1 -1000 -1000 -1000 -10
221 11708 DontCare 0 0 -1 708.8257978641284 -4.103950506076075 1260.0267696642386 282.22112046455663 -1 -1 -1 -1000 -1000 -1000 -10
221 11706 car 0 0 -1 581.2318477631919 176.54206311859122 644.5099449458768 236.32007365572264 -1 -1 -1 -1000 -1000 -1000 -10
222 11708 DontCare 0 0 -1 702.9541739377376 -5.888437111993767 1262.1194344788978 286.1377607460269 -1 -1 -1 -1000 -1000 -1000 -10
222 11706 car 0 0 -1 581.0483585470519 176.52694661963892 643.6124606297168 235.73361732296615 -1 -1 -1 -1000 -1000 -1000 -10
223 11708 DontCare 0 0 -1 697.3314998826961 -6.554208538538518 1262.5917692440125 290.33966390265755 -1 -1 -1 -1000 -1000 -1000 -10
223 11706 car 0 0 -1 580.9473555504253 177.09233561695459 642.7053563067811 235.59712027100517 -1 -1 -1 -1000 -1000 -1000 -10
224 11708 DontCare 0 0 -1 696.2645359327437 -7.816375703958755 1264.0351534255506 290.39597309689645 -1 -1 -1 -1000 -1000 -1000 -10
224 11706 car 0 0 -1 580.7941610523151 177.61291177327567 642.5291971038675 235.89666683629744 -1 -1 -1 -1000 -1000 -1000 -10
225 11708 DontCare 0 0 -1 690.4717173595201 -6.912022631163836 1262.5707270190342 294.34750564072425 -1 -1 -1 -1000 -1000 -1000 -10
225 11706 car 0 0 -1 580.5778124345316 177.853254546833 642.0181404640559 235.96981496735748 -1 -1 -1 -1000 -1000 -1000 -10
226 11708 DontCare 0 0 -1 686.8420409912629 -8.107369523707405 1261.3958019580282 294.1622524877441 -1 -1 -1 -1000 -1000 -1000 -10
226 11706 car 0 0 -1 579.2639408304382 177.97299771350922 640.4914534420428 235.96928284267264 -1 -1 -1 -1000 -1000 -1000 -10
227 11708 DontCare 0 0 -1 685.6553372232283 -9.357741167983193 1261.421958154785 291.0042452974488 -1 -1 -1 -1000 -1000 -1000 -10
227 11706 car 0 0 -1 578.644989173939 178.3215826006817 639.4271939899285 235.66546694100717 -1 -1 -1 -1000 -1000 -1000 -10
228 11708 DontCare 0 0 -1 686.273656388445 -6.345603600837535 1261.7527087728622 296.1843519013119 -1 -1 -1 -1000 -1000 -1000 -10
228 11706 car 0 0 -1 577.8576745042507 179.40664086864044 638.320186762645 236.5556565210853 -1 -1 -1 -1000 -1000 -1000 -10
229 11708 DontCare 0 0 -1 688.4258509242611 -5.817090696052446 1262.0598756788927 297.49313405872266 -1 -1 -1 -1000 -1000 -1000 -10
229 11706 car 0 0 -1 577.4559265701946 180.31898651858054 637.401109396696 237.04287880022733 -1 -1 -1 -1000 -1000 -1000 -10
230 11708 DontCare 0 0 -1 689.9917369928758 -5.8307632827715 1261.608664392822 297.5684255352415 -1 -1 -1 -1000 -1000 -1000 -10
230 11706 car 0 0 -1 576.7662158313774 180.73554162949128 636.3349299152217 237.1495975061318 -1 -1 -1 -1000 -1000 -1000 -10
231 11708 DontCare 0 0 -1 693.5360113787534 -7.241688132321883 1261.323352782476 295.7476804822639 -1 -1 -1 -1000 -1000 -1000 -10
231 11706 car 0 0 -1 576.133432997699 181.22373672115117 635.6994443530493 236.8497561662573 -1 -1 -1 -1000 -1000 -1000 -10
232 11708 DontCare 0 0 -1 697.7956242046143 -5.086229570631843 1261.17023901904 300.22604703241984 -1 -1 -1 -1000 -1000 -1000 -10
232 11706 car 0 0 -1 575.4557403228252 180.8826212928736 635.2938879819512 235.94594726081593 -1 -1 -1 -1000 -1000 -1000 -10
233 11708 DontCare 0 0 -1 702.503712367942 -5.251271230868582 1260.916148338558 301.61289341233226 -1 -1 -1 -1000 -1000 -1000 -10
233 11706 car 0 0 -1 575.2688828495608 180.00892881540193 634.4666062988628 234.37987627167 -1 -1 -1 -1000 -1000 -1000 -10
234 11708 DontCare 0 0 -1 709.8281714172163 -6.077353571418655 1261.4660075069723 300.94024257113745 -1 -1 -1 -1000 -1000 -1000 -10
234 11706 car 0 0 -1 574.8671170985075 179.32917370228512 633.8790483221247 233.47818371587294 -1 -1 -1 -1000 -1000 -1000 -10
235 11708 DontCare 0 0 -1 718.889881467984 -5.776377524175473 1262.2438394292137 302.02840532633337 -1 -1 -1 -1000 -1000 -1000 -10
235 11706 car 0 0 -1 574.5854211509211 179.5794122155759 633.179402947776 233.28456106818962 -1 -1 -1 -1000 -1000 -1000 -10
236 11708 DontCare 0 0 -1 731.4145939721296 -6.307169476884212 1264.228352188784 301.1254526880774 -1 -1 -1 -1000 -1000 -1000 -10
236 11706 car 0 0 -1 575.0396202979001 179.75719168211825 633.0514866768946 233.13444209263642 -1 -1 -1 -1000 -1000 -1000 -10
237 11706 car 0 0 -1 575.1422273520242 179.42631815273495 632.4626744660007 232.82832195382997 -1 -1 -1 -1000 -1000 -1000 -10
238 11719 DontCare 0 0 -1 788.5184614141947 5.051793984180222 1248.18600289629 301.24203788310274 -1 -1 -1 -1000 -1000 -1000 -10
238 11706 car 0 0 -1 575.3202580337485 179.29759554325426 632.1391943581049 232.72099167822654 -1 -1 -1 -1000 -1000 -1000 -10
239 11719 DontCare 0 0 -1 820.160124343384 5.940727575286246 1251.3204711373116 295.57783276464846 -1 -1 -1 -1000 -1000 -1000 -10
239 11706 car 0 0 -1 576.1454531286366 178.59378313282593 632.6013204773823 232.03584110310197 -1 -1 -1 -1000 -1000 -1000 -10
240 11719 DontCare 0 0 -1 870.0156166722595 9.278392186168674 1257.9752033906343 286.8154761363538 -1 -1 -1 -1000 -1000 -1000 -10
240 11708 DontCare 0 0 -1 833.054140051871 -5.923630256371382 1285.1020564990731 304.10550599804844 -1 -1 -1 -1000 -1000 -1000 -10
240 11706 car 0 0 -1 576.5410937179272 178.13730974575122 632.7262387516394 231.32024390714605 -1 -1 -1 -1000 -1000 -1000 -10
241 11719 DontCare 0 0 -1 942.2385602733107 19.44616202432266 1269.6914573308786 284.54711601822896 -1 -1 -1 -1000 -1000 -1000 -10
241 11706 car 0 0 -1 576.7535447953793 178.48011810403128 632.7375954030935 231.19671998821119 -1 -1 -1 -1000 -1000 -1000 -10
242 11719 DontCare 0 0 -1 1078.6912804732542 44.32004590141257 1291.3398707199735 267.30433421970787 -1 -1 -1 -1000 -1000 -1000 -10
242 11706 car 0 0 -1 577.0590899151525 178.41401168555527 633.1926692876818 231.3579607523083 -1 -1 -1 -1000 -1000 -1000 -10
243 11706 car 0 0 -1 577.8190726364396 178.6333130993554 634.0466693936503 231.18510624060497 -1 -1 -1 -1000 -1000 -1000 -10
244 11706 car 0 0 -1 578.2858673481363 177.47881929551053 634.8597600866682 229.75451325908736 -1 -1 -1 -1000 -1000 -1000 -10
245 11706 car 0 0 -1 578.4014901357992 176.62503664981801 635.2386194163349 228.98557717730665 -1 -1 -1 -1000 -1000 -1000 -10
246 11706 car 0 0 -1 578.7768871871591 176.28493867759863 636.3619713584045 228.72658101896695 -1 -1 -1 -1000 -1000 -1000 -10
247 11706 car 0 0 -1 579.2575566135223 176.6222835322325 637.1051091803703 228.83363239048984 -1 -1 -1 -1000 -1000 -1000 -10
248 11706 car 0 0 -1 580.4989933834215 175.87309319974585 638.284834326925 228.46314012052014 -1 -1 -1 -1000 -1000 -1000 -10
249 11706 car 0 0 -1 581.2597508031033 176.00008482001525 638.4359234968206 228.5807589999644 -1 -1 -1 -1000 -1000 -1000 -10
250 11706 car 0 0 -1 582.3012582174542 176.0573098598394 639.0347273932505 228.6331119137643 -1 -1 -1 -1000 -1000 -1000 -10
251 11706 car 0 0 -1 582.9541487194191 176.0822956285537 639.6431571657916 228.66438933203818 -1 -1 -1 -1000 -1000 -1000 -10
252 11706 car 0 0 -1 583.8530936728612 176.0963186473538 640.5115942901537 228.6848135463604 -1 -1 -1 -1000 -1000 -1000 -10
253 11706 car 0 0 -1 585.3062867174842 176.10937125827613 641.6680777570773 228.69660823950497 -1 -1 -1 -1000 -1000 -1000 -10
254 11706 car 0 0 -1 586.5529317149193 177.2360275336741 642.6934246832467 229.54892963253118 -1 -1 -1 -1000 -1000 -1000 -10
255 11706 car 0 0 -1 588.1632512186604 177.90789902250307 643.8748645832404 230.28836450508336 -1 -1 -1 -1000 -1000 -1000 -10
256 11706 car 0 0 -1 589.4845111948264 178.15050205507916 644.8850282892406 230.58286704003436 -1 -1 -1 -1000 -1000 -1000 -10
257 11706 car 0 0 -1 591.3312002491226 177.8547553790983 646.4964414914433 229.7747593153571 -1 -1 -1 -1000 -1000 -1000 -10
258 11706 car 0 0 -1 593.0750004257123 176.89249154202258 648.6336515981167 229.0109239662455 -1 -1 -1 -1000 -1000 -1000 -10
259 11706 car 0 0 -1 594.1109822354986 176.96293781715235 649.6735237820624 228.94123434992662 -1 -1 -1 -1000 -1000 -1000 -10
260 11706 car 0 0 -1 595.312413295515 177.20008421972034 651.1640855821806 229.36297077188743 -1 -1 -1 -1000 -1000 -1000 -10
261 11706 car 0 0 -1 596.1533250072272 177.2639833538345 651.9411763006027 229.5534602796329 -1 -1 -1 -1000 -1000 -1000 -10
262 11706 car 0 0 -1 596.1723365179244 176.7921237745771 652.4780849035676 229.47137808983902 -1 -1 -1 -1000 -1000 -1000 -10
263 11706 car 0 0 -1 596.7139886488 176.54679729511128 653.3969855799243 229.50895041511046 -1 -1 -1 -1000 -1000 -1000 -10
264 11706 car 0 0 -1 597.9479704912266 176.22151798623014 654.6222399173406 229.1058747018925 -1 -1 -1 -1000 -1000 -1000 -10
265 11706 car 0 0 -1 599.5095077050577 176.57998020900388 655.8983626088694 229.12834398596058 -1 -1 -1 -1000 -1000 -1000 -10
266 11724 car 0 0 -1 580.4739299225704 176.312324642579 605.8792305536441 193.62875160317205 -1 -1 -1 -1000 -1000 -1000 -10
266 11706 car 0 0 -1 600.9570213762137 176.4991149562968 657.4293945499936 229.35858422342488 -1 -1 -1 -1000 -1000 -1000 -10
267 11724 car 0 0 -1 577.1927855287207 176.9043811921041 602.9242335435866 194.20351080588523 -1 -1 -1 -1000 -1000 -1000 -10
267 11706 car 0 0 -1 601.6569625743624 176.03757911233492 658.4522034013847 228.57438941677776 -1 -1 -1 -1000 -1000 -1000 -10
268 11724 car 0 0 -1 569.6904659569993 177.203725374988 594.2006762579545 194.13947543346032 -1 -1 -1 -1000 -1000 -1000 -10
268 11706 car 0 0 -1 602.951803523934 176.85563409342436 659.7076941135198 228.59393483075243 -1 -1 -1 -1000 -1000 -1000 -10
269 11724 car 0 0 -1 563.4781596152096 177.34738203952875 588.3695871064684 194.74658295197682 -1 -1 -1 -1000 -1000 -1000 -10
269 11706 car 0 0 -1 603.8862763398047 177.3039110518571 660.3312835358083 228.46875128699887 -1 -1 -1 -1000 -1000 -1000 -10
270 11724 car 0 0 -1 554.8634424695892 177.3439203847164 581.2961699692171 195.66709224513068 -1 -1 -1 -1000 -1000 -1000 -10
270 11706 car 0 0 -1 604.9180337053623 177.57516679354308 661.1333465796048 228.32300918940683 -1 -1 -1 -1000 -1000 -1000 -10
271 11727 car 0 0 -1 572.866640172336 178.08710751623167 608.7224981548948 200.85389231966346 -1 -1 -1 -1000 -1000 -1000 -10
271 11724 car 0 0 -1 546.7591711796866 178.41667458741784 574.653508231355 196.96272732773394 -1 -1 -1 -1000 -1000 -1000 -10
271 11706 car 0 0 -1 605.9718891182024 177.75138471369306 662.0187959636401 228.19634595815987 -1 -1 -1 -1000 -1000 -1000 -10
272 11727 car 0 0 -1 566.6000050546522 177.58171452288863 603.8503100414655 200.13780372344635 -1 -1 -1 -1000 -1000 -1000 -10
272 11706 car 0 0 -1 606.3666948294835 178.06036126009684 662.2975259830755 228.5606203732213 -1 -1 -1 -1000 -1000 -1000 -10
273 11727 car 0 0 -1 560.712554782224 178.24521980286366 597.0607463978 201.41411703786676 -1 -1 -1 -1000 -1000 -1000 -10
273 11706 car 0 0 -1 607.1534523909861 177.70507529395985 663.011323864124 228.5188935654258 -1 -1 -1 -1000 -1000 -1000 -10
274 11727 car 0 0 -1 552.6942485442213 179.46624888628932 589.8303780570253 202.96714277733756 -1 -1 -1 -1000 -1000 -1000 -10
274 11724 car 0 0 -1 521.7622871805115 181.56655458726334 551.5607645475839 201.51014426733616 -1 -1 -1 -1000 -1000 -1000 -10
274 11706 car 0 0 -1 607.6244162987881 177.509062458959 663.7043583706942 228.5639393522009 -1 -1 -1 -1000 -1000 -1000 -10
275 11727 car 0 0 -1 545.3311540896889 179.6568213605892 584.7889975792009 205.0683689255031 -1 -1 -1 -1000 -1000 -1000 -10
275 11724 car 0 0 -1 511.80829706735926 181.68212525736942 544.7431183806762 203.25508531581465 -1 -1 -1 -1000 -1000 -1000 -10
275 11706 car 0 0 -1 608.0146375990593 177.20917346634565 663.6987057452114 228.1541634466946 -1 -1 -1 -1000 -1000 -1000 -10
276 11727 car 0 0 -1 535.5944830588303 179.1398864671096 578.2060276556817 207.00630085759246 -1 -1 -1 -1000 -1000 -1000 -10
276 11724 car 0 0 -1 500.7958602578757 182.34717716984287 536.0637728287471 205.21289754742443 -1 -1 -1 -1000 -1000 -1000 -10
276 11706 car 0 0 -1 608.6642117242941 176.6578700401789 663.7935394292929 227.7848166267366 -1 -1 -1 -1000 -1000 -1000 -10
277 11727 car 0 0 -1 524.3917275031093 179.54289617083066 570.3873440479782 209.77929377542472 -1 -1 -1 -1000 -1000 -1000 -10
277 11724 car 0 0 -1 487.45770333224664 182.65196629666224 525.990606834415 207.14944973873492 -1 -1 -1 -1000 -1000 -1000 -10
277 11706 car 0 0 -1 609.1707386002148 175.75954342889014 664.1713501265364 227.03162630137876 -1 -1 -1 -1000 -1000 -1000 -10
278 11727 car 0 0 -1 512.1647854994025 179.89233315159638 562.67954885749 213.22555690379355 -1 -1 -1 -1000 -1000 -1000 -10
278 11724 car 0 0 -1 472.457973049628 183.37284385472287 514.2406750604061 210.50607866249055 -1 -1 -1 -1000 -1000 -1000 -10
278 11706 car 0 0 -1 609.8246507478929 175.3996456870532 664.4571481974291 226.7717997141639 -1 -1 -1 -1000 -1000 -1000 -10
279 11727 car 0 0 -1 501.92333559204417 181.0063829300442 554.7224448807767 216.11817206459102 -1 -1 -1 -1000 -1000 -1000 -10
279 11724 car 0 0 -1 455.7582408369501 183.36964316380937 503.64329908108834 214.61093487887536 -1 -1 -1 -1000 -1000 -1000 -10
279 11706 car 0 0 -1 610.7661130410589 175.24942967238067 665.1311385344724 226.69685632616367 -1 -1 -1 -1000 -1000 -1000 -10
280 11727 car 0 0 -1 481.0726541692343 181.7378638553469 542.0092943812471 222.1304151379875 -1 -1 -1 -1000 -1000 -1000 -10
280 11724 car 0 0 -1 434.3525227429552 183.54411785853046 486.40825539161085 218.53805884830996 -1 -1 -1 -1000 -1000 -1000 -10
280 11706 car 0 0 -1 611.799410708192 175.18358878240159 665.970446153191 226.68772553123543 -1 -1 -1 -1000 -1000 -1000 -10
281 11727 car 0 0 -1 472.17985086317645 183.44011951861165 531.6664582229564 225.5061781573885 -1 -1 -1 -1000 -1000 -1000 -10
281 11724 car 0 0 -1 408.1107511696106 184.24661496981003 465.19742424447713 223.2434122896858 -1 -1 -1 -1000 -1000 -1000 -10
281 11706 car 0 0 -1 612.6606592455375 175.34940417671436 666.4255708148846 227.15644894558307 -1 -1 -1 -1000 -1000 -1000 -10
282 11724 car 0 0 -1 375.9754924777648 186.6269691641479 438.77185852932513 230.0362157950272 -1 -1 -1 -1000 -1000 -1000 -10
282 11706 car 0 0 -1 613.691702331744 175.82215141305883 667.1522125136714 227.58598719370465 -1 -1 -1 -1000 -1000 -1000 -10
283 11728 car 0 0 -1 367.84259636062825 186.3081882710432 484.8677743141624 259.80828386004885 -1 -1 -1 -1000 -1000 -1000 -10
283 11724 car 0 0 -1 332.4602901964191 189.25294563972977 401.2873466172622 238.64518110522175 -1 -1 -1 -1000 -1000 -1000 -10
283 11706 car 0 0 -1 614.7647067258216 176.01142972458902 668.0043135046072 227.74469024299796 -1 -1 -1 -1000 -1000 -1000 -10
284 11728 car 0 0 -1 298.49028795989744 188.54682519651857 450.62731679850725 280.8603582977056 -1 -1 -1 -1000 -1000 -1000 -10
284 11706 car 0 0 -1 615.8385033906693 176.08961058778672 668.9181332905046 227.8016342518068 -1 -1 -1 -1000 -1000 -1000 -10
285 11728 car 0 0 -1 176.43767037861954 191.85881853207312 397.9267932294827 319.6541608493004 -1 -1 -1 -1000 -1000 -1000 -10
285 11706 car 0 0 -1 616.8971335127264 175.66113222088777 669.8695420141075 227.63043582177423 -1 -1 -1 -1000 -1000 -1000 -10
286 11728 car 0 0 -1 33.64488190319014 202.13700054695016 319.1592647556232 364.93054555058586 -1 -1 -1 -1000 -1000 -1000 -10
286 11706 car 0 0 -1 617.4844328863742 175.26072928890437 670.6464961119407 227.1525849341616 -1 -1 -1 -1000 -1000 -1000 -10
287 11728 car 0 0 -1 -43.85888195427715 224.10705015165556 192.34752924899811 380.7887496038137 -1 -1 -1 -1000 -1000 -1000 -10
287 11706 car 0 0 -1 618.1131930306437 175.40407951355053 671.136428110141 226.6801109367609 -1 -1 -1 -1000 -1000 -1000 -10
288 11706 car 0 0 -1 619.0053189711817 175.56730340336463 671.9237615355781 226.39771335145645 -1 -1 -1 -1000 -1000 -1000 -10
289 11706 car 0 0 -1 619.5267939022606 175.708107397599 672.6422536885698 226.21761394220056 -1 -1 -1 -1000 -1000 -1000 -10
290 11706 car 0 0 -1 619.4760057653154 175.82008154278287 672.4604077261713 226.0963789785988 -1 -1 -1 -1000 -1000 -1000 -10
291 11706 car 0 0 -1 619.4556118057257 175.90546260313434 672.344908855666 226.01270539577874 -1 -1 -1 -1000 -1000 -1000 -10
292 11706 car 0 0 -1 619.442726516317 175.96928359369045 672.2634782276032 225.95429756878755 -1 -1 -1 -1000 -1000 -1000 -10
293 11706 car 0 0 -1 618.7733750332453 176.206302541006 671.5525478024771 226.37663399355992 -1 -1 -1 -1000 -1000 -1000 -10
