0 12032 DontCare 0 0 -1 684.0 167.0 701.0 203.0 -1 -1 -1 -1000 -1000 -1000 -10
0 12031 DontCare 0 0 -1 220.0 86.0 249.0 131.0 -1 -1 -1 -1000 -1000 -1000 -10
0 12030 DontCare 0 0 -1 556.0 173.0 659.0 269.0 -1 -1 -1 -1000 -1000 -1000 -10
0 12029 DontCare 0 0 -1 1.0 219.0 89.0 286.0 -1 -1 -1 -1000 -1000 -1000 -10
0 12028 DontCare 0 0 -1 195.0 72.0 218.0 123.0 -1 -1 -1 -1000 -1000 -1000 -10
0 12027 DontCare 0 0 -1 579.0 172.0 629.0 258.0 -1 -1 -1 -1000 -1000 -1000 -10
0 12026 DontCare 0 0 -1 555.0 201.0 659.0 272.0 -1 -1 -1 -1000 -1000 -1000 -10
0 12025 car 0 0 -1 462.0 182.0 567.0 217.0 -1 -1 -1 -1000 -1000 -1000 -10
1 12033 DontCare 0 0 -1 615.0 180.0 654.0 250.0 -1 -1 -1 -1000 -1000 -1000 -10
1 12031 DontCare 0 0 -1 220.0 86.0 249.0 131.0 -1 -1 -1 -1000 -1000 -1000 -10
1 12030 DontCare 0 0 -1 595.2208401434549 182.3551777277213 654.7756640515112 248.6459209538608 -1 -1 -1 -1000 -1000 -1000 -10
1 12029 DontCare 0 0 -1 1.0 219.0 89.0 286.0 -1 -1 -1 -1000 -1000 -1000 -10
1 12028 DontCare 0 0 -1 195.0 72.0 218.0 123.0 -1 -1 -1 -1000 -1000 -1000 -10
1 12027 DontCare 0 0 -1 596.3264730493868 178.2700882882834 632.6714294675928 245.73051099257955 -1 -1 -1 -1000 -1000 -1000 -10
1 12026 DontCare 0 0 -1 574.7641468354101 201.5005115005908 679.2318579588367 270.499588379553 -1 -1 -1 -1000 -1000 -1000 -10
1 12025 car 0 0 -1 473.9391283023399 179.37725852818338 578.0585744543521 215.6231409923919 -1 -1 -1 -1000 -1000 -1000 -10
2 12031 DontCare 0 0 -1 220.0 86.0 249.0 131.0 -1 -1 -1 -1000 -1000 -1000 -10
2 12029 DontCare 0 0 -1 1.0 219.0 89.0 286.0 -1 -1 -1 -1000 -1000 -1000 -10
2 12028 DontCare 0 0 -1 194.94875997116364 71.22516848472537 218.05124002883636 122.83367885966771 -1 -1 -1 -1000 -1000 -1000 -10
2 12026 DontCare 0 0 -1 591.5836957031448 199.92416749506728 695.8251793133715 268.2524509479679 -1 -1 -1 -1000 -1000 -1000 -10
2 12025 car 0 0 -1 486.0454376122504 179.20936809728218 590.8351102722783 216.4967008201759 -1 -1 -1 -1000 -1000 -1000 -10
3 12031 DontCare 0 0 -1 220.0 86.0 249.0 131.0 -1 -1 -1 -1000 -1000 -1000 -10
3 12029 DontCare 0 0 -1 1.0 219.0 89.0 286.0 -1 -1 -1 -1000 -1000 -1000 -10
3 12028 DontCare 0 0 -1 194.9425516869284 71.02702721232534 218.0574483130716 122.86503765630168 -1 -1 -1 -1000 -1000 -1000 -10
3 12026 DontCare 0 0 -1 610.114610294635 206.21635364671772 711.0456225230012 269.7777932927912 -1 -1 -1 -1000 -1000 -1000 -10
3 12025 car 0 0 -1 499.4594482649461 178.91666850693375 604.1437605482461 216.16442764716894 -1 -1 -1 -1000 -1000 -1000 -10
4 12031 DontCare 0 0 -1 220.0 86.0 249.0 131.0 -1 -1 -1 -1000 -1000 -1000 -10
4 12030 DontCare 0 0 -1 668.0150381417997 174.26634040998977 710.5063595034213 241.23688949447683 -1 -1 -1 -1000 -1000 -1000 -10
4 12029 DontCare 0 0 -1 1.0 219.0 89.0 286.0 -1 -1 -1 -1000 -1000 -1000 -10
4 12028 DontCare 0 0 -1 194.94654509966193 70.96522893860306 218.05345490033807 122.91060973346576 -1 -1 -1 -1000 -1000 -1000 -10
4 12026 DontCare 0 0 -1 627.6871268137786 199.94964534617037 730.5122164837717 266.4205193235996 -1 -1 -1 -1000 -1000 -1000 -10
4 12025 car 0 0 -1 510.82118391270797 179.17150688594683 613.5484716756473 216.53835099305218 -1 -1 -1 -1000 -1000 -1000 -10
5 12033 DontCare 0 0 -1 669.235314950487 163.7256778244813 715.7852404268833 250.52405397844052 -1 -1 -1 -1000 -1000 -1000 -10
5 12031 DontCare 0 0 -1 220.0 86.0 249.0 131.0 -1 -1 -1 -1000 -1000 -1000 -10
5 12029 DontCare 0 0 -1 1.0884043317355392 218.84121215016884 88.91159566826445 285.4189754794826 -1 -1 -1 -1000 -1000 -1000 -10
5 12028 DontCare 0 0 -1 194.95274585235373 70.94410011838076 218.04725414764627 122.94570405722192 -1 -1 -1 -1000 -1000 -1000 -10
5 12026 DontCare 0 0 -1 645.436969082747 195.21843547069602 747.6703947008509 263.7151464801138 -1 -1 -1 -1000 -1000 -1000 -10
5 12025 car 0 0 -1 524.2509413277811 181.31927556970072 625.2961913793878 216.8161159467266 -1 -1 -1 -1000 -1000 -1000 -10
6 12034 DontCare 0 0 -1 673.3305519559426 159.1125080526764 743.7845219923404 260.29904130879584 -1 -1 -1 -1000 -1000 -1000 -10
6 12033 DontCare 0 0 -1 682.7843020623075 160.97454961584657 733.7678743776023 251.10049467332584 -1 -1 -1 -1000 -1000 -1000 -10
6 12031 DontCare 0 0 -1 220.0 86.0 249.0 131.0 -1 -1 -1 -1000 -1000 -1000 -10
6 12029 DontCare 0 0 -1 1.0455022545008177 219.00386814965634 88.95449774549918 285.72647902077955 -1 -1 -1 -1000 -1000 -1000 -10
6 12028 DontCare 0 0 -1 194.95890194220297 70.93743078236383 218.04109805779703 122.97007095978392 -1 -1 -1 -1000 -1000 -1000 -10
6 12026 DontCare 0 0 -1 664.2587346071604 196.88894880801547 765.9511549944531 265.3902235000411 -1 -1 -1 -1000 -1000 -1000 -10
6 12025 car 0 0 -1 536.3464445425791 182.59102923481856 636.879636880502 217.77356472689206 -1 -1 -1 -1000 -1000 -1000 -10
7 12033 DontCare 0 0 -1 700.6048323430737 160.69321223814254 749.7623707914777 250.87712363330687 -1 -1 -1 -1000 -1000 -1000 -10
7 12031 DontCare 0 0 -1 220.0 86.0 249.0 131.0 -1 -1 -1 -1000 -1000 -1000 -10
7 12029 DontCare 0 0 -1 1.0227307203859652 219.0439715908152 88.97726927961403 285.85813932068265 -1 -1 -1 -1000 -1000 -1000 -10
7 12028 DontCare 0 0 -1 194.96437280878584 70.93653745891294 218.03562719121416 122.98642933525596 -1 -1 -1 -1000 -1000 -1000 -10
7 12026 DontCare 0 0 -1 681.2342024333568 192.7867887755104 784.0010179566439 264.52613765795377 -1 -1 -1 -1000 -1000 -1000 -10
7 12025 car 0 0 -1 548.9868878261458 181.7442257383001 647.4199701706942 216.57508296413573 -1 -1 -1 -1000 -1000 -1000 -10
8 12031 DontCare 0 0 -1 220.0 86.0 249.0 131.0 -1 -1 -1 -1000 -1000 -1000 -10
8 12029 DontCare 0 0 -1 1.0103288622276523 219.04575280014961 88.98967113777235 285.9198947798904 -1 -1 -1 -1000 -1000 -1000 -10
8 12028 DontCare 0 0 -1 194.96903735241608 70.93815615874999 218.03096264758392 122.99723132080868 -1 -1 -1 -1000 -1000 -1000 -10
8 12026 DontCare 0 0 -1 699.3951578665682 190.5815107159877 801.5109778256002 263.6712602210417 -1 -1 -1 -1000 -1000 -1000 -10
8 12025 car 0 0 -1 562.1279707361409 181.2976295050917 658.6678102010658 215.5639540901478 -1 -1 -1 -1000 -1000 -1000 -10
9 12031 DontCare 0 0 -1 220.0 86.0 249.0 131.0 -1 -1 -1 -1000 -1000 -1000 -10
9 12029 DontCare 0 0 -1 1.003489515529843 219.0373960947105 88.99651048447015 285.95178646083923 -1 -1 -1 -1000 -1000 -1000 -10
9 12028 DontCare 0 0 -1 194.9884666841089 71.45247076643915 218.0115333158911 123.17087851940514 -1 -1 -1 -1000 -1000 -1000 -10
9 12026 DontCare 0 0 -1 716.7697952778625 191.16881427451253 817.3262229824344 264.1108430732694 -1 -1 -1 -1000 -1000 -1000 -10
9 12025 car 0 0 -1 576.8404856771243 181.512206840343 672.8459297134265 214.80281509162043 -1 -1 -1 -1000 -1000 -1000 -10
10 12036 DontCare 0 0 -1 683.2200993317716 165.9999997273277 700.8975189471586 203.0000002726723 -1 -1 -1 -1000 -1000 -1000 -10
10 12031 DontCare 0 0 -1 220.0 86.0 249.0 131.0 -1 -1 -1 -1000 -1000 -1000 -10
10 12029 DontCare 0 0 -1 1.0405352669375318 218.85931454760896 88.95946473306248 285.46603312942267 -1 -1 -1 -1000 -1000 -1000 -10
10 12028 DontCare 0 0 -1 194.99947181129048 71.69668695788347 218.00052818870952 123.18342639122771 -1 -1 -1 -1000 -1000 -1000 -10
10 12026 DontCare 0 0 -1 734.7163775147483 190.3457102167007 835.7126405920353 264.068923325806 -1 -1 -1 -1000 -1000 -1000 -10
10 12025 car 0 0 -1 588.2559247091399 180.60168174255182 682.5183082907968 213.4906945819252 -1 -1 -1 -1000 -1000 -1000 -10
11 12036 DontCare 0 0 -1 683.210522396617 166.58742286376628 701.5735642072533 204.10674244536904 -1 -1 -1 -1000 -1000 -1000 -10
11 12031 DontCare 0 0 -1 220.0 86.0 249.0 131.0 -1 -1 -1 -1000 -1000 -1000 -10
11 12029 DontCare 0 0 -1 1.022983935797349 219.01254054840234 88.97701606420264 285.73524691881045 -1 -1 -1 -1000 -1000 -1000 -10
11 12028 DontCare 0 0 -1 195.00561665653802 71.82366918732652 217.99438334346198 123.15103895480732 -1 -1 -1 -1000 -1000 -1000 -10
11 12026 DontCare 0 0 -1 753.3206410410239 189.38116263650588 853.2636481590932 263.45595676485203 -1 -1 -1 -1000 -1000 -1000 -10
11 12025 car 0 0 -1 597.0958100673237 179.92064120573693 692.5637612777883 213.34860522994555 -1 -1 -1 -1000 -1000 -1000 -10
12 12033 DontCare 0 0 -1 784.2324317344928 164.4580563499675 844.0672624403769 256.60409142207766 -1 -1 -1 -1000 -1000 -1000 -10
12 12031 DontCare 0 0 -1 220.0 86.0 249.0 131.0 -1 -1 -1 -1000 -1000 -1000 -10
12 12029 DontCare 0 0 -1 1.0123877813107143 219.05198710004606 88.98761221868929 285.8561135190046 -1 -1 -1 -1000 -1000 -1000 -10
12 12028 DontCare 0 0 -1 195.00892773232349 71.89569103100986 217.99107226767651 123.11259074868455 -1 -1 -1 -1000 -1000 -1000 -10
12 12026 DontCare 0 0 -1 771.8913366129464 189.7137022050294 870.110944668488 263.9371224898212 -1 -1 -1 -1000 -1000 -1000 -10
12 12025 car 0 0 -1 610.5702200705607 180.1854093032415 703.1727707828295 213.45303550504963 -1 -1 -1 -1000 -1000 -1000 -10
13 12031 DontCare 0 0 -1 220.0 86.0 249.0 131.0 -1 -1 -1 -1000 -1000 -1000 -10
13 12029 DontCare 0 0 -1 1.005948383648004 219.05355428986354 88.994051616352 285.91521214642296 -1 -1 -1 -1000 -1000 -1000 -10
13 12028 DontCare 0 0 -1 195.01057854299216 71.9395195384842 217.98942145700784 123.07949986335626 -1 -1 -1 -1000 -1000 -1000 -10
13 12026 DontCare 0 0 -1 790.20251183001 188.04356543582708 886.9406587611445 262.66552867471137 -1 -1 -1 -1000 -1000 -1000 -10
13 12025 car 0 0 -1 614.6087129516363 180.04791793189892 707.9421962738884 213.07840521515928 -1 -1 -1 -1000 -1000 -1000 -10
14 12031 DontCare 0 0 -1 220.0 86.0 249.0 131.0 -1 -1 -1 -1000 -1000 -1000 -10
14 12029 DontCare 0 0 -1 1.0020290725834755 219.0445043804129 88.99797092741653 285.947006149526 -1 -1 -1 -1000 -1000 -1000 -10
14 12028 DontCare 0 0 -1 195.01125831112515 71.967513920749 217.98874168887485 123.05383653589216 -1 -1 -1 -1000 -1000 -1000 -10
14 12026 DontCare 0 0 -1 807.5568471042496 189.76509178437826 903.3029877488176 263.19988962033926 -1 -1 -1 -1000 -1000 -1000 -10
14 12025 car 0 0 -1 627.2543049642384 182.40909280701499 716.9228222682186 214.49850966012747 -1 -1 -1 -1000 -1000 -1000 -10
15 12037 car 0 0 -1 643.2917122285579 180.8711323698108 710.8249891321017 208.48179887683594 -1 -1 -1 -1000 -1000 -1000 -10
15 12031 DontCare 0 0 -1 220.0 86.0 249.0 131.0 -1 -1 -1 -1000 -1000 -1000 -10
15 12030 DontCare 0 0 -1 848.6136536275627 162.44335423653516 897.7659744064416 248.1165439655305 -1 -1 -1 -1000 -1000 -1000 -10
15 12029 DontCare 0 0 -1 0.9996550816717189 219.03411929175843 89.00034491832828 285.96571362422435 -1 -1 -1 -1000 -1000 -1000 -10
15 12028 DontCare 0 0 -1 195.49434005645736 72.0267682477527 218.16478786871323 122.99394439546211 -1 -1 -1 -1000 -1000 -1000 -10
15 12026 DontCare 0 0 -1 825.3997506151378 194.06596311345209 919.9649444900662 264.418412412231 -1 -1 -1 -1000 -1000 -1000 -10
15 12025 car 0 0 -1 630.7498424007534 180.9954458261385 703.6498490909427 210.75018913925248 -1 -1 -1 -1000 -1000 -1000 -10
16 12037 car 0 0 -1 646.2229079409075 177.8243365157157 711.2427518621145 206.59838784730533 -1 -1 -1 -1000 -1000 -1000 -10
16 12031 DontCare 0 0 -1 220.0 86.0 249.0 131.0 -1 -1 -1 -1000 -1000 -1000 -10
16 12030 DontCare 0 0 -1 858.7329131688913 164.74589289961273 909.2037991448723 248.9033427263713 -1 -1 -1 -1000 -1000 -1000 -10
16 12029 DontCare 0 0 -1 0.99823687525096 219.02516464765847 89.00176312474903 285.97752600684186 -1 -1 -1 -1000 -1000 -1000 -10
16 12028 DontCare 0 0 -1 195.72729066885734 72.06353628029267 218.17964035964917 122.95560077945866 -1 -1 -1 -1000 -1000 -1000 -10
16 12026 DontCare 0 0 -1 842.6604556937436 193.12981946972053 936.1950974954959 262.86738771015234 -1 -1 -1 -1000 -1000 -1000 -10
16 12025 car 0 0 -1 648.0739440375054 179.00633520909238 724.0143835156317 209.4777683587523 -1 -1 -1 -1000 -1000 -1000 -10
17 12033 DontCare 0 0 -1 864.8844677323999 190.25053885089625 949.415695028427 266.0570985750768 -1 -1 -1 -1000 -1000 -1000 -10
17 12031 DontCare 0 0 -1 220.0 86.0 249.0 131.0 -1 -1 -1 -1000 -1000 -1000 -10
17 12030 DontCare 0 0 -1 879.6463573211375 168.36707708534388 930.1035638801355 252.3954145704126 -1 -1 -1 -1000 -1000 -1000 -10
17 12029 DontCare 0 0 -1 0.9974132382061853 219.0181474865111 89.00258676179382 285.98535044161065 -1 -1 -1 -1000 -1000 -1000 -10
17 12028 DontCare 0 0 -1 195.37118482045904 72.04980359694173 217.96974304799105 122.96756277733829 -1 -1 -1 -1000 -1000 -1000 -10
17 12026 DontCare 0 0 -1 860.740990461803 192.87368650185067 953.8558783887152 262.20628118551593 -1 -1 -1 -1000 -1000 -1000 -10
18 12033 DontCare 0 0 -1 880.961416482323 187.6880148911333 968.4767942247032 263.44235168867783 -1 -1 -1 -1000 -1000 -1000 -10
18 12031 DontCare 0 0 -1 220.0 86.0 249.0 131.0 -1 -1 -1 -1000 -1000 -1000 -10
18 12030 DontCare 0 0 -1 888.5465652794671 170.71653309278122 940.4350290984548 251.44425530770417 -1 -1 -1 -1000 -1000 -1000 -10
18 12029 DontCare 0 0 -1 0.9969604239563168 219.01287064231477 89.00303957604368 285.9906834641072 -1 -1 -1 -1000 -1000 -1000 -10
18 12028 DontCare 0 0 -1 195.2102103223561 72.04068913599137 217.91456669404494 122.97496961131652 -1 -1 -1 -1000 -1000 -1000 -10
18 12026 DontCare 0 0 -1 878.7219153430951 192.331802234338 971.1553084758987 260.4591057752268 -1 -1 -1 -1000 -1000 -1000 -10
19 12031 DontCare 0 0 -1 220.0 86.0 249.0 131.0 -1 -1 -1 -1000 -1000 -1000 -10
19 12029 DontCare 0 0 -1 0.9967385955328467 219.00897929756508 89.00326140446715 285.9943721539842 -1 -1 -1 -1000 -1000 -1000 -10
19 12028 DontCare 0 0 -1 195.1307265660684 72.03446016479342 217.91181698237023 122.97963239848917 -1 -1 -1 -1000 -1000 -1000 -10
19 12026 DontCare 0 0 -1 895.9540011484529 190.91949326600565 987.7162154134775 259.0668501871541 -1 -1 -1 -1000 -1000 -1000 -10
19 12025 car 0 0 -1 673.1233225869642 179.2146592612845 749.1803703057667 207.395542572098 -1 -1 -1 -1000 -1000 -1000 -10
20 12031 DontCare 0 0 -1 220.0 86.0 249.0 131.0 -1 -1 -1 -1000 -1000 -1000 -10
20 12029 DontCare 0 0 -1 0.9966597481115045 219.00613738527449 89.00334025188849 285.99693704265644 -1 -1 -1 -1000 -1000 -1000 -10
20 12028 DontCare 0 0 -1 195.08126646580408 71.5549861686139 217.9302870411465 122.80257547299728 -1 -1 -1 -1000 -1000 -1000 -10
20 12026 DontCare 0 0 -1 913.248673360994 189.76802153745635 1003.6536088583337 257.8798839000064 -1 -1 -1 -1000 -1000 -1000 -10
20 12025 car 0 0 -1 682.3125767526498 179.83357709115575 755.0494105731269 207.46518809656624 -1 -1 -1 -1000 -1000 -1000 -10
21 12031 DontCare 0 0 -1 220.0 86.0 249.0 131.0 -1 -1 -1 -1000 -1000 -1000 -10
21 12029 DontCare 0 0 -1 0.996668226063882 219.00407231577887 89.00333177393611 285.99871809695173 -1 -1 -1 -1000 -1000 -1000 -10
21 12028 DontCare 0 0 -1 195.05166372350476 71.32176895105229 217.94848169733825 122.78719891764553 -1 -1 -1 -1000 -1000 -1000 -10
21 12026 DontCare 0 0 -1 929.3105335343475 188.83358064267014 1019.9618744011759 257.3124936948311 -1 -1 -1 -1000 -1000 -1000 -10
21 12025 car 0 0 -1 689.8735423682992 179.83165880384144 757.7913247851423 206.43439741921713 -1 -1 -1 -1000 -1000 -1000 -10
22 12031 DontCare 0 0 -1 220.0 86.0 249.0 131.0 -1 -1 -1 -1000 -1000 -1000 -10
22 12029 DontCare 0 0 -1 0.9967287413503527 219.00257604936462 89.00327125864965 285.999946457578 -1 -1 -1 -1000 -1000 -1000 -10
22 12028 DontCare 0 0 -1 195.50619926873478 71.22452316646314 218.14439163531003 122.79190110169137 -1 -1 -1 -1000 -1000 -1000 -10
22 12026 DontCare 0 0 -1 947.0317315386272 186.9394426458674 1035.5999825125018 256.06112021635136 -1 -1 -1 -1000 -1000 -1000 -10
23 12038 car 0 0 -1 707.0043430828853 182.8612813834284 742.6592655823104 205.5659537768261 -1 -1 -1 -1000 -1000 -1000 -10
23 12031 DontCare 0 0 -1 220.0 86.0 249.0 131.0 -1 -1 -1 -1000 -1000 -1000 -10
23 12029 DontCare 0 0 -1 0.9968189232976741 219.00149412441777 89.00318107670233 286.0007831644444 -1 -1 -1 -1000 -1000 -1000 -10
23 12028 DontCare 0 0 -1 195.25027026994232 71.14235618248387 217.99228504664617 122.84106710414005 -1 -1 -1 -1000 -1000 -1000 -10
23 12026 DontCare 0 0 -1 964.3633105925076 186.08710601293103 1052.0086039875189 255.76501925218548 -1 -1 -1 -1000 -1000 -1000 -10
24 12038 car 0 0 -1 709.6847950132016 182.49513458558008 746.1024238737222 205.62193817331146 -1 -1 -1 -1000 -1000 -1000 -10
24 12031 DontCare 0 0 -1 220.0 86.0 249.0 131.0 -1 -1 -1 -1000 -1000 -1000 -10
24 12029 DontCare 0 0 -1 0.9969246407151786 219.00071334428586 89.00307535928482 286.00134200820924 -1 -1 -1 -1000 -1000 -1000 -10
24 12028 DontCare 0 0 -1 195.60685788380857 71.1143703334692 218.1338058991317 122.85862975938218 -1 -1 -1 -1000 -1000 -1000 -10
24 12026 DontCare 0 0 -1 980.5874732472238 184.7759746100236 1067.0564615504074 255.3797594523933 -1 -1 -1 -1000 -1000 -1000 -10
25 12038 car 0 0 -1 716.5536896554858 182.61754832202047 752.3536606758222 206.1407726156338 -1 -1 -1 -1000 -1000 -1000 -10
25 12031 DontCare 0 0 -1 220.0 86.0 249.0 131.0 -1 -1 -1 -1000 -1000 -1000 -10
25 12029 DontCare 0 0 -1 0.9970370396925574 219.0001512599897 89.00296296030744 286.00170401641316 -1 -1 -1 -1000 -1000 -1000 -10
25 12028 DontCare 0 0 -1 195.77876788098988 71.09510245720752 218.1499161894499 122.87590736806989 -1 -1 -1 -1000 -1000 -1000 -10
25 12026 DontCare 0 0 -1 997.1856369773013 185.35060717002773 1082.1076694041153 255.51590266939257 -1 -1 -1 -1000 -1000 -1000 -10
26 12038 car 0 0 -1 721.7477648536101 181.8576324145613 757.1682313247775 205.67878581846043 -1 -1 -1 -1000 -1000 -1000 -10
26 12031 DontCare 0 0 -1 220.0 86.0 249.0 131.0 -1 -1 -1 -1000 -1000 -1000 -10
26 12029 DontCare 0 0 -1 0.9971506541448747 218.99974798062573 89.00284934585513 286.0019271118392 -1 -1 -1 -1000 -1000 -1000 -10
26 12028 DontCare 0 0 -1 195.8698648606795 71.08105431142883 218.12821057559825 122.89099866258593 -1 -1 -1 -1000 -1000 -1000 -10
26 12026 DontCare 0 0 -1 1014.410724321525 185.4976715893738 1097.3374383516343 255.0291838751371 -1 -1 -1 -1000 -1000 -1000 -10
27 12038 car 0 0 -1 722.920670570487 181.36730513325446 759.9321906591962 205.74149520699237 -1 -1 -1 -1000 -1000 -1000 -10
27 12031 DontCare 0 0 -1 220.0 86.0 249.0 131.0 -1 -1 -1 -1000 -1000 -1000 -10
27 12029 DontCare 0 0 -1 0.9972621933024541 218.99946004467148 89.00273780669755 286.00205276409673 -1 -1 -1 -1000 -1000 -1000 -10
27 12028 DontCare 0 0 -1 195.92274370651444 71.07047706267929 218.09949126689145 122.90360322613 -1 -1 -1 -1000 -1000 -1000 -10
27 12026 DontCare 0 0 -1 1030.6119264523818 185.00100294424064 1113.2492524563936 254.12938225208947 -1 -1 -1 -1000 -1000 -1000 -10
28 12038 car 0 0 -1 725.7252986264441 181.13534092824614 763.7755217650683 205.82923064239418 -1 -1 -1 -1000 -1000 -1000 -10
28 12031 DontCare 0 0 -1 220.0 86.0 249.0 131.0 -1 -1 -1 -1000 -1000 -1000 -10
28 12029 DontCare 0 0 -1 0.9973697598751414 218.99925591732568 89.00263024012486 286.00211066157846 -1 -1 -1 -1000 -1000 -1000 -10
28 12028 DontCare 0 0 -1 195.95574308225565 71.06236827303456 218.07354316114953 122.91395639220849 -1 -1 -1 -1000 -1000 -1000 -10
28 12026 DontCare 0 0 -1 1047.0998367440627 187.44050989218556 1130.0560824565061 255.118470666137 -1 -1 -1 -1000 -1000 -1000 -10
29 12038 car 0 0 -1 730.9345770550431 181.65595113514502 767.5396361973128 205.94575032424513 -1 -1 -1 -1000 -1000 -1000 -10
29 12031 DontCare 0 0 -1 220.0 86.0 249.0 131.0 -1 -1 -1 -1000 -1000 -1000 -10
29 12029 DontCare 0 0 -1 0.9974723441733389 218.99911271091713 89.00252765582667 286.0021220314463 -1 -1 -1 -1000 -1000 -1000 -10
29 12028 DontCare 0 0 -1 195.97734834313542 71.05607967021471 218.0526435567915 122.9224288145159 -1 -1 -1 -1000 -1000 -1000 -10
29 12026 DontCare 0 0 -1 1062.3631658804343 186.83975015558974 1145.2724016943985 253.78620371497772 -1 -1 -1 -1000 -1000 -1000 -10
30 12038 car 0 0 -1 735.672936344194 181.7982564400521 769.900941878948 205.37132215911134 -1 -1 -1 -1000 -1000 -1000 -10
30 12031 DontCare 0 0 -1 220.0 86.0 249.0 131.0 -1 -1 -1 -1000 -1000 -1000 -10
30 12029 DontCare 0 0 -1 0.9975694961343464 218.99901380539328 89.00243050386565 286.00210201510134 -1 -1 -1 -1000 -1000 -1000 -10
30 12028 DontCare 0 0 -1 195.99186652739846 71.05115630678075 218.0365918239439 122.9293836442731 -1 -1 -1 -1000 -1000 -1000 -10
30 12026 DontCare 0 0 -1 1078.3568285422405 185.9196208957219 1160.6545927144123 252.0391866103613 -1 -1 -1 -1000 -1000 -1000 -10
31 12041 car 0 0 -1 712.1489383513943 184.7388828658864 739.9235972126515 200.19228280382123 -1 -1 -1 -1000 -1000 -1000 -10
31 12038 car 0 0 -1 738.085565167962 180.91267828051184 771.208979812107 203.42345080685914 -1 -1 -1 -1000 -1000 -1000 -10
31 12031 DontCare 0 0 -1 220.0 86.0 249.0 131.0 -1 -1 -1 -1000 -1000 -1000 -10
31 12029 DontCare 0 0 -1 0.9976611126275188 218.9989471244885 89.00233888737247 286.00206137471486 -1 -1 -1 -1000 -1000 -1000 -10
31 12028 DontCare 0 0 -1 196.00171250732353 71.04726427968544 218.02452869122664 122.93513261337486 -1 -1 -1 -1000 -1000 -1000 -10
31 12026 DontCare 0 0 -1 1091.1241637970666 180.82488795341024 1170.4660440363273 248.96693304387904 -1 -1 -1 -1000 -1000 -1000 -10
32 12038 car 0 0 -1 740.2533806768104 181.2250466254606 773.5158446786593 202.72904694616625 -1 -1 -1 -1000 -1000 -1000 -10
32 12031 DontCare 0 0 -1 220.0 86.0 249.0 131.0 -1 -1 -1 -1000 -1000 -1000 -10
32 12029 DontCare 0 0 -1 0.9977472997591406 218.9989038873635 89.00225270024086 286.00200772209695 -1 -1 -1 -1000 -1000 -1000 -10
32 12028 DontCare 0 0 -1 196.00836527590477 71.04415343744519 218.0155544004471 122.93992898030315 -1 -1 -1 -1000 -1000 -1000 -10
32 12026 DontCare 0 0 -1 1109.3693879536725 175.76072734679678 1190.419895641416 247.055163229781 -1 -1 -1 -1000 -1000 -1000 -10
33 12038 car 0 0 -1 740.9457672290725 181.337931895417 774.2751236630666 201.8276314191511 -1 -1 -1 -1000 -1000 -1000 -10
33 12031 DontCare 0 0 -1 220.0 86.0 249.0 131.0 -1 -1 -1 -1000 -1000 -1000 -10
33 12029 DontCare 0 0 -1 1.0057318444873218 218.8148778749794 88.99426815551269 285.5328176842563 -1 -1 -1 -1000 -1000 -1000 -10
33 12028 DontCare 0 0 -1 196.0127923486456 71.04163495517575 218.00890798930013 122.94397312874948 -1 -1 -1 -1000 -1000 -1000 -10
34 12038 car 0 0 -1 742.2330075067057 181.54440254123762 775.3084931497858 201.34240760955987 -1 -1 -1 -1000 -1000 -1000 -10
34 12031 DontCare 0 0 -1 220.0 86.0 249.0 131.0 -1 -1 -1 -1000 -1000 -1000 -10
34 12029 DontCare 0 0 -1 1.0115543139842345 218.7946343162139 88.98844568601577 285.3059193367769 -1 -1 -1 -1000 -1000 -1000 -10
34 12028 DontCare 0 0 -1 196.01565435325656 71.0395660986036 218.00399405515813 122.94742150338875 -1 -1 -1 -1000 -1000 -1000 -10
35 12038 car 0 0 -1 744.941456222702 181.75354282344392 777.2430609187526 201.0460035316981 -1 -1 -1 -1000 -1000 -1000 -10
35 12031 DontCare 0 0 -1 220.0 86.0 249.0 131.0 -1 -1 -1 -1000 -1000 -1000 -10
35 12029 DontCare 0 0 -1 1.0156618432990214 218.82371578060844 88.98433815670097 285.18516131460115 -1 -1 -1 -1000 -1000 -1000 -10
35 12028 DontCare 0 0 -1 196.01741385275605 71.03783909369743 218.00036249055964 122.95039545377197 -1 -1 -1 -1000 -1000 -1000 -10
36 12038 car 0 0 -1 746.1204086316118 181.9502340753292 776.9805158417246 200.8327046580215 -1 -1 -1 -1000 -1000 -1000 -10
36 12031 DontCare 0 0 -1 220.0 86.0 249.0 131.0 -1 -1 -1 -1000 -1000 -1000 -10
36 12029 DontCare 0 0 -1 1.0184629908218454 218.86187822298294 88.98153700917815 285.1146685653019 -1 -1 -1 -1000 -1000 -1000 -10
36 12028 DontCare 0 0 -1 196.01839912731026 71.03637271785219 217.9976785088321 122.95298887705873 -1 -1 -1 -1000 -1000 -1000 -10
37 12041 car 0 0 -1 709.6108987973203 184.94140980888335 739.1691173408362 200.75549830410841 -1 -1 -1 -1000 -1000 -1000 -10
37 12038 car 0 0 -1 747.0703368411779 182.07468585111175 777.5234346765891 200.71658307402194 -1 -1 -1 -1000 -1000 -1000 -10
37 12031 DontCare 0 0 -1 220.0 86.0 249.0 131.0 -1 -1 -1 -1000 -1000 -1000 -10
37 12029 DontCare 0 0 -1 1.0119320682538557 219.0821793977154 88.98806793174614 285.5375777086805 -1 -1 -1 -1000 -1000 -1000 -10
37 12028 DontCare 0 0 -1 196.01586491300003 71.2216127542769 217.99867473162686 123.42181129696222 -1 -1 -1 -1000 -1000 -1000 -10
38 12041 car 0 0 -1 709.8007931136723 184.74876054145076 742.8182403012148 201.17887255466346 -1 -1 -1 -1000 -1000 -1000 -10
38 12038 car 0 0 -1 748.0924553200243 182.6420724733997 778.225808590619 200.82173841944524 -1 -1 -1 -1000 -1000 -1000 -10
38 12031 DontCare 0 0 -1 220.0 86.0 249.0 131.0 -1 -1 -1 -1000 -1000 -1000 -10
38 12029 DontCare 0 0 -1 1.0153010357012775 218.9452710246544 88.98469896429873 285.26705740898024 -1 -1 -1 -1000 -1000 -1000 -10
38 12028 DontCare 0 0 -1 196.01677145869598 71.05552359996103 217.9963769282815 123.18284113402147 -1 -1 -1 -1000 -1000 -1000 -10
39 12041 car 0 0 -1 709.095225092084 184.77413067421924 744.9566137144708 201.9058250673586 -1 -1 -1 -1000 -1000 -1000 -10
39 12038 car 0 0 -1 748.6038721645399 183.09863726002274 778.8811679168263 201.2860557881916 -1 -1 -1 -1000 -1000 -1000 -10
39 12031 DontCare 0 0 -1 220.0 86.0 249.0 131.0 -1 -1 -1 -1000 -1000 -1000 -10
39 12029 DontCare 0 0 -1 1.0176013096081675 218.91680145252099 88.98239869039183 285.14163652658596 -1 -1 -1 -1000 -1000 -1000 -10
39 12028 DontCare 0 0 -1 196.01719902898935 71.0044930651818 217.99469124438065 123.07926793840846 -1 -1 -1 -1000 -1000 -1000 -10
40 12041 car 0 0 -1 708.5472113931037 185.092420883085 746.0539367693307 201.86236762422826 -1 -1 -1 -1000 -1000 -1000 -10
40 12038 car 0 0 -1 748.3641946192273 183.10807066047565 778.120575776915 200.97698707458298 -1 -1 -1 -1000 -1000 -1000 -10
40 12031 DontCare 0 0 -1 219.81401966250172 86.00853310724307 248.53296768004304 130.99146689275693 -1 -1 -1 -1000 -1000 -1000 -10
40 12029 DontCare 0 0 -1 1.0191055748565248 218.92354186464965 88.98089442514348 285.0780525796614 -1 -1 -1 -1000 -1000 -1000 -10
40 12028 DontCare 0 0 -1 196.01729304961853 70.9940882021084 217.99345962542745 123.03108872706744 -1 -1 -1 -1000 -1000 -1000 -10
41 12041 car 0 0 -1 708.3815752111136 184.9082009816562 747.7619908369202 202.14218577551827 -1 -1 -1 -1000 -1000 -1000 -10
41 12038 car 0 0 -1 748.1137981802069 183.17202752230696 777.2183026467912 200.80437981661208 -1 -1 -1 -1000 -1000 -1000 -10
41 12031 DontCare 0 0 -1 219.79280397624686 86.01446177990431 248.30713667700556 130.9855382200957 -1 -1 -1 -1000 -1000 -1000 -10
41 12029 DontCare 0 0 -1 1.0200282268600063 218.93911830245213 88.97997177314 285.04265777288384 -1 -1 -1 -1000 -1000 -1000 -10
41 12028 DontCare 0 0 -1 196.01715947498846 70.99670694899797 217.9925645838048 123.00665745330704 -1 -1 -1 -1000 -1000 -1000 -10
42 12041 car 0 0 -1 707.9129116129351 185.28697178371414 748.1506484588409 202.45417803681238 -1 -1 -1 -1000 -1000 -1000 -10
42 12038 car 0 0 -1 748.7448488699304 183.70838640395436 777.3558122392699 200.88639725055083 -1 -1 -1 -1000 -1000 -1000 -10
42 12031 DontCare 0 0 -1 220.00770237315967 86.01020886032242 248.65362257155513 130.98979113967758 -1 -1 -1 -1000 -1000 -1000 -10
42 12029 DontCare 0 0 -1 1.02053232825142 218.95466616801735 88.97946767174858 285.0213071100217 -1 -1 -1 -1000 -1000 -1000 -10
42 12028 DontCare 0 0 -1 196.01687471788736 71.00245530896265 217.99191924646962 122.99314184376556 -1 -1 -1 -1000 -1000 -1000 -10
43 12038 car 0 0 -1 748.472554831501 184.00780130799825 775.8646034440513 200.82535977125917 -1 -1 -1 -1000 -1000 -1000 -10
43 12031 DontCare 0 0 -1 220.06711480503614 86.00720672246266 248.808973329964 130.99279327753734 -1 -1 -1 -1000 -1000 -1000 -10
43 12029 DontCare 0 0 -1 1.0207392527293138 218.96769887639448 88.97926074727069 285.0076768626183 -1 -1 -1 -1000 -1000 -1000 -10
43 12028 DontCare 0 0 -1 196.01649337201277 71.00804437830917 217.99145955789604 122.98511699461096 -1 -1 -1 -1000 -1000 -1000 -10
44 12038 car 0 0 -1 748.3254156959822 184.38772727318775 774.6067046390338 201.19194789610583 -1 -1 -1 -1000 -1000 -1000 -10
44 12031 DontCare 0 0 -1 220.07305263530938 86.00508143314963 248.88486239345488 130.99491856685037 -1 -1 -1 -1000 -1000 -1000 -10
44 12029 DontCare 0 0 -1 1.020738010664033 218.97792967177688 88.97926198933597 284.9986898649739 -1 -1 -1 -1000 -1000 -1000 -10
44 12028 DontCare 0 0 -1 196.01605407177294 71.0125818411502 217.991138333018 122.9801373081566 -1 -1 -1 -1000 -1000 -1000 -10
45 12038 car 0 0 -1 748.4175039484772 184.52684381038418 773.912222527373 201.33650715222197 -1 -1 -1 -1000 -1000 -1000 -10
45 12031 DontCare 0 0 -1 220.06298705038742 86.00357357576604 248.92580278391583 130.99642642423396 -1 -1 -1 -1000 -1000 -1000 -10
45 12029 DontCare 0 0 -1 1.0205931763033007 218.98573580952223 88.9794068236967 284.99269309119586 -1 -1 -1 -1000 -1000 -1000 -10
45 12028 DontCare 0 0 -1 196.0155838662109 71.0159946799886 217.9909207974455 122.97700005514615 -1 -1 -1 -1000 -1000 -1000 -10
46 12038 car 0 0 -1 747.8962541482499 183.917198311399 772.838010521712 200.7452968481209 -1 -1 -1 -1000 -1000 -1000 -10
46 12031 DontCare 0 0 -1 220.05007760994695 86.002501986436 248.95008675183297 130.99749801356398 -1 -1 -1 -1000 -1000 -1000 -10
46 12029 DontCare 0 0 -1 1.0203512049039318 218.99161816838148 88.97964879509607 284.9887096639313 -1 -1 -1 -1000 -1000 -1000 -10
46 12028 DontCare 0 0 -1 196.0151014469373 71.01845122934243 217.99078127971126 122.97505191676449 -1 -1 -1 -1000 -1000 -1000 -10
47 12038 car 0 0 -1 748.2317722618717 183.68843547788182 772.4997703283194 200.5184700887714 -1 -1 -1 -1000 -1000 -1000 -10
47 12031 DontCare 0 0 -1 220.0384851764702 86.00173950090714 248.96561664030952 130.99826049909288 -1 -1 -1 -1000 -1000 -1000 -10
47 12029 DontCare 0 0 -1 1.0200452818466061 218.99602945835272 88.9799547181534 284.98611644305663 -1 -1 -1 -1000 -1000 -1000 -10
47 12028 DontCare 0 0 -1 196.0146195110595 71.02015924455148 217.99070077568473 122.9739031313319 -1 -1 -1 -1000 -1000 -1000 -10
48 12038 car 0 0 -1 748.2636217753278 183.6087562820829 771.7700218896763 200.42793741413018 -1 -1 -1 -1000 -1000 -1000 -10
48 12031 DontCare 0 0 -1 220.02915811493378 86.00119650133931 248.9760683919504 130.9988034986607 -1 -1 -1 -1000 -1000 -1000 -10
48 12029 DontCare 0 0 -1 1.0196989584021807 218.999334175554 88.98030104159781 284.98449457377916 -1 -1 -1 -1000 -1000 -1000 -10
48 12028 DontCare 0 0 -1 196.01414648052173 71.02130285069228 217.99066516361341 122.97330342675696 -1 -1 -1 -1000 -1000 -1000 -10
49 12038 car 0 0 -1 747.827607630772 183.35415845224114 771.9027005295466 199.9680113001286 -1 -1 -1 -1000 -1000 -1000 -10
49 12031 DontCare 0 0 -1 220.02198735253836 86.00080963005915 248.9833215118187 130.99919036994086 -1 -1 -1 -1000 -1000 -1000 -10
49 12029 DontCare 0 0 -1 1.0193288358381452 219.00181207556034 88.98067116416186 284.9835534180155 -1 -1 -1 -1000 -1000 -1000 -10
49 12028 DontCare 0 0 -1 196.0136877473 71.02202885677559 217.99066389981724 122.9730839476291 -1 -1 -1 -1000 -1000 -1000 -10
50 12038 car 0 0 -1 746.834688854853 182.9929590100775 771.4405843341968 200.06235668072608 -1 -1 -1 -1000 -1000 -1000 -10
50 12031 DontCare 0 0 -1 220.01658583078137 86.00053398056261 248.9884388380138 130.9994660194374 -1 -1 -1 -1000 -1000 -1000 -10
50 12029 DontCare 0 0 -1 1.0189465261781478 219.00367323154646 88.98105347382185 284.9830877443585 -1 -1 -1 -1000 -1000 -1000 -10
50 12028 DontCare 0 0 -1 196.01324657170113 71.02244915764656 217.99068906716758 122.97312735400955 -1 -1 -1 -1000 -1000 -1000 -10
51 12038 car 0 0 -1 746.6626232487516 183.26930750644277 771.032524319798 200.34340886750226 -1 -1 -1 -1000 -1000 -1000 -10
51 12031 DontCare 0 0 -1 220.01255299951382 86.00033765794886 248.9920770221087 130.99966234205112 -1 -1 -1 -1000 -1000 -1000 -10
51 12029 DontCare 0 0 -1 1.0185600740749194 219.00507381708712 88.98143992592509 284.9829513894894 -1 -1 -1 -1000 -1000 -1000 -10
51 12028 DontCare 0 0 -1 196.01282472812952 71.02264723169235 217.9907346813869 122.97335080322576 -1 -1 -1 -1000 -1000 -1000 -10
52 12038 car 0 0 -1 746.5380220086878 183.82294815554604 771.5679583537602 200.6591818645773 -1 -1 -1 -1000 -1000 -1000 -10
52 12031 DontCare 0 0 -1 220.00955109321484 86.00019796978692 248.99466920706072 130.99980203021306 -1 -1 -1 -1000 -1000 -1000 -10
52 12029 DontCare 0 0 -1 1.0181749825374808 219.00612945835832 88.98182501746251 284.98303993918046 -1 -1 -1 -1000 -1000 -1000 -10
52 12028 DontCare 0 0 -1 196.01242296769576 71.02268469777115 217.99079618524675 122.97369538413233 -1 -1 -1 -1000 -1000 -1000 -10
53 12038 car 0 0 -1 746.0776444884315 184.05551365911379 772.1645719085703 200.7588048005702 -1 -1 -1 -1000 -1000 -1000 -10
53 12031 DontCare 0 0 -1 220.00731601768152 86.00009874755617 248.99651347152516 130.99990125244383 -1 -1 -1 -1000 -1000 -1000 -10
53 12029 DontCare 0 0 -1 1.017794950078624 219.00692568073725 88.98220504992138 284.98327883490583 -1 -1 -1 -1000 -1000 -1000 -10
53 12028 DontCare 0 0 -1 196.01204134836536 71.02260679334869 217.99087007947458 122.9741191259562 -1 -1 -1 -1000 -1000 -1000 -10
54 12038 car 0 0 -1 745.8895209420659 183.5019023903078 773.0387500613235 200.13240598010105 -1 -1 -1 -1000 -1000 -1000 -10
54 12031 DontCare 0 0 -1 220.00564812456426 86.00002845680429 248.9978201419535 130.99997154319573 -1 -1 -1 -1000 -1000 -1000 -10
54 12029 DontCare 0 0 -1 1.017422398957649 219.0075258028215 88.98257760104235 284.98361499261534 -1 -1 -1 -1000 -1000 -1000 -10
54 12028 DontCare 0 0 -1 196.0116794695398 71.02244663620442 217.99095365304177 122.97459217875004 -1 -1 -1 -1000 -1000 -1000 -10
55 12031 DontCare 0 0 -1 220.0043988974635 85.99997886017374 248.9987396962955 131.00002113982626 -1 -1 -1 -1000 -1000 -1000 -10
55 12029 DontCare 0 0 -1 1.017058852857815 219.0079768030024 88.98294114714218 284.98401081054106 -1 -1 -1 -1000 -1000 -1000 -10
55 12028 DontCare 0 0 -1 196.01133663783472 71.02222843461632 217.99104478567975 122.97509340966121 -1 -1 -1 -1000 -1000 -1000 -10
56 12031 DontCare 0 0 -1 220.0034587146402 85.99994406945515 248.99938057769117 131.00005593054485 -1 -1 -1 -1000 -1000 -1000 -10
56 12029 DontCare 0 0 -1 1.0167052063807063 219.00831364389725 88.9832947936193 284.98443985194285 -1 -1 -1 -1000 -1000 -1000 -10
56 12028 DontCare 0 0 -1 196.01101198342963 71.02196986787135 217.9911418029052 122.97560796666812 -1 -1 -1 -1000 -1000 -1000 -10
57 12031 DontCare 0 0 -1 220.00274695354645 85.99991987222424 248.99982121000224 131.00008012777576 -1 -1 -1 -1000 -1000 -1000 -10
57 12029 DontCare 0 0 -1 1.016361916981296 219.0085624476258 88.9836380830187 284.98488372261136 -1 -1 -1 -1000 -1000 -1000 -10
57 12028 DontCare 0 0 -1 196.01070454098965 71.02168383774395 217.99124336924706 122.97612552243012 -1 -1 -1 -1000 -1000 -1000 -10
58 12031 DontCare 0 0 -1 220.00220440027664 85.9999032527738 249.0001183841162 131.0000967472262 -1 -1 -1 -1000 -1000 -1000 -10
58 12029 DontCare 0 0 -1 1.0160291413882518 219.0087428234134 88.98397085861174 284.98532980871454 -1 -1 -1 -1000 -1000 -1000 -10
58 12028 DontCare 0 0 -1 196.01041330526178 71.021379752102 217.99134840929716 122.97663900399692 -1 -1 -1 -1000 -1000 -1000 -10
59 12038 car 0 0 -1 741.9259587903225 184.0618450755871 766.5580507239085 200.27314417979187 -1 -1 -1 -1000 -1000 -1000 -10
59 12031 DontCare 0 0 -1 220.00178756899263 85.99989205081543 249.0003132278462 131.00010794918455 -1 -1 -1 -1000 -1000 -1000 -10
59 12029 DontCare 0 0 -1 1.015706832338175 219.00886957305104 88.98429316766183 284.9857696372956 -1 -1 -1 -1000 -1000 -1000 -10
59 12028 DontCare 0 0 -1 196.01013726862726 71.02106446381913 217.99145604905732 122.97714367265789 -1 -1 -1 -1000 -1000 -1000 -10
60 12031 DontCare 0 0 -1 220.00146450216636 85.99988471804247 249.00043550223558 131.00011528195753 -1 -1 -1 -1000 -1000 -1000 -10
60 12029 DontCare 0 0 -1 1.0153948069688212 219.00895394084728 88.98460519303117 284.9861976885466 -1 -1 -1 -1000 -1000 -1000 -10
60 12028 DontCare 0 0 -1 196.00987544585064 71.02074295696784 217.99156557212189 122.97763645728742 -1 -1 -1 -1000 -1000 -1000 -10
61 12031 DontCare 0 0 -1 220.00121168456153 85.9998801443105 249.00050671154375 131.00011985568952 -1 -1 -1 -1000 -1000 -1000 -10
61 12029 DontCare 0 0 -1 1.0150927949933717 219.0090045304272 88.98490720500664 284.98661053625415 -1 -1 -1 -1000 -1000 -1000 -10
61 12028 DontCare 0 0 -1 196.00962688979294 71.02041884817714 217.99167638672984 122.97811547163815 -1 -1 -1 -1000 -1000 -1000 -10
62 12031 DontCare 0 0 -1 220.00101178251543 85.99987753340847 249.00054236133906 131.00012246659153 -1 -1 -1 -1000 -1000 -1000 -10
62 12029 DontCare 0 0 -1 1.0148004724653603 219.00902797794214 88.98519952753463 284.9870062267223 -1 -1 -1 -1000 -1000 -1000 -10
62 12028 DontCare 0 0 -1 196.00939070079272 71.0200947529637 217.9917880008049 122.97857966524955 -1 -1 -1 -1000 -1000 -1000 -10
63 12031 DontCare 0 0 -1 220.00085199021748 85.9998763141952 249.00055360052477 131.0001236858048 -1 -1 -1 -1000 -1000 -1000 -10
63 12029 DontCare 0 0 -1 1.014517485287513 219.0090294471506 88.98548251471249 284.98738383096776 -1 -1 -1 -1000 -1000 -1000 -10
63 12028 DontCare 0 0 -1 196.00916603165027 71.01977255347428 217.9919000028871 122.97902857143661 -1 -1 -1 -1000 -1000 -1000 -10
64 12031 DontCare 0 0 -1 220.00072282073054 85.99987607698303 249.00054841616642 131.000123923017 -1 -1 -1 -1000 -1000 -1000 -10
64 12029 DontCare 0 0 -1 1.0142434654320738 219.00901299418476 88.98575653456793 284.98774312275276 -1 -1 -1 -1000 -1000 -1000 -10
64 12028 DontCare 0 0 -1 196.00895208959957 71.01945359425623 217.9920120474281 122.97946212579778 -1 -1 -1 -1000 -1000 -1000 -10
65 12031 DontCare 0 0 -1 220.00061722224964 85.99987652796207 249.00053250306544 131.00012347203793 -1 -1 -1 -1000 -1000 -1000 -10
65 12029 DontCare 0 0 -1 1.0139780419922886 219.0089818369193 88.98602195800771 284.9880843479351 -1 -1 -1 -1000 -1000 -1000 -10
65 12028 DontCare 0 0 -1 196.00874813625163 71.01913882548342 217.99212384333512 122.97988053592061 -1 -1 -1 -1000 -1000 -1000 -10
66 12038 car 0 0 -1 726.0746091358546 183.01208286373682 758.6753309329945 199.9617717660449 -1 -1 -1 -1000 -1000 -1000 -10
66 12031 DontCare 0 0 -1 220.0005299319876 85.99987745652709 249.0005098965365 131.0001225434729 -1 -1 -1 -1000 -1000 -1000 -10
66 12029 DontCare 0 0 -1 1.0137208485778544 219.00893855444346 88.98627915142214 284.98840806001397 -1 -1 -1 -1000 -1000 -1000 -10
66 12028 DontCare 0 0 -1 196.00855348620794 71.018828907814 217.9922351449475 122.98028418822463 -1 -1 -1 -1000 -1000 -1000 -10
67 12031 DontCare 0 0 -1 220.0004570036092 85.99987871183885 249.000483432711 131.00012128816115 -1 -1 -1 -1000 -1000 -1000 -10
67 12029 DontCare 0 0 -1 1.0134715281340547 219.00888523526515 88.98652847186594 284.9887150035934 -1 -1 -1 -1000 -1000 -1000 -10
67 12028 DontCare 0 0 -1 196.00836750483685 71.0185242892236 217.99234574484782 122.98067358171183 -1 -1 -1 -1000 -1000 -1000 -10
68 12031 DontCare 0 0 -1 220.00039546140565 85.99988018600081 249.0004550831969 131.0001198139992 -1 -1 -1 -1000 -1000 -1000 -10
68 12029 DontCare 0 0 -1 1.0132297359537503 219.00882358786015 88.98677026404624 284.98900603247125 -1 -1 -1 -1000 -1000 -1000 -10
68 12028 DontCare 0 0 -1 196.0081896055561 71.01822526136102 217.992455468067 122.98104928118262 -1 -1 -1 -1000 -1000 -1000 -10
69 12031 DontCare 0 0 -1 220.00034304703289 85.99988180197681 249.00042619821332 131.0001181980232 -1 -1 -1 -1000 -1000 -1000 -10
69 12029 DontCare 0 0 -1 1.0129951414302667 219.00875502352005 88.98700485856973 284.98928205268794 -1 -1 -1 -1000 -1000 -1000 -10
69 12028 DontCare 0 0 -1 196.00801924686195 71.01793200093334 217.9925641673585 122.98141188450671 -1 -1 -1 -1000 -1000 -1000 -10
70 12031 DontCare 0 0 -1 220.00029803386883 85.99988350490987 249.00039768306368 131.0001164950901 -1 -1 -1 -1000 -1000 -1000 -10
70 12029 DontCare 0 0 -1 1.0127674289404993 219.0086807187806 88.98723257105951 284.98954398351816 -1 -1 -1 -1000 -1000 -1000 -10
70 12028 DontCare 0 0 -1 196.00785592926627 71.0176446001407 217.99267171929995 122.98176200001626 -1 -1 -1 -1000 -1000 -1000 -10
71 12031 DontCare 0 0 -1 220.00025909078272 85.99988525588161 249.00037012606992 131.00011474411838 -1 -1 -1 -1000 -1000 -1000 -10
71 12029 DontCare 0 0 -1 1.0125462981346303 219.00860166276186 88.98745370186538 284.98979273130965 -1 -1 -1 -1000 -1000 -1000 -10
71 12028 DontCare 0 0 -1 196.0076991922524 71.01736308909506 217.99277802104285 122.98210023116653 -1 -1 -1 -1000 -1000 -1000 -10
72 12031 DontCare 0 0 -1 220.00022518202596 85.99988702742442 249.00034389117658 131.00011297257558 -1 -1 -1 -1000 -1000 -1000 -10
72 12029 DontCare 0 0 -1 1.0123314638278345 219.0085186933277 88.98766853617217 284.99002917247776 -1 -1 -1 -1000 -1000 -1000 -10
72 12028 DontCare 0 0 -1 196.00754861132003 71.01708745236562 217.99288298757472 122.9824271663924 -1 -1 -1 -1000 -1000 -1000 -10
73 12031 DontCare 0 0 -1 220.00019549354312 85.99988880029309 249.0003191848523 131.0001111997069 -1 -1 -1 -1000 -1000 -1000 -10
73 12029 DontCare 0 0 -1 1.0121226556318348 219.00843252493078 88.98787734436817 284.99025414298154 -1 -1 -1 -1000 -1000 -1000 -10
73 12028 DontCare 0 0 -1 196.0074037951639 71.01681764121673 217.99298654939213 122.98274337266048 -1 -1 -1 -1000 -1000 -1000 -10
74 12031 DontCare 0 0 -1 220.00016937861966 85.99989056114171 249.00029610430312 131.0001094388583 -1 -1 -1 -1000 -1000 -1000 -10
74 12029 DontCare 0 0 -1 1.0119196174228051 219.0083437702495 88.9880803825772 284.99046843235294 -1 -1 -1 -1000 -1000 -1000 -10
74 12028 DontCare 0 0 -1 196.007264383012 71.01655358268216 217.99308865050642 122.98304939163096 -1 -1 -1 -1000 -1000 -1000 -10
75 12031 DontCare 0 0 -1 220.00014631769224 85.9998923008517 249.00027467211012 131.00010769914832 -1 -1 -1 -1000 -1000 -1000 -10
75 12029 DontCare 0 0 -1 1.0117221067131013 219.0082529571664 88.98827789328689 284.990672780885 -1 -1 -1 -1000 -1000 -1000 -10
75 12028 DontCare 0 0 -1 196.0071300421359 71.01629518631236 217.99318924672278 122.98334573764578 -1 -1 -1 -1000 -1000 -1000 -10
76 12031 DontCare 0 0 -1 220.00012588854327 85.99989401332837 249.000254861014 131.00010598667163 -1 -1 -1 -1000 -1000 -1000 -10
76 12029 DontCare 0 0 -1 1.0115298939730835 219.00816054223213 88.98847010602691 284.9908678789813 -1 -1 -1 -1000 -1000 -1000 -10
76 12028 DontCare 0 0 -1 196.00700046553683 71.01604234920701 217.99328830414575 122.98363289697899 -1 -1 -1 -1000 -1000 -1000 -10
77 12044 car 0 0 -1 734.9380204012649 184.06045615853537 763.0032086641978 198.93954384146463 -1 -1 -1 -1000 -1000 -1000 -10
77 12031 DontCare 0 0 -1 220.00010774411692 85.99989569463483 249.0002366115578 131.00010430536517 -1 -1 -1 -1000 -1000 -1000 -10
77 12029 DontCare 0 0 -1 1.0113427619349267 219.00806692145864 88.98865723806507 284.9910543679502 -1 -1 -1 -1000 -1000 -1000 -10
77 12028 DontCare 0 0 -1 196.00687536980587 71.01579495978105 217.99338579787502 122.98391132794383 -1 -1 -1 -1000 -1000 -1000 -10
