0 12508 DontCare 0 0 -1 796.0 38.0 824.0 98.0 -1 -1 -1 -1000 -1000 -1000 -10
0 12507 car 0 0 -1 478.0 165.0 518.0 190.0 -1 -1 -1 -1000 -1000 -1000 -10
0 12506 DontCare 0 0 -1 956.0 156.0 980.0 216.0 -1 -1 -1 -1000 -1000 -1000 -10
0 12505 car 0 0 -1 1055.0 156.0 1221.0 210.0 -1 -1 -1 -1000 -1000 -1000 -10
0 12504 DontCare 0 0 -1 933.0 157.0 953.0 220.0 -1 -1 -1 -1000 -1000 -1000 -10
1 12507 car 0 0 -1 478.119593392365 164.92692450003452 518.8803067274912 190.07307549996548 -1 -1 -1 -1000 -1000 -1000 -10
1 12506 DontCare 0 0 -1 955.1679887928516 156.598925086531 979.8321110872922 216.40097503332518 -1 -1 -1 -1000 -1000 -1000 -10
1 12505 car 0 0 -1 1055.6354984558486 155.1207544445365 1222.3643017838638 209.87934543560732 -1 -1 -1 -1000 -1000 -1000 -10
1 12504 DontCare 0 0 -1 933.2411175211572 155.29677549535023 954.7586827185552 219.70342426493744 -1 -1 -1 -1000 -1000 -1000 -10
2 12507 car 0 0 -1 478.0432150803224 165.0248309212533 519.9567085098217 190.9163217343536 -1 -1 -1 -1000 -1000 -1000 -10
2 12506 DontCare 0 0 -1 955.825610070148 156.99784077114623 980.0567716509219 216.060930163391 -1 -1 -1 -1000 -1000 -1000 -10
2 12505 car 0 0 -1 1056.055582667919 151.96777231330321 1224.8854171679761 209.2088461297319 -1 -1 -1 -1000 -1000 -1000 -10
2 12504 DontCare 0 0 -1 933.8649188035314 154.82932075501512 955.19377572115 219.11198472030358 -1 -1 -1 -1000 -1000 -1000 -10
3 12508 DontCare 0 0 -1 797.3566262775049 35.473996735537725 826.9187110436645 93.45727212193884 -1 -1 -1 -1000 -1000 -1000 -10
3 12507 car 0 0 -1 478.94036228358675 164.84202325289908 525.9891731650032 192.96007718760922 -1 -1 -1 -1000 -1000 -1000 -10
3 12506 DontCare 0 0 -1 954.5445955650766 156.09944482938346 979.8242351764854 216.9454942512922 -1 -1 -1 -1000 -1000 -1000 -10
3 12505 car 0 0 -1 1056.9837047457795 152.37743212809104 1223.5828961551233 208.99297092030898 -1 -1 -1 -1000 -1000 -1000 -10
3 12504 DontCare 0 0 -1 934.7569104498767 156.26552990580572 955.2879854974152 218.3837394560376 -1 -1 -1 -1000 -1000 -1000 -10
4 12507 car 0 0 -1 479.54885424631334 165.1235987558625 527.1001634286109 192.3424806923763 -1 -1 -1 -1000 -1000 -1000 -10
4 12506 DontCare 0 0 -1 953.4597715798939 155.74410738030187 979.7271533467274 218.07027810832037 -1 -1 -1 -1000 -1000 -1000 -10
4 12505 car 0 0 -1 1058.0440541564453 153.40728863607723 1223.1148425558686 209.68590439706009 -1 -1 -1 -1000 -1000 -1000 -10
4 12504 DontCare 0 0 -1 935.738339747152 155.76869322138447 956.0760180143674 218.32073272216388 -1 -1 -1 -1000 -1000 -1000 -10
5 12507 car 0 0 -1 484.1867785927463 165.29545888169446 530.2126815949189 191.27510759293466 -1 -1 -1 -1000 -1000 -1000 -10
5 12506 DontCare 0 0 -1 953.6519547617058 157.04365710863064 979.9398841866498 219.2175550523999 -1 -1 -1 -1000 -1000 -1000 -10
5 12505 car 0 0 -1 1059.7169096908315 154.42481402506496 1222.3126319786506 209.98927062338794 -1 -1 -1 -1000 -1000 -1000 -10
5 12504 DontCare 0 0 -1 936.1294517276384 157.84213919973396 956.1724912949311 219.04777263132164 -1 -1 -1 -1000 -1000 -1000 -10
6 12508 DontCare 0 0 -1 797.5384162792118 36.14475026184206 830.4916621541201 108.08062121178537 -1 -1 -1 -1000 -1000 -1000 -10
6 12507 car 0 0 -1 481.4212554733436 165.9592159764825 527.538762970338 192.42650837590728 -1 -1 -1 -1000 -1000 -1000 -10
6 12506 DontCare 0 0 -1 953.6594102660042 159.13109718573253 979.3849105380132 219.34975855087004 -1 -1 -1 -1000 -1000 -1000 -10
6 12505 car 0 0 -1 1061.774589326179 155.0374383141448 1219.0721120664807 209.82720880878279 -1 -1 -1 -1000 -1000 -1000 -10
6 12504 DontCare 0 0 -1 936.1765539651187 157.19164003142603 956.2272589366094 219.20897875539774 -1 -1 -1 -1000 -1000 -1000 -10
7 12507 car 0 0 -1 481.582990226257 165.74199238227922 528.0873946568188 191.86552493767883 -1 -1 -1 -1000 -1000 -1000 -10
7 12506 DontCare 0 0 -1 954.0720357766199 159.94916579522172 978.8017345352939 219.26020260997834 -1 -1 -1 -1000 -1000 -1000 -10
7 12505 car 0 0 -1 1061.6977045188241 156.41343000630619 1207.5408883875139 209.9970709549157 -1 -1 -1 -1000 -1000 -1000 -10
7 12504 DontCare 0 0 -1 936.7709592408634 159.7970635560516 956.3169023161898 220.59578309094954 -1 -1 -1 -1000 -1000 -1000 -10
8 12507 car 0 0 -1 480.8640898504212 167.38803288734056 528.2773988152497 194.03190036819882 -1 -1 -1 -1000 -1000 -1000 -10
8 12506 DontCare 0 0 -1 954.0586258299377 162.39012765272258 977.4018705262888 220.45770770332706 -1 -1 -1 -1000 -1000 -1000 -10
8 12505 car 0 0 -1 1065.879096198213 157.6960384416496 1204.003258084195 210.6297864978294 -1 -1 -1 -1000 -1000 -1000 -10
8 12504 DontCare 0 0 -1 937.5399070664204 161.71756880559514 957.8122666292289 222.14461644290571 -1 -1 -1 -1000 -1000 -1000 -10
9 12507 car 0 0 -1 480.6243389385274 167.89651554404648 528.9225350333621 194.892364573043 -1 -1 -1 -1000 -1000 -1000 -10
9 12505 car 0 0 -1 1072.733466485455 158.06396343962538 1204.2380820243113 210.2607004747076 -1 -1 -1 -1000 -1000 -1000 -10
9 12504 DontCare 0 0 -1 937.8212553109613 161.95412220503908 957.6397086903171 222.44870141571107 -1 -1 -1 -1000 -1000 -1000 -10
10 12510 DontCare 0 0 -1 940.8679985531212 160.21139859639635 973.5139406060719 221.66126436736528 -1 -1 -1 -1000 -1000 -1000 -10
10 12507 car 0 0 -1 480.9896115925594 167.71134286142137 529.3168747751863 194.19865979711176 -1 -1 -1 -1000 -1000 -1000 -10
10 12505 car 0 0 -1 1078.0891252270833 158.8066874595863 1207.5925783370947 210.8354056780013 -1 -1 -1 -1000 -1000 -1000 -10
11 12510 DontCare 0 0 -1 941.4040051860213 162.2197330254462 973.614021244344 222.4295738371008 -1 -1 -1 -1000 -1000 -1000 -10
11 12509 DontCare 0 0 -1 802.3782062616558 28.475314608602666 848.4955021688663 106.5664034717908 -1 -1 -1 -1000 -1000 -1000 -10
11 12507 car 0 0 -1 482.1210847958723 166.89482007011705 529.7498156879425 192.64756951627933 -1 -1 -1 -1000 -1000 -1000 -10
11 12505 car 0 0 -1 1084.7469840065282 158.25292045886906 1213.5183203466272 211.1861417640354 -1 -1 -1 -1000 -1000 -1000 -10
12 12510 DontCare 0 0 -1 941.7084105789424 159.9692836124413 974.3958217313823 221.7463842488758 -1 -1 -1 -1000 -1000 -1000 -10
12 12509 DontCare 0 0 -1 812.266832136061 25.373619650512616 856.6859146185901 105.1646499720168 -1 -1 -1 -1000 -1000 -1000 -10
12 12507 car 0 0 -1 483.6076859798968 166.84567363809828 531.4569376692107 192.45362785993126 -1 -1 -1 -1000 -1000 -1000 -10
12 12505 car 0 0 -1 1092.618177101672 157.90962743866845 1219.6001019978673 211.42869415811123 -1 -1 -1 -1000 -1000 -1000 -10
13 12510 DontCare 0 0 -1 943.6161263131039 159.88462538202523 975.7901756218641 222.20310296673082 -1 -1 -1 -1000 -1000 -1000 -10
13 12507 car 0 0 -1 485.6634406071878 167.83466572321868 533.8584996865783 192.6863105282044 -1 -1 -1 -1000 -1000 -1000 -10
13 12505 car 0 0 -1 1099.8813407597368 157.73257265893358 1223.4215339807915 211.5475748935815 -1 -1 -1 -1000 -1000 -1000 -10
14 12510 DontCare 0 0 -1 945.0549464897222 159.90943134201012 976.9249308490755 222.98022243332133 -1 -1 -1 -1000 -1000 -1000 -10
14 12507 car 0 0 -1 487.12156550142475 167.98874954156753 535.9969732195281 192.97989085522948 -1 -1 -1 -1000 -1000 -1000 -10
14 12505 car 0 0 -1 1108.8065977385206 158.11870914573655 1226.4408376707217 212.44362261748978 -1 -1 -1 -1000 -1000 -1000 -10
15 12510 DontCare 0 0 -1 948.7904268762555 156.75263314580965 981.6689497414972 222.26651555443127 -1 -1 -1 -1000 -1000 -1000 -10
15 12509 DontCare 0 0 -1 831.1155143085083 11.553295715938006 881.2635763669347 103.11978965287338 -1 -1 -1 -1000 -1000 -1000 -10
15 12507 car 0 0 -1 488.30851486355766 168.12273519979686 537.41339702779 194.31886117325905 -1 -1 -1 -1000 -1000 -1000 -10
15 12505 car 0 0 -1 1119.9707241321964 158.35990093438753 1228.8278294539411 212.00972691481329 -1 -1 -1 -1000 -1000 -1000 -10
16 12512 DontCare 0 0 -1 859.0346097233268 3.2533297454044856 895.8460909809136 101.68835777919361 -1 -1 -1 -1000 -1000 -1000 -10
16 12510 DontCare 0 0 -1 952.5908050387537 156.3545901586471 985.6681900737832 222.60006707442938 -1 -1 -1 -1000 -1000 -1000 -10
16 12507 car 0 0 -1 491.76235813828197 168.39529668684767 541.4476586434528 195.24467607699475 -1 -1 -1 -1000 -1000 -1000 -10
16 12505 car 0 0 -1 1132.1871675647244 158.48892788516002 1230.733183000571 211.79055920077224 -1 -1 -1 -1000 -1000 -1000 -10
17 12512 DontCare 0 0 -1 869.65045307222 -0.10556462066727335 908.2586766986042 99.06088434029365 -1 -1 -1 -1000 -1000 -1000 -10
17 12510 DontCare 0 0 -1 956.4857579755391 156.35004485055282 987.9196220302905 221.23978017167224 -1 -1 -1 -1000 -1000 -1000 -10
17 12507 car 0 0 -1 494.3617859991924 167.42338581652163 544.8810413031168 195.33681917345788 -1 -1 -1 -1000 -1000 -1000 -10
17 12505 car 0 0 -1 1147.561140084793 158.65427790397837 1232.9481818471536 210.91933655991642 -1 -1 -1 -1000 -1000 -1000 -10
18 12512 DontCare 0 0 -1 880.8692410876861 -2.0857440749037224 921.625081381228 97.39525611841822 -1 -1 -1 -1000 -1000 -1000 -10
18 12509 DontCare 0 0 -1 855.8407872294215 -0.061074335600920904 918.2315636315268 98.28017152067792 -1 -1 -1 -1000 -1000 -1000 -10
18 12507 car 0 0 -1 497.8526027728267 167.3424723726397 548.8251448424685 195.72341160295792 -1 -1 -1 -1000 -1000 -1000 -10
19 12507 car 0 0 -1 501.38224056620084 166.5575873584314 553.2459571844784 195.29822623875552 -1 -1 -1 -1000 -1000 -1000 -10
20 12510 DontCare 0 0 -1 967.9710582761753 156.00232760838855 998.2890924637942 219.3698895096186 -1 -1 -1 -1000 -1000 -1000 -10
20 12507 car 0 0 -1 504.0272546423688 166.01910227705432 556.7650809853168 194.71136979575724 -1 -1 -1 -1000 -1000 -1000 -10
21 12512 DontCare 0 0 -1 932.1751994804615 -3.307535402561115 978.594322213813 91.34218023456043 -1 -1 -1 -1000 -1000 -1000 -10
21 12510 DontCare 0 0 -1 974.5349257795897 156.63138396027688 1004.3729096346003 219.67320234856504 -1 -1 -1 -1000 -1000 -1000 -10
21 12507 car 0 0 -1 506.96912549043395 165.92406666793096 559.9538749830301 195.68253458597798 -1 -1 -1 -1000 -1000 -1000 -10
22 12514 DontCare 0 0 -1 1109.5120364421696 212.08049862952134 1201.13212873666 275.03704323955304 -1 -1 -1 -1000 -1000 -1000 -10
22 12512 DontCare 0 0 -1 955.9491726939605 -2.9879853657077646 1002.2992849338971 88.46289680417667 -1 -1 -1 -1000 -1000 -1000 -10
22 12510 DontCare 0 0 -1 979.2892423246991 155.68051329564844 1009.4557162356372 219.00567930770205 -1 -1 -1 -1000 -1000 -1000 -10
22 12507 car 0 0 -1 509.56627193014776 165.55925154517783 560.8498158652409 195.71967722579572 -1 -1 -1 -1000 -1000 -1000 -10
23 12514 DontCare 0 0 -1 1124.4639620253718 214.51237140691782 1223.1820959610538 283.5895812638131 -1 -1 -1 -1000 -1000 -1000 -10
23 12512 DontCare 0 0 -1 982.437329779865 -2.630728694260185 1030.4010669162012 85.29142073000111 -1 -1 -1 -1000 -1000 -1000 -10
23 12507 car 0 0 -1 513.4007112106933 165.33850016379736 563.4314254456551 195.8102286015151 -1 -1 -1 -1000 -1000 -1000 -10
24 12518 car 0 0 -1 1166.9776704061574 170.66728382142435 1226.3731441699279 217.92122042155626 -1 -1 -1 -1000 -1000 -1000 -10
24 12517 DontCare 0 0 -1 1095.5500909075931 -0.335021979681688 1167.5039962203323 52.33532761910523 -1 -1 -1 -1000 -1000 -1000 -10
24 12516 DontCare 0 0 -1 974.0966331080944 -4.4237158240968455 1059.3982399258039 85.0281927800817 -1 -1 -1 -1000 -1000 -1000 -10
24 12514 DontCare 0 0 -1 1135.3311047215725 213.87372518974206 1230.4514108455742 283.8679799656921 -1 -1 -1 -1000 -1000 -1000 -10
24 12512 DontCare 0 0 -1 1007.9453995202765 -3.3204653783952836 1059.2547005543677 81.052723253344 -1 -1 -1 -1000 -1000 -1000 -10
24 12507 car 0 0 -1 518.0405075924266 165.33395794631917 568.9294335821835 196.41467990966396 -1 -1 -1 -1000 -1000 -1000 -10
25 12518 car 0 0 -1 1178.9755442790379 176.58426246687944 1226.9046196304662 216.86581231724014 -1 -1 -1 -1000 -1000 -1000 -10
25 12517 DontCare 0 0 -1 1136.6063214279566 -0.682147188611566 1196.283173925954 43.599823794740296 -1 -1 -1 -1000 -1000 -1000 -10
25 12516 DontCare 0 0 -1 993.8130794605651 -5.80807517900314 1093.315687160331 81.51384345285304 -1 -1 -1 -1000 -1000 -1000 -10
25 12512 DontCare 0 0 -1 1036.2764278386474 -4.199897912342514 1092.4156818874173 76.8984946310695 -1 -1 -1 -1000 -1000 -1000 -10
25 12507 car 0 0 -1 521.8667333224128 165.5814017088307 574.0250984427 197.69752083427767 -1 -1 -1 -1000 -1000 -1000 -10
26 12518 car 0 0 -1 1191.0655156974146 179.34425659667957 1227.5459218396456 214.30520458441416 -1 -1 -1 -1000 -1000 -1000 -10
26 12516 DontCare 0 0 -1 1008.1413596521504 -5.117891321616611 1097.6425340647 75.04945567105266 -1 -1 -1 -1000 -1000 -1000 -10
26 12512 DontCare 0 0 -1 1073.4601229300401 -4.275370902229184 1133.2002439648918 71.91060581733349 -1 -1 -1 -1000 -1000 -1000 -10
26 12510 DontCare 0 0 -1 1003.6931003597244 153.81518187252107 1033.7880124383348 219.0581052680485 -1 -1 -1 -1000 -1000 -1000 -10
26 12507 car 0 0 -1 524.7121478570126 164.8317161911497 578.3178039759629 197.71317294726035 -1 -1 -1 -1000 -1000 -1000 -10
27 12516 DontCare 0 0 -1 1035.7263826055946 -2.726942917610586 1116.3720206211142 70.11316033668312 -1 -1 -1 -1000 -1000 -1000 -10
27 12512 DontCare 0 0 -1 1116.2626354765766 -4.543936248197511 1179.6363329453666 63.13705167920389 -1 -1 -1 -1000 -1000 -1000 -10
27 12510 DontCare 0 0 -1 1007.5684427663427 153.95483195472445 1039.5954317045528 220.16944525816467 -1 -1 -1 -1000 -1000 -1000 -10
27 12507 car 0 0 -1 527.5148860254099 163.32545898869847 581.3137684710807 196.97213127897328 -1 -1 -1 -1000 -1000 -1000 -10
28 12516 DontCare 0 0 -1 1068.299065334293 -1.9215254796354024 1144.6075802980683 61.01751472271013 -1 -1 -1 -1000 -1000 -1000 -10
28 12510 DontCare 0 0 -1 1007.043207630754 154.87805600069169 1043.5058715986736 223.65537365114562 -1 -1 -1 -1000 -1000 -1000 -10
28 12507 car 0 0 -1 528.4519087921954 163.46278460262926 582.3967933276047 197.9388881851329 -1 -1 -1 -1000 -1000 -1000 -10
29 12516 DontCare 0 0 -1 1108.1953055913768 -3.8507027260324023 1184.119573842483 51.948753523112266 -1 -1 -1 -1000 -1000 -1000 -10
29 12510 DontCare 0 0 -1 1007.7949578238622 154.20832839091003 1047.042760593834 225.34247564307822 -1 -1 -1 -1000 -1000 -1000 -10
29 12507 car 0 0 -1 528.1610729483413 164.04519858510852 581.3182181117619 199.0814023729906 -1 -1 -1 -1000 -1000 -1000 -10
30 12510 DontCare 0 0 -1 1009.9708853414481 156.06044353453933 1047.5467923020678 226.48627642008665 -1 -1 -1 -1000 -1000 -1000 -10
30 12507 car 0 0 -1 525.8721184463354 165.45430760461542 579.0065134302743 200.93520983384164 -1 -1 -1 -1000 -1000 -1000 -10
31 12510 DontCare 0 0 -1 1005.8919108000367 158.39255516275327 1043.8988716486472 231.81855786538912 -1 -1 -1 -1000 -1000 -1000 -10
31 12507 car 0 0 -1 522.3031866370749 166.28835802912417 575.4654044874018 202.63450696528676 -1 -1 -1 -1000 -1000 -1000 -10
32 12510 DontCare 0 0 -1 999.9941110133784 160.92068325989132 1038.8077647812474 236.0942603454313 -1 -1 -1 -1000 -1000 -1000 -10
32 12507 car 0 0 -1 515.8775335734117 167.55249653043546 569.2862968876359 204.27224351033738 -1 -1 -1 -1000 -1000 -1000 -10
33 12510 DontCare 0 0 -1 992.1814510494829 160.91212267326142 1032.4826284751584 238.6378625841695 -1 -1 -1 -1000 -1000 -1000 -10
33 12507 car 0 0 -1 508.4004374011022 166.8068019153024 563.4178660209536 204.13460837217184 -1 -1 -1 -1000 -1000 -1000 -10
34 12510 DontCare 0 0 -1 995.4622120455768 164.60824940373493 1031.5695283779212 240.42170153316613 -1 -1 -1 -1000 -1000 -1000 -10
34 12507 car 0 0 -1 497.79846693356103 165.93271200606966 554.5601677211837 203.99355319505554 -1 -1 -1 -1000 -1000 -1000 -10
35 12510 DontCare 0 0 -1 996.3655062570125 169.71291805849123 1028.8711005434102 242.56100516433182 -1 -1 -1 -1000 -1000 -1000 -10
35 12507 car 0 0 -1 486.74792752365073 165.85374360767577 544.5334226595877 204.97180617507797 -1 -1 -1 -1000 -1000 -1000 -10
36 12528 DontCare 0 0 -1 944.1376477735724 160.08993853643202 975.4535536197671 222.0282682159423 -1 -1 -1 -1000 -1000 -1000 -10
36 12527 DontCare 0 0 -1 962.5908647361117 157.15293690596113 992.7628306090938 224.3178954536364 -1 -1 -1 -1000 -1000 -1000 -10
36 12510 DontCare 0 0 -1 993.2160815001163 173.33027347431207 1022.7716874129259 244.88351298648016 -1 -1 -1 -1000 -1000 -1000 -10
36 12507 car 0 0 -1 472.8878228314875 167.343460972948 530.8823481073441 207.72273813914185 -1 -1 -1 -1000 -1000 -1000 -10
37 12528 DontCare 0 0 -1 933.3621870293581 159.5042672131615 964.1838631049044 221.58610390371413 -1 -1 -1 -1000 -1000 -1000 -10
37 12527 DontCare 0 0 -1 950.6068366963118 159.48976342091174 979.6513271457341 225.9527381074239 -1 -1 -1 -1000 -1000 -1000 -10
37 12510 DontCare 0 0 -1 987.7528661271128 175.1880383147094 1014.8736240772134 245.19115396358478 -1 -1 -1 -1000 -1000 -1000 -10
37 12507 car 0 0 -1 458.70128325515293 167.78771596527798 519.0971950393393 209.5169450721679 -1 -1 -1 -1000 -1000 -1000 -10
38 12529 DontCare 0 0 -1 919.6266552584932 155.31712030497502 961.963499202267 221.9771164169904 -1 -1 -1 -1000 -1000 -1000 -10
38 12507 car 0 0 -1 444.5921905884352 165.34458458108736 505.9261287402037 204.94139266588314 -1 -1 -1 -1000 -1000 -1000 -10
39 12530 car 0 0 -1 1168.7286616777174 165.39568342679374 1220.3900263391952 225.01647721352552 -1 -1 -1 -1000 -1000 -1000 -10
39 12529 DontCare 0 0 -1 904.9062347841643 156.35453769477044 945.3916189454376 220.10578664836459 -1 -1 -1 -1000 -1000 -1000 -10
40 12531 car 0 0 -1 395.1043018763693 162.32843321942482 464.01563150364063 213.43648304242635 -1 -1 -1 -1000 -1000 -1000 -10
40 12530 car 0 0 -1 1153.8188487698922 158.60021836397624 1219.4245937376468 227.6443651165638 -1 -1 -1 -1000 -1000 -1000 -10
40 12529 DontCare 0 0 -1 889.6952227592209 157.48262298477417 926.35881854969 218.8965703755699 -1 -1 -1 -1000 -1000 -1000 -10
40 12528 DontCare 0 0 -1 887.68498546436 158.9574800635003 914.135863705639 216.7117819274155 -1 -1 -1 -1000 -1000 -1000 -10
41 12534 DontCare 0 0 -1 943.7850144829019 176.1734813847024 967.451979501644 244.64990017226248 -1 -1 -1 -1000 -1000 -1000 -10
41 12531 car 0 0 -1 372.2849798141465 162.49760387082574 444.41780010875686 215.86388777017459 -1 -1 -1 -1000 -1000 -1000 -10
41 12530 car 0 0 -1 1139.1720676071434 156.4222434780995 1218.0528954431572 230.61337436959096 -1 -1 -1 -1000 -1000 -1000 -10
41 12529 DontCare 0 0 -1 873.7993364118369 158.75582942845128 907.2970578155697 219.17281619025928 -1 -1 -1 -1000 -1000 -1000 -10
41 12528 DontCare 0 0 -1 869.5262458842905 159.04353311033358 897.293113527135 219.2255682957739 -1 -1 -1 -1000 -1000 -1000 -10
42 12531 car 0 0 -1 346.1495646380999 165.23740435641918 418.95839359607857 220.0605235666851 -1 -1 -1 -1000 -1000 -1000 -10
42 12530 car 0 0 -1 1122.1397470709755 156.27915004471328 1216.0882054075707 233.4694682569226 -1 -1 -1 -1000 -1000 -1000 -10
42 12529 DontCare 0 0 -1 854.6543449914818 159.79670555586324 886.3193923579854 220.13634687783787 -1 -1 -1 -1000 -1000 -1000 -10
42 12528 DontCare 0 0 -1 847.3683872534262 158.89285788628848 878.1060775582399 221.7246557888186 -1 -1 -1 -1000 -1000 -1000 -10
43 12531 car 0 0 -1 316.12644562150115 167.39052267862368 390.7131771095917 225.14018911838807 -1 -1 -1 -1000 -1000 -1000 -10
43 12530 car 0 0 -1 1101.2172221942924 155.58597048552988 1213.5745163514362 235.21839266072513 -1 -1 -1 -1000 -1000 -1000 -10
43 12529 DontCare 0 0 -1 825.0964524025704 159.969814471411 857.3840920293995 222.77852454132702 -1 -1 -1 -1000 -1000 -1000 -10
43 12528 DontCare 0 0 -1 827.7495704302563 158.84467438102115 860.2834426609885 224.68654247659316 -1 -1 -1 -1000 -1000 -1000 -10
44 12531 car 0 0 -1 284.6883051871662 167.81876854678578 363.472720419593 229.1049923473631 -1 -1 -1 -1000 -1000 -1000 -10
44 12530 car 0 0 -1 1077.4780397360569 156.22077284394607 1211.0871803693722 237.82317688175976 -1 -1 -1 -1000 -1000 -1000 -10
44 12529 DontCare 0 0 -1 805.2181540070219 162.81580102380423 835.2298535597847 225.05567360755128 -1 -1 -1 -1000 -1000 -1000 -10
44 12528 DontCare 0 0 -1 799.4570399331284 159.35362316479694 834.4504774160654 227.27185029536173 -1 -1 -1 -1000 -1000 -1000 -10
45 12531 car 0 0 -1 246.19359384517685 168.31024788039008 331.4523706564274 234.83284921924394 -1 -1 -1 -1000 -1000 -1000 -10
45 12530 car 0 0 -1 1050.1209980208066 158.49734830618647 1204.4762465938636 240.18605515639328 -1 -1 -1 -1000 -1000 -1000 -10
45 12529 DontCare 0 0 -1 770.7229199697789 161.95423707510898 803.8489448938573 227.0791425447301 -1 -1 -1 -1000 -1000 -1000 -10
45 12528 DontCare 0 0 -1 775.0589768877561 161.55312615092447 807.3705356379947 228.21148492430768 -1 -1 -1 -1000 -1000 -1000 -10
46 12531 car 0 0 -1 201.76613709622285 170.30125402005677 293.8919493024333 241.73911851285027 -1 -1 -1 -1000 -1000 -1000 -10
46 12529 DontCare 0 0 -1 742.343968658418 162.10575599556546 773.9615430153859 227.97787174273873 -1 -1 -1 -1000 -1000 -1000 -10
47 12541 DontCare 0 0 -1 966.081297585129 167.33780726585405 1136.159440482355 236.5444216355039 -1 -1 -1 -1000 -1000 -1000 -10
47 12531 car 0 0 -1 152.71763330466408 172.6337697312743 253.02553056174165 249.9059178322907 -1 -1 -1 -1000 -1000 -1000 -10
47 12529 DontCare 0 0 -1 713.9593738758584 168.16085799510708 742.3483260255888 231.61963209245184 -1 -1 -1 -1000 -1000 -1000 -10
48 12541 car 0 0 -1 928.7433745382522 167.59307391475775 1095.204160382004 235.92858790546924 -1 -1 -1 -1000 -1000 -1000 -10
48 12531 car 0 0 -1 95.97414324159803 174.94009964106982 205.79055971510383 257.29592938552116 -1 -1 -1 -1000 -1000 -1000 -10
48 12530 DontCare 0 0 -1 937.4449537537741 162.24467211822778 1106.827065955522 241.0588864244318 -1 -1 -1 -1000 -1000 -1000 -10
49 12541 car 0 0 -1 889.599707735662 166.24847322188245 1052.2006324417655 233.9723068322888 -1 -1 -1 -1000 -1000 -1000 -10
49 12531 car 0 0 -1 30.95910558061729 175.68806376754225 153.90288156455287 265.2491507656509 -1 -1 -1 -1000 -1000 -1000 -10
49 12530 DontCare 0 0 -1 895.0435652304457 161.74018788921828 1065.3470509864417 238.95734833723023 -1 -1 -1 -1000 -1000 -1000 -10
50 12541 DontCare 0 0 -1 852.603843609082 164.7172128198843 1010.5935433259948 232.2464596149179 -1 -1 -1 -1000 -1000 -1000 -10
50 12531 car 0 0 -1 -9.383573683032857 177.31251189997533 107.41993661369648 271.27380322759404 -1 -1 -1 -1000 -1000 -1000 -10
50 12530 car 0 0 -1 857.4161104938062 160.49411615101968 1024.8220279360576 236.5611280426158 -1 -1 -1 -1000 -1000 -1000 -10
51 12541 DontCare 0 0 -1 816.1724156940462 162.71489340705065 968.8280149027684 229.6272974951378 -1 -1 -1 -1000 -1000 -1000 -10
51 12530 car 0 0 -1 818.6221091803284 158.437067256224 982.4031312973643 233.9383324378017 -1 -1 -1 -1000 -1000 -1000 -10
52 12541 car 0 0 -1 779.1686325425087 160.8428123179926 928.4694912153075 227.86195172125585 -1 -1 -1 -1000 -1000 -1000 -10
52 12530 DontCare 0 0 -1 780.8095953656288 157.13208424260216 941.2970796273831 232.17055147716684 -1 -1 -1 -1000 -1000 -1000 -10
53 12541 car 0 0 -1 742.2278817320754 159.10039820822135 889.0181068604185 225.6489733350562 -1 -1 -1 -1000 -1000 -1000 -10
53 12530 DontCare 0 0 -1 744.4125497934572 155.91661420217667 902.4027717893127 230.27573347103794 -1 -1 -1 -1000 -1000 -1000 -10
54 12541 DontCare 0 0 -1 703.084922521499 158.16278337207058 849.3899654831307 225.24625710234307 -1 -1 -1 -1000 -1000 -1000 -10
54 12530 car 0 0 -1 703.5626322192863 154.82140583589612 861.5443160357343 229.5704272349325 -1 -1 -1 -1000 -1000 -1000 -10
55 12541 car 0 0 -1 666.1866345811522 158.65329417721324 811.3582932564627 226.38335131513617 -1 -1 -1 -1000 -1000 -1000 -10
55 12530 DontCare 0 0 -1 666.9205386759852 155.7281296689407 822.6756591028741 230.644879752083 -1 -1 -1 -1000 -1000 -1000 -10
56 12530 car 0 0 -1 632.0365638457694 156.73864035501427 785.7804245720296 231.7295312830727 -1 -1 -1 -1000 -1000 -1000 -10
57 12530 car 0 0 -1 594.8703473534315 158.63131568619968 747.3875995384012 233.9297367974384 -1 -1 -1 -1000 -1000 -1000 -10
58 12541 DontCare 0 0 -1 554.8193454864161 163.96567639712117 700.2025805555252 234.24586413626298 -1 -1 -1 -1000 -1000 -1000 -10
59 12541 DontCare 0 0 -1 512.0996826200908 165.19197580315927 660.1174930549428 237.55531459154105 -1 -1 -1 -1000 -1000 -1000 -10
60 12541 car 0 0 -1 468.5915613855365 165.81474103916904 619.8334723688438 240.59532927753392 -1 -1 -1 -1000 -1000 -1000 -10
61 12541 car 0 0 -1 420.65446102563754 165.39605469130314 577.6977973656128 243.02807905915913 -1 -1 -1 -1000 -1000 -1000 -10
62 12590 car 0 0 -1 1087.7497339198733 179.54700218105424 1208.4303229666768 289.2183725399322 -1 -1 -1 -1000 -1000 -1000 -10
62 12541 car 0 0 -1 369.97578186710757 163.932969606296 533.3444056683821 244.56202641957623 -1 -1 -1 -1000 -1000 -1000 -10
62 12530 DontCare 0 0 -1 367.9085995774724 161.21382015621066 538.8044773452532 246.49942227899322 -1 -1 -1 -1000 -1000 -1000 -10
63 12598 car 0 0 -1 992.4278307688894 179.06463446045058 1056.9909239244391 227.17111416099812 -1 -1 -1 -1000 -1000 -1000 -10
63 12590 car 0 0 -1 1039.6342165714761 182.34686497676446 1173.6194080236444 288.0973813919438 -1 -1 -1 -1000 -1000 -1000 -10
63 12541 car 0 0 -1 317.98530651405054 163.6868309980648 489.14091271757457 248.08235775788177 -1 -1 -1 -1000 -1000 -1000 -10
63 12530 DontCare 0 0 -1 316.27471678651676 161.66248527715175 494.15495750667 249.89865068770598 -1 -1 -1 -1000 -1000 -1000 -10
64 12598 car 0 0 -1 943.5643255421062 178.2886905808564 1005.1426146906556 224.3503107336676 -1 -1 -1 -1000 -1000 -1000 -10
64 12590 car 0 0 -1 1000.9055691336848 186.0782847349343 1139.9014062740957 288.93116066598986 -1 -1 -1 -1000 -1000 -1000 -10
64 12530 DontCare 0 0 -1 258.6949813335916 161.4004694178657 445.8503658811745 254.18141057104182 -1 -1 -1 -1000 -1000 -1000 -10
65 12598 car 0 0 -1 898.5474641997224 180.441122186203 957.0870816147366 224.41343872297065 -1 -1 -1 -1000 -1000 -1000 -10
65 12596 car 0 0 -1 945.6903274521571 190.27029966053553 1042.270041862676 257.72234463592133 -1 -1 -1 -1000 -1000 -1000 -10
65 12590 car 0 0 -1 961.2410886939327 189.2091608192431 1107.184985337999 290.97873451825467 -1 -1 -1 -1000 -1000 -1000 -10
65 12530 car 0 0 -1 195.3848489846555 161.67649168025838 395.04110251335044 258.6492974186999 -1 -1 -1 -1000 -1000 -1000 -10
66 12598 car 0 0 -1 862.193509803538 180.20697250099295 917.7843800855788 223.17239833184442 -1 -1 -1 -1000 -1000 -1000 -10
66 12596 car 0 0 -1 912.3497428379027 196.00563907975754 1003.8490892293959 270.02560707184705 -1 -1 -1 -1000 -1000 -1000 -10
66 12590 car 0 0 -1 928.012417961826 189.39363159382964 1078.1242235786208 290.3581721269945 -1 -1 -1 -1000 -1000 -1000 -10
66 12541 car 0 0 -1 121.32668232977838 161.43730386361295 335.78459401245334 261.98916013033755 -1 -1 -1 -1000 -1000 -1000 -10
66 12530 DontCare 0 0 -1 122.76406303838095 160.57502900523954 340.05009254811796 263.4548930915215 -1 -1 -1 -1000 -1000 -1000 -10
67 12598 car 0 0 -1 829.3566918254218 178.8991413706954 882.1435619307389 221.15499520643633 -1 -1 -1 -1000 -1000 -1000 -10
67 12590 car 0 0 -1 897.8031772378417 188.4460508934769 1053.532287680458 289.6969084593517 -1 -1 -1 -1000 -1000 -1000 -10
67 12541 car 0 0 -1 42.05820887567937 160.59440487604704 280.57156007863387 268.4457810573382 -1 -1 -1 -1000 -1000 -1000 -10
68 12598 car 0 0 -1 804.1753473144138 177.20482588939532 852.073486119164 216.84627787422713 -1 -1 -1 -1000 -1000 -1000 -10
68 12591 car 0 0 -1 863.459545483287 179.80611357652174 945.01572369581 237.9822069306449 -1 -1 -1 -1000 -1000 -1000 -10
68 12590 car 0 0 -1 868.4244120278453 186.13962753046994 1025.099477572101 287.9556815980642 -1 -1 -1 -1000 -1000 -1000 -10
68 12541 car 0 0 -1 -4.56960754574537 161.06927616713068 236.27012143625996 275.2548223663504 -1 -1 -1 -1000 -1000 -1000 -10
69 12608 car 0 0 -1 787.1530400813517 175.66677609684973 832.8467800448432 215.46914788109558 -1 -1 -1 -1000 -1000 -1000 -10
69 12598 car 0 0 -1 771.0450208400496 173.66137272598547 822.5565839289775 211.44307483321722 -1 -1 -1 -1000 -1000 -1000 -10
69 12591 car 0 0 -1 840.6114822497377 178.15554741322796 928.5055392249385 239.94824857794185 -1 -1 -1 -1000 -1000 -1000 -10
69 12590 car 0 0 -1 847.1675682519165 185.2663772014756 1007.717728452134 288.0161460256429 -1 -1 -1 -1000 -1000 -1000 -10
70 12608 car 0 0 -1 771.8678559649107 175.85874917593844 819.8499940030373 217.63041965503908 -1 -1 -1 -1000 -1000 -1000 -10
70 12598 car 0 0 -1 745.3218072162799 171.49708587220692 800.3892110310055 209.09273537409769 -1 -1 -1 -1000 -1000 -1000 -10
70 12591 car 0 0 -1 821.2139289421929 177.97515818477706 913.5673926699482 244.83125558242364 -1 -1 -1 -1000 -1000 -1000 -10
70 12590 car 0 0 -1 838.7095956765487 184.8226238872171 1020.6687816095749 293.5496704053678 -1 -1 -1 -1000 -1000 -1000 -10
70 12530 car 0 0 -1 -33.71093326957829 154.8015420332153 150.77355459429333 270.92825635714524 -1 -1 -1 -1000 -1000 -1000 -10
71 12615 car 0 0 -1 467.5736529049556 165.08012876423695 519.9013055868596 197.56693998911632 -1 -1 -1 -1000 -1000 -1000 -10
71 12608 car 0 0 -1 755.0847845374988 174.4664038667488 806.0376287941497 220.09834749189525 -1 -1 -1 -1000 -1000 -1000 -10
71 12598 car 0 0 -1 719.847671082279 169.36517763878132 762.9524396653558 202.29975035686542 -1 -1 -1 -1000 -1000 -1000 -10
71 12591 car 0 0 -1 803.5822042314745 176.86282589060735 900.2593398329899 246.7871167872727 -1 -1 -1 -1000 -1000 -1000 -10
71 12590 car 0 0 -1 823.7895855584302 186.0867913123006 1009.4903011165222 298.1896064879221 -1 -1 -1 -1000 -1000 -1000 -10
71 12530 car 0 0 -1 -47.97187370790875 155.55424061860708 101.52149556591681 274.1501200580697 -1 -1 -1 -1000 -1000 -1000 -10
72 12615 car 0 0 -1 440.886154716693 166.79366653957726 495.71159335979337 200.78360909740172 -1 -1 -1 -1000 -1000 -1000 -10
72 12608 car 0 0 -1 740.3996480113949 174.21927717408195 792.3057893896723 220.43274846464047 -1 -1 -1 -1000 -1000 -1000 -10
72 12591 car 0 0 -1 790.3499576754793 176.84457688470022 890.0113331680298 248.96064418080513 -1 -1 -1 -1000 -1000 -1000 -10
72 12590 car 0 0 -1 815.8551207579459 188.13641576454722 1007.635114809039 304.3058974808639 -1 -1 -1 -1000 -1000 -1000 -10
73 12615 car 0 0 -1 415.4512622545361 170.55646836278274 473.37280873104305 206.77065955435867 -1 -1 -1 -1000 -1000 -1000 -10
73 12612 car 0 0 -1 708.784850077863 173.1039154250814 771.5127342613466 211.3273054087608 -1 -1 -1 -1000 -1000 -1000 -10
73 12608 car 0 0 -1 726.4016541491525 175.27377003880778 778.92218678303 222.71721106947948 -1 -1 -1 -1000 -1000 -1000 -10
73 12591 car 0 0 -1 779.1365272176465 178.89224054133123 882.5625539043801 255.5936371449205 -1 -1 -1 -1000 -1000 -1000 -10
73 12590 car 0 0 -1 812.0809253787174 191.09827850363826 1014.8004616370583 313.6295680112562 -1 -1 -1 -1000 -1000 -1000 -10
74 12615 car 0 0 -1 392.51367712829085 171.3474518818708 454.4600312918027 209.50132446283882 -1 -1 -1 -1000 -1000 -1000 -10
74 12614 car 0 0 -1 566.5583359902924 176.52237047147696 592.7287651661035 192.93599879336887 -1 -1 -1 -1000 -1000 -1000 -10
74 12612 car 0 0 -1 694.7251051645405 172.6940650403142 755.7844737292305 209.57684578261242 -1 -1 -1 -1000 -1000 -1000 -10
74 12608 car 0 0 -1 716.5896784398061 177.1302826351683 770.1273419408489 226.0329034110177 -1 -1 -1 -1000 -1000 -1000 -10
74 12591 car 0 0 -1 773.7039229412143 180.92091713438987 881.7833664246458 263.31464540885383 -1 -1 -1 -1000 -1000 -1000 -10
74 12590 car 0 0 -1 815.0963870380424 193.76719864998626 1035.0804118618291 325.4033926927248 -1 -1 -1 -1000 -1000 -1000 -10
75 12618 car 0 0 -1 695.7859123472332 175.11348511703486 737.7718551993056 207.0240803557809 -1 -1 -1 -1000 -1000 -1000 -10
75 12615 car 0 0 -1 369.46548407378117 171.0210246662831 435.2133103921579 211.44323682883538 -1 -1 -1 -1000 -1000 -1000 -10
75 12614 car 0 0 -1 555.2753611963557 175.52685809890943 581.2522520104461 191.7616149075286 -1 -1 -1 -1000 -1000 -1000 -10
75 12612 car 0 0 -1 694.3830790958835 173.32157301306583 755.8161794238325 209.43339562184903 -1 -1 -1 -1000 -1000 -1000 -10
75 12608 car 0 0 -1 708.7956878982642 176.19084659910615 763.1533144571873 225.98438959867443 -1 -1 -1 -1000 -1000 -1000 -10
75 12591 car 0 0 -1 770.1742719730298 180.93166530469335 883.0295209100191 266.78710346656936 -1 -1 -1 -1000 -1000 -1000 -10
75 12590 car 0 0 -1 820.9082871872906 195.49024812834148 1062.4137671770861 338.222358347413 -1 -1 -1 -1000 -1000 -1000 -10
76 12618 car 0 0 -1 682.226568218483 173.49877614599254 733.5099686336639 209.0028484843775 -1 -1 -1 -1000 -1000 -1000 -10
76 12615 DontCare 0 0 -1 346.197208088591 171.31351515401218 415.9486591267674 213.57169688647605 -1 -1 -1 -1000 -1000 -1000 -10
76 12614 car 0 0 -1 541.5932586595214 176.00440225784112 568.0526907983714 192.60757521911623 -1 -1 -1 -1000 -1000 -1000 -10
76 12612 car 0 0 -1 677.292702295911 174.0622804655394 734.376831111335 208.77159990839039 -1 -1 -1 -1000 -1000 -1000 -10
76 12608 car 0 0 -1 702.5423128135059 176.49759507384508 758.0260082075346 227.19179527680356 -1 -1 -1 -1000 -1000 -1000 -10
76 12591 car 0 0 -1 768.9092127169829 181.61666869901794 888.6931628447057 272.5216477076921 -1 -1 -1 -1000 -1000 -1000 -10
76 12590 car 0 0 -1 830.5739514326984 199.16201233356867 1097.8739258621224 354.3459972731454 -1 -1 -1 -1000 -1000 -1000 -10
77 12618 car 0 0 -1 667.7085864572875 174.21392605569633 711.0605595163145 206.7532212596181 -1 -1 -1 -1000 -1000 -1000 -10
77 12615 car 0 0 -1 322.2852918765588 171.5928756589209 395.8171762946146 216.02361304550902 -1 -1 -1 -1000 -1000 -1000 -10
77 12614 car 0 0 -1 531.1325541901847 176.5167701166324 556.9157365222184 192.54080390215833 -1 -1 -1 -1000 -1000 -1000 -10
77 12612 car 0 0 -1 666.5786221612335 173.58132389929762 720.6830060555277 207.84947661798213 -1 -1 -1 -1000 -1000 -1000 -10
77 12608 car 0 0 -1 695.6362769802404 176.41656049138112 752.7411561784677 227.7186840532397 -1 -1 -1 -1000 -1000 -1000 -10
77 12591 car 0 0 -1 768.3015940661629 182.12524849768383 896.1187906184365 277.5546306961221 -1 -1 -1 -1000 -1000 -1000 -10
77 12590 car 0 0 -1 847.3298719295525 200.0894962734331 1152.8194262694233 364.63215621242847 -1 -1 -1 -1000 -1000 -1000 -10
78 12618 car 0 0 -1 661.9564135737243 175.06264979319815 703.3521759634792 206.80814192386623 -1 -1 -1 -1000 -1000 -1000 -10
78 12615 DontCare 0 0 -1 298.550133091841 172.7632391680994 376.9753225006197 220.424014362763 -1 -1 -1 -1000 -1000 -1000 -10
78 12614 car 0 0 -1 518.5921225453176 176.94130795200098 545.7875825599886 193.62508493391547 -1 -1 -1 -1000 -1000 -1000 -10
78 12608 car 0 0 -1 689.1447612743613 176.64091913749022 747.3669496846054 228.88919585776821 -1 -1 -1 -1000 -1000 -1000 -10
78 12591 car 0 0 -1 770.5760025604069 182.76853303102666 905.4301740821937 282.117531569575 -1 -1 -1 -1000 -1000 -1000 -10
78 12590 car 0 0 -1 855.3443670999692 199.76552350873575 1187.5118711788894 368.9552658544228 -1 -1 -1 -1000 -1000 -1000 -10
79 12620 car 0 0 -1 271.3077873535552 172.39764505081956 359.0388092104756 224.15297799763465 -1 -1 -1 -1000 -1000 -1000 -10
79 12615 DontCare 0 0 -1 272.90997766295015 173.23872689096652 357.1872482053062 223.18594210465375 -1 -1 -1 -1000 -1000 -1000 -10
79 12614 car 0 0 -1 507.883554400236 177.51476248661524 535.5952108841144 194.2547593530293 -1 -1 -1 -1000 -1000 -1000 -10
79 12608 car 0 0 -1 686.9820738136088 177.26509441170168 746.3757512257348 231.3492189477812 -1 -1 -1 -1000 -1000 -1000 -10
79 12591 car 0 0 -1 775.0731462983587 182.84264931525294 921.453790132378 286.46418004757436 -1 -1 -1 -1000 -1000 -1000 -10
79 12590 car 0 0 -1 862.5308624843188 199.75523026440518 1208.529609449717 370.2353217567969 -1 -1 -1 -1000 -1000 -1000 -10
80 12621 car 0 0 -1 750.5148269081194 199.63770470766923 788.9556234021986 232.47983716140516 -1 -1 -1 -1000 -1000 -1000 -10
80 12620 DontCare 0 0 -1 243.64833738975813 171.03041540643954 338.03297689385386 225.63568355799714 -1 -1 -1 -1000 -1000 -1000 -10
80 12615 car 0 0 -1 245.23298394414576 172.6674015813877 335.70526497937954 224.798095125783 -1 -1 -1 -1000 -1000 -1000 -10
80 12614 car 0 0 -1 499.8794559061909 176.4284391784368 529.1573246690751 193.73225649138163 -1 -1 -1 -1000 -1000 -1000 -10
80 12612 car 0 0 -1 652.7405202414529 172.7662798805 701.270632383297 207.3446517442004 -1 -1 -1 -1000 -1000 -1000 -10
80 12608 car 0 0 -1 685.0340755457233 176.63626611319987 746.3953294000104 232.3889878324945 -1 -1 -1 -1000 -1000 -1000 -10
80 12591 car 0 0 -1 780.667382542143 182.98687299567794 939.6480249882821 292.41435674328403 -1 -1 -1 -1000 -1000 -1000 -10
80 12590 car 0 0 -1 873.3873023344436 202.6465289362095 1222.2046919187515 372.1829506515086 -1 -1 -1 -1000 -1000 -1000 -10
81 12620 DontCare 0 0 -1 214.93792694428404 170.18201840832796 316.9287010943836 228.6672000355727 -1 -1 -1 -1000 -1000 -1000 -10
81 12615 car 0 0 -1 217.6081158223319 171.52773169865543 315.46242063951 226.84220591713796 -1 -1 -1 -1000 -1000 -1000 -10
81 12614 car 0 0 -1 490.8093519802749 174.927560989084 521.4812838695638 193.27003999165248 -1 -1 -1 -1000 -1000 -1000 -10
81 12612 car 0 0 -1 655.6741343187431 172.35100699164715 698.6304921393593 206.56859935881633 -1 -1 -1 -1000 -1000 -1000 -10
81 12608 car 0 0 -1 683.1538096513033 174.42627176809253 747.403530367416 232.03158629500984 -1 -1 -1 -1000 -1000 -1000 -10
81 12591 car 0 0 -1 794.2425194107851 182.90827603924086 977.2154399330849 302.49776831621017 -1 -1 -1 -1000 -1000 -1000 -10
81 12590 car 0 0 -1 890.4106723522699 206.42074429645942 1232.8052122238455 373.9570201567953 -1 -1 -1 -1000 -1000 -1000 -10
82 12620 car 0 0 -1 182.69389327786527 169.51595008653118 293.9931426066012 231.40458408161368 -1 -1 -1 -1000 -1000 -1000 -10
82 12618 car 0 0 -1 647.5685200752444 173.16090823008983 682.2432703144996 203.16743862087276 -1 -1 -1 -1000 -1000 -1000 -10
82 12614 car 0 0 -1 482.900043607096 173.441636583938 515.7822642931263 192.67789167771363 -1 -1 -1 -1000 -1000 -1000 -10
82 12612 car 0 0 -1 658.340767430289 172.89468730505055 697.2131707092254 206.88330048518398 -1 -1 -1 -1000 -1000 -1000 -10
82 12608 car 0 0 -1 684.5079017480045 174.84129257566224 750.1255867464106 233.86826553753463 -1 -1 -1 -1000 -1000 -1000 -10
82 12591 car 0 0 -1 804.5156642509099 184.14223342991897 1011.8978624670582 313.39209936803695 -1 -1 -1 -1000 -1000 -1000 -10
82 12590 car 0 0 -1 920.1582466880559 212.8095546145255 1244.1997258348802 375.3523061684168 -1 -1 -1 -1000 -1000 -1000 -10
83 12620 car 0 0 -1 147.43412381942449 169.93557839800667 268.9226596051556 235.13846350509368 -1 -1 -1 -1000 -1000 -1000 -10
83 12618 car 0 0 -1 645.1628427651332 175.09851757031575 676.6184716812191 204.2503860704422 -1 -1 -1 -1000 -1000 -1000 -10
83 12614 car 0 0 -1 474.012117575346 173.64158771718638 506.9185246435036 192.36018006550898 -1 -1 -1 -1000 -1000 -1000 -10
83 12608 car 0 0 -1 684.0820374550856 174.55909330337744 752.4891488322264 235.59827761285828 -1 -1 -1 -1000 -1000 -1000 -10
83 12591 car 0 0 -1 819.9227957880673 185.55107146230677 1057.269318616966 324.2404313839779 -1 -1 -1 -1000 -1000 -1000 -10
83 12590 car 0 0 -1 955.3449575960598 243.67277327881732 1258.4455652590432 386.4800864931574 -1 -1 -1 -1000 -1000 -1000 -10
84 12620 car 0 0 -1 106.53800242794318 169.5269796567793 241.63078824334224 238.9989428756154 -1 -1 -1 -1000 -1000 -1000 -10
84 12614 car 0 0 -1 465.8079828744306 173.95632145842993 499.12529401302567 192.6664986829413 -1 -1 -1 -1000 -1000 -1000 -10
84 12608 car 0 0 -1 684.990571877486 174.80299941284576 755.2804951376875 237.15465163278216 -1 -1 -1 -1000 -1000 -1000 -10
84 12591 car 0 0 -1 836.2324540315351 188.05953602676277 1109.5298250694113 341.8703453404628 -1 -1 -1 -1000 -1000 -1000 -10
85 12620 car 0 0 -1 61.54199253438112 168.98218477773975 211.73377593994832 243.415369347636 -1 -1 -1 -1000 -1000 -1000 -10
85 12614 car 0 0 -1 455.24427783481065 174.68232712882656 490.3969748314677 193.49642226784164 -1 -1 -1 -1000 -1000 -1000 -10
85 12608 car 0 0 -1 687.8068183375526 174.8741232323278 760.7172591125534 239.67320090460822 -1 -1 -1 -1000 -1000 -1000 -10
85 12591 car 0 0 -1 855.3098397627704 188.0199235933281 1168.9863118182602 356.49823430561577 -1 -1 -1 -1000 -1000 -1000 -10
86 12620 car 0 0 -1 13.743569400598076 170.4998569300594 180.37282346402208 250.64203187668866 -1 -1 -1 -1000 -1000 -1000 -10
86 12614 car 0 0 -1 446.656677147656 175.44286385885718 483.7259178020808 195.29645857948069 -1 -1 -1 -1000 -1000 -1000 -10
86 12608 car 0 0 -1 693.9639066690954 175.2247853403964 769.0698729921687 242.86437514107757 -1 -1 -1 -1000 -1000 -1000 -10
86 12591 car 0 0 -1 866.9263566558401 187.03578427496035 1201.5566584469275 364.0479860696972 -1 -1 -1 -1000 -1000 -1000 -10
87 12620 car 0 0 -1 -12.184038660492163 173.53638426670236 151.91831244585575 257.4259410315848 -1 -1 -1 -1000 -1000 -1000 -10
87 12614 car 0 0 -1 436.7799406667011 177.1743207035855 476.5822255994875 198.46743308221804 -1 -1 -1 -1000 -1000 -1000 -10
87 12608 car 0 0 -1 698.469031458443 175.44787966941277 778.1044186875389 246.53906268486253 -1 -1 -1 -1000 -1000 -1000 -10
87 12591 car 0 0 -1 879.7190779660174 186.88276932553924 1221.7515680215956 368.37036568762494 -1 -1 -1 -1000 -1000 -1000 -10
88 12626 car 0 0 -1 690.1376859193899 175.93837355761048 749.3143603882204 229.3728703883906 -1 -1 -1 -1000 -1000 -1000 -10
88 12620 car 0 0 -1 -27.76551230574239 175.3749708710545 118.96126205901282 260.424954652022 -1 -1 -1 -1000 -1000 -1000 -10
88 12614 car 0 0 -1 429.17584845101 178.11876525435207 471.7511462216678 201.32644548274533 -1 -1 -1 -1000 -1000 -1000 -10
88 12608 car 0 0 -1 702.9172670163302 175.881876684866 784.7992242409086 249.47700755024178 -1 -1 -1 -1000 -1000 -1000 -10
88 12591 car 0 0 -1 899.3856689986525 186.21906959670446 1236.0052925382508 369.68970163204733 -1 -1 -1 -1000 -1000 -1000 -10
89 12626 car 0 0 -1 690.7831538135003 177.10258166693734 746.5751226193422 230.64451635728318 -1 -1 -1 -1000 -1000 -1000 -10
89 12620 DontCare 0 0 -1 -38.692798293561324 178.30129495806972 78.81344815327823 263.122960206407 -1 -1 -1 -1000 -1000 -1000 -10
89 12614 car 0 0 -1 421.22522843815784 178.4511719707827 465.71457532011505 202.40076212542226 -1 -1 -1 -1000 -1000 -1000 -10
89 12608 car 0 0 -1 711.2297461096667 176.07376200334502 795.17357932517 251.14416869752304 -1 -1 -1 -1000 -1000 -1000 -10
89 12591 car 0 0 -1 928.6525610190223 190.12677759474428 1248.1745087414026 372.3112236721909 -1 -1 -1 -1000 -1000 -1000 -10
90 12626 car 0 0 -1 695.0987942570134 176.67641646386392 752.5333179549955 233.0290488624097 -1 -1 -1 -1000 -1000 -1000 -10
90 12624 car 0 0 -1 670.7894717069498 175.7839042933004 701.7755382104135 216.88265782661017 -1 -1 -1 -1000 -1000 -1000 -10
90 12614 car 0 0 -1 413.17364126511103 177.78047286195044 459.1810324806177 200.94466670688786 -1 -1 -1 -1000 -1000 -1000 -10
90 12608 car 0 0 -1 720.4083436262206 177.14332638222203 806.833169214955 255.28257329927658 -1 -1 -1 -1000 -1000 -1000 -10
90 12591 car 0 0 -1 970.8670617780303 210.6689182428879 1261.9729129807401 381.44968859305243 -1 -1 -1 -1000 -1000 -1000 -10
91 12628 car 0 0 -1 650.5434206050847 175.16581276401743 677.1041066074038 203.6577980225151 -1 -1 -1 -1000 -1000 -1000 -10
91 12626 car 0 0 -1 699.4512886198494 176.0286942085004 760.6399501384366 235.5637932303359 -1 -1 -1 -1000 -1000 -1000 -10
91 12624 car 0 0 -1 669.5889551592319 176.77475444342167 701.3332472353076 218.74635235011107 -1 -1 -1 -1000 -1000 -1000 -10
91 12614 car 0 0 -1 403.0734023355793 178.78724498083918 450.53519960177994 202.37192447542876 -1 -1 -1 -1000 -1000 -1000 -10
91 12608 car 0 0 -1 729.2137484625589 178.3983474193252 819.6174204998877 261.15539713268197 -1 -1 -1 -1000 -1000 -1000 -10
92 12628 car 0 0 -1 652.4211608241028 175.1767316106836 683.4742828134224 206.38257332304107 -1 -1 -1 -1000 -1000 -1000 -10
92 12627 car 0 0 -1 681.4600760410455 177.8071038679494 712.7731235520629 221.24266610968252 -1 -1 -1 -1000 -1000 -1000 -10
92 12626 car 0 0 -1 703.3608262520543 176.54483409250952 767.6793121923215 239.066293445678 -1 -1 -1 -1000 -1000 -1000 -10
92 12624 car 0 0 -1 667.5194655331275 176.8862237469331 700.7555933755798 219.58883537721172 -1 -1 -1 -1000 -1000 -1000 -10
92 12614 car 0 0 -1 391.8108057363145 179.68778338352232 442.1330353004146 205.63601716371593 -1 -1 -1 -1000 -1000 -1000 -10
92 12608 car 0 0 -1 739.2692800210755 179.29051123186784 835.9498379779898 266.80018968900936 -1 -1 -1 -1000 -1000 -1000 -10
93 12628 car 0 0 -1 653.6363136342895 174.98720189238293 688.3666606652507 208.03526320447583 -1 -1 -1 -1000 -1000 -1000 -10
93 12627 car 0 0 -1 684.7119207945628 178.22752904716762 718.677627812007 223.67943402605775 -1 -1 -1 -1000 -1000 -1000 -10
93 12626 car 0 0 -1 708.288622335272 176.69123105180182 774.5306718427563 241.58032377963036 -1 -1 -1 -1000 -1000 -1000 -10
93 12614 car 0 0 -1 380.09841136684145 179.04542885809164 432.53523388759925 205.8574367239365 -1 -1 -1 -1000 -1000 -1000 -10
93 12608 car 0 0 -1 748.7226664217753 178.7788749298291 853.3335681761253 270.99767895102394 -1 -1 -1 -1000 -1000 -1000 -10
94 12630 car 0 0 -1 661.1467442375764 176.105646051802 705.7354846637814 217.71796473473051 -1 -1 -1 -1000 -1000 -1000 -10
94 12628 car 0 0 -1 651.8582874290173 175.01396791508378 687.4409625679737 209.86552737212517 -1 -1 -1 -1000 -1000 -1000 -10
94 12627 car 0 0 -1 688.5123584541204 177.70520884416516 722.9645913189918 223.85428071562905 -1 -1 -1 -1000 -1000 -1000 -10
94 12626 car 0 0 -1 713.502996989717 175.64487404713066 784.7752805155968 243.44345674240117 -1 -1 -1 -1000 -1000 -1000 -10
94 12614 car 0 0 -1 367.28178905426915 179.6217090406352 422.7778718323853 207.69698302975252 -1 -1 -1 -1000 -1000 -1000 -10
94 12608 car 0 0 -1 762.2678471407396 178.16991825886504 875.2242609092959 275.5110562456084 -1 -1 -1 -1000 -1000 -1000 -10
95 12630 car 0 0 -1 663.5396099454622 176.5977500161514 707.217465147603 218.2673896084379 -1 -1 -1 -1000 -1000 -1000 -10
95 12628 car 0 0 -1 652.1104485168293 174.82447929161063 687.557875057974 209.17288338134765 -1 -1 -1 -1000 -1000 -1000 -10
95 12627 car 0 0 -1 688.7051221381718 177.19344950741097 722.3457646288194 222.85932037418732 -1 -1 -1 -1000 -1000 -1000 -10
95 12626 car 0 0 -1 719.5546076549924 175.82876766131432 795.4632439439608 247.4855853969982 -1 -1 -1 -1000 -1000 -1000 -10
95 12614 car 0 0 -1 352.88814119721786 179.31419657333598 411.5202390667668 208.8817686887244 -1 -1 -1 -1000 -1000 -1000 -10
95 12608 car 0 0 -1 772.9577114180397 178.69773748300696 895.9739294914234 281.58240743157995 -1 -1 -1 -1000 -1000 -1000 -10
96 12631 car 0 0 -1 700.2112798618857 178.92533681467418 741.4352540224763 233.72150270911143 -1 -1 -1 -1000 -1000 -1000 -10
96 12630 car 0 0 -1 659.8537184987465 175.55867965951404 711.7979200066648 221.12186731703707 -1 -1 -1 -1000 -1000 -1000 -10
96 12626 car 0 0 -1 726.0877844553399 177.8329667486798 808.1010262155864 254.97959560961775 -1 -1 -1 -1000 -1000 -1000 -10
96 12614 car 0 0 -1 336.7478587249635 179.5536001501529 399.5567203243278 210.24177601435233 -1 -1 -1 -1000 -1000 -1000 -10
96 12608 car 0 0 -1 785.2233650985044 179.59386157872208 920.090065802011 288.3025846976532 -1 -1 -1 -1000 -1000 -1000 -10
97 12632 car 0 0 -1 755.519346349554 178.40281159579683 825.2997106446752 270.88995053350374 -1 -1 -1 -1000 -1000 -1000 -10
97 12631 car 0 0 -1 705.5054860323041 178.84257300779328 751.4598182892598 238.346242610764 -1 -1 -1 -1000 -1000 -1000 -10
97 12630 car 0 0 -1 658.2595540239383 177.06902331629036 706.1312620127383 221.61028895033823 -1 -1 -1 -1000 -1000 -1000 -10
97 12626 car 0 0 -1 733.8833833785357 178.4975061554376 824.3259720755977 263.059582610296 -1 -1 -1 -1000 -1000 -1000 -10
97 12624 car 0 0 -1 680.5183927450471 178.10622275656323 720.0628573572228 226.32927838114483 -1 -1 -1 -1000 -1000 -1000 -10
97 12614 car 0 0 -1 319.6205777962978 179.80203360221105 386.37109033473365 211.866750322521 -1 -1 -1 -1000 -1000 -1000 -10
97 12608 car 0 0 -1 805.1422927122533 182.4095850740724 963.1837802423063 302.62346135182224 -1 -1 -1 -1000 -1000 -1000 -10
98 12632 car 0 0 -1 753.5608894963146 173.10442980759504 849.9357075310178 281.17811339212994 -1 -1 -1 -1000 -1000 -1000 -10
98 12631 car 0 0 -1 710.4864491296569 179.18089542412142 762.5243209383809 243.65298514729525 -1 -1 -1 -1000 -1000 -1000 -10
98 12628 car 0 0 -1 653.414782628752 175.11363071357866 686.7359971488205 210.51521131298423 -1 -1 -1 -1000 -1000 -1000 -10
98 12626 car 0 0 -1 734.6012559914062 178.28983671896484 818.153160626723 263.06268734331667 -1 -1 -1 -1000 -1000 -1000 -10
98 12624 car 0 0 -1 681.92192440445 179.00910013226311 723.8485712043969 229.0354864023998 -1 -1 -1 -1000 -1000 -1000 -10
98 12614 car 0 0 -1 299.5603471793304 180.9871564032385 371.3923759079994 215.27113694597864 -1 -1 -1 -1000 -1000 -1000 -10
98 12608 car 0 0 -1 828.8674043449305 187.63562645859878 1015.7395179416999 325.30786535673525 -1 -1 -1 -1000 -1000 -1000 -10
99 12632 car 0 0 -1 757.8949267657927 171.4393172975031 872.2105652949924 287.22330439434165 -1 -1 -1 -1000 -1000 -1000 -10
99 12631 car 0 0 -1 716.2998720537056 178.8440901122152 772.1278193251393 246.962524721185 -1 -1 -1 -1000 -1000 -1000 -10
99 12624 car 0 0 -1 686.9974071665822 179.40369762153014 731.1560663216312 231.248367422408 -1 -1 -1 -1000 -1000 -1000 -10
99 12614 car 0 0 -1 277.5410430567677 182.05474679749383 356.61910744584173 219.818040578432 -1 -1 -1 -1000 -1000 -1000 -10
99 12608 car 0 0 -1 860.1515245113567 189.74225223494435 1089.1285631524438 347.96424507731535 -1 -1 -1 -1000 -1000 -1000 -10
100 12632 car 0 0 -1 773.8882490207366 172.25717417262865 911.8136344824802 299.7318747731905 -1 -1 -1 -1000 -1000 -1000 -10
100 12631 car 0 0 -1 722.8257225084616 177.8881033967594 783.6485955308707 250.09634264533378 -1 -1 -1 -1000 -1000 -1000 -10
100 12630 car 0 0 -1 657.0734700536301 175.95618156521792 697.7662183529382 215.77693202743674 -1 -1 -1 -1000 -1000 -1000 -10
100 12624 car 0 0 -1 689.2286225197922 178.79263033394017 734.7937237087594 230.8033579288346 -1 -1 -1 -1000 -1000 -1000 -10
100 12614 car 0 0 -1 251.22468091825775 182.76388434784684 337.6841519453421 224.44813281069088 -1 -1 -1 -1000 -1000 -1000 -10
100 12608 car 0 0 -1 893.1282390811011 188.70009612147584 1160.9503216929934 358.7987488270048 -1 -1 -1 -1000 -1000 -1000 -10
101 12632 car 0 0 -1 783.8022200671734 170.54718956819877 949.8744299375352 310.3765657749691 -1 -1 -1 -1000 -1000 -1000 -10
101 12631 car 0 0 -1 730.7007174842088 178.4502384098589 795.3491479820327 254.2698379444829 -1 -1 -1 -1000 -1000 -1000 -10
101 12630 car 0 0 -1 660.3088454959156 176.04036352439638 700.2377881384066 215.07289692740514 -1 -1 -1 -1000 -1000 -1000 -10
101 12624 car 0 0 -1 686.314347057606 178.02473022984293 733.8777881513108 231.76344452998836 -1 -1 -1 -1000 -1000 -1000 -10
101 12614 car 0 0 -1 222.12752516006324 181.83778776086083 316.4161857632267 226.6784820930441 -1 -1 -1 -1000 -1000 -1000 -10
101 12608 car 0 0 -1 918.3898409173713 187.8767734802494 1201.7730967322127 364.3549613629616 -1 -1 -1 -1000 -1000 -1000 -10
102 12633 car 0 0 -1 703.3394420807016 178.79431329311518 755.6749843493293 244.28414226167422 -1 -1 -1 -1000 -1000 -1000 -10
102 12632 car 0 0 -1 798.8642069209428 170.68049064876345 998.9884631248163 325.3986918576644 -1 -1 -1 -1000 -1000 -1000 -10
102 12631 car 0 0 -1 738.8738073893797 178.71053569257154 809.9785950694935 261.0122321514656 -1 -1 -1 -1000 -1000 -1000 -10
102 12628 car 0 0 -1 661.1854024818449 175.13621534317423 695.0290952335267 211.45612635888818 -1 -1 -1 -1000 -1000 -1000 -10
102 12624 car 0 0 -1 682.7371566797265 176.50539836877692 724.7243412891869 229.36441706393651 -1 -1 -1 -1000 -1000 -1000 -10
102 12614 car 0 0 -1 189.5524179734948 181.56476928502474 294.1441371968524 229.98599067846044 -1 -1 -1 -1000 -1000 -1000 -10
102 12608 car 0 0 -1 950.6213842446398 191.4309988308673 1229.262947632468 368.1885830964437 -1 -1 -1 -1000 -1000 -1000 -10
103 12634 car 0 0 -1 693.5393896743933 175.60994031514483 756.8720068673672 240.44860138982474 -1 -1 -1 -1000 -1000 -1000 -10
103 12633 car 0 0 -1 704.1946520132377 177.67397342987852 761.617802186098 242.98846225897654 -1 -1 -1 -1000 -1000 -1000 -10
103 12632 car 0 0 -1 820.9214005184858 173.359356233452 1064.426839416011 349.6203706510703 -1 -1 -1 -1000 -1000 -1000 -10
103 12631 car 0 0 -1 749.5374561626489 180.15597921326628 827.2812974366185 267.3605635599447 -1 -1 -1 -1000 -1000 -1000 -10
103 12624 car 0 0 -1 682.1334123282894 177.58334978547018 721.0700490427442 231.3448437142467 -1 -1 -1 -1000 -1000 -1000 -10
103 12614 car 0 0 -1 151.0360420707076 182.96467818152846 268.35376398579876 235.54342889522425 -1 -1 -1 -1000 -1000 -1000 -10
103 12608 car 0 0 -1 1003.3666170924942 206.1094634119694 1254.6502374885038 376.2812663347346 -1 -1 -1 -1000 -1000 -1000 -10
104 12635 car 0 0 -1 551.8869512542658 177.76302231503516 580.2313547133674 197.23667204554133 -1 -1 -1 -1000 -1000 -1000 -10
104 12634 car 0 0 -1 684.0978480345752 178.17899606827405 737.4159152748539 238.3245656485476 -1 -1 -1 -1000 -1000 -1000 -10
104 12633 car 0 0 -1 707.2889691725561 177.77774974108803 764.0183505349696 242.05435093421175 -1 -1 -1 -1000 -1000 -1000 -10
104 12632 car 0 0 -1 851.8591406386971 174.7375071782435 1148.004523218633 368.38117401922386 -1 -1 -1 -1000 -1000 -1000 -10
104 12630 car 0 0 -1 662.4354680218222 176.86944661298494 701.8464004013191 215.44989107781046 -1 -1 -1 -1000 -1000 -1000 -10
104 12624 car 0 0 -1 683.9777195421195 175.92900607699917 722.1433368491778 226.91702595579514 -1 -1 -1 -1000 -1000 -1000 -10
104 12614 car 0 0 -1 105.95167980044512 184.4557098695398 237.79537326120288 241.83795087194582 -1 -1 -1 -1000 -1000 -1000 -10
105 12636 car 0 0 -1 748.9860783817148 186.75662241392078 807.9529347979274 267.8895294211618 -1 -1 -1 -1000 -1000 -1000 -10
105 12635 car 0 0 -1 547.6459655434519 179.75187170027527 576.1385092608714 199.24795576619005 -1 -1 -1 -1000 -1000 -1000 -10
105 12634 car 0 0 -1 687.8477327165656 181.848726915742 732.5454329804782 238.56223181492064 -1 -1 -1 -1000 -1000 -1000 -10
105 12633 car 0 0 -1 713.9775889890857 179.41750079660272 772.3982450598687 245.54365736594576 -1 -1 -1 -1000 -1000 -1000 -10
105 12632 car 0 0 -1 874.5917080120064 175.38415834338088 1202.7859902664875 375.91636068014515 -1 -1 -1 -1000 -1000 -1000 -10
105 12630 car 0 0 -1 662.5279004722295 177.35316252413065 703.5823549715394 216.70694940934487 -1 -1 -1 -1000 -1000 -1000 -10
105 12626 car 0 0 -1 773.7070981135356 186.92658891221961 881.9907114436024 292.1406274394206 -1 -1 -1 -1000 -1000 -1000 -10
105 12624 car 0 0 -1 688.7312897344136 176.07440714944354 726.3055920281827 224.4357504208186 -1 -1 -1 -1000 -1000 -1000 -10
105 12614 car 0 0 -1 50.79203753315035 187.92235585986964 201.3677743228696 251.0283174376691 -1 -1 -1 -1000 -1000 -1000 -10
