0 6298 car 0 0 -1 304.0 172.0 350.0 207.0 -1 -1 -1 -1000 -1000 -1000 -10
0 6297 car 0 0 -1 96.0 168.0 222.0 224.0 -1 -1 -1 -1000 -1000 -1000 -10
0 6296 car 0 0 -1 207.0 181.0 273.0 217.0 -1 -1 -1 -1000 -1000 -1000 -10
0 6295 car 0 0 -1 0.0 184.0 112.0 236.0 -1 -1 -1 -1000 -1000 -1000 -10
1 6297 DontCare 0 0 -1 58.97573142986552 168.91665800141539 196.00919319325004 229.76675908401126 -1 -1 -1 -1000 -1000 -1000 -10
1 6295 car 0 0 -1 -4.740946207781015 183.54092602016814 93.82637334345935 236.45907397983174 -1 -1 -1 -1000 -1000 -1000 -10
2 6295 car 0 0 -1 -12.52495548575543 186.9709590039491 55.532895707153145 235.7128337392547 -1 -1 -1 -1000 -1000 -1000 -10
3 6296 car 0 0 -1 145.68281493443538 181.75079620377534 236.28217709210406 225.0671843402489 -1 -1 -1 -1000 -1000 -1000 -10
4 6298 DontCare 0 0 -1 248.18356464012388 172.04034695841258 310.7802054468509 216.754473968893 -1 -1 -1 -1000 -1000 -1000 -10
4 6296 car 0 0 -1 113.80593365605421 182.24613063231175 214.7696438527746 227.93144948504948 -1 -1 -1 -1000 -1000 -1000 -10
5 6298 DontCare 0 0 -1 225.8007259299519 170.85372824647737 294.905228406835 217.90209500637945 -1 -1 -1 -1000 -1000 -1000 -10
5 6296 car 0 0 -1 76.11846902319692 179.84707962577838 191.7117359192156 230.37164250811097 -1 -1 -1 -1000 -1000 -1000 -10
6 6296 DontCare 0 0 -1 44.52286953558952 178.22139904826676 172.42712367317438 232.56483270637753 -1 -1 -1 -1000 -1000 -1000 -10
7 6296 car 0 0 -1 7.458651237137531 178.00049281273218 147.18396587074932 234.9739690760019 -1 -1 -1 -1000 -1000 -1000 -10
15 6300 DontCare 0 0 -1 -12.472233892691563 164.77708875415252 74.07975202536488 247.84049643947046 -1 -1 -1 -1000 -1000 -1000 -10
36 6302 DontCare 0 0 -1 0.17976578749360783 166.35033719718228 109.66610069480689 223.16767067073437 -1 -1 -1 -1000 -1000 -1000 -10
37 6302 DontCare 0 0 -1 -7.305612632390741 166.1549774835881 89.46999820693799 222.57190926640075 -1 -1 -1 -1000 -1000 -1000 -10
42 6303 car 0 0 -1 717.4351478261459 170.3775475449154 739.5648521738591 189.959407419912 -1 -1 -1 -1000 -1000 -1000 -10
43 6303 car 0 0 -1 717.139641464526 170.63679991923416 739.8603585354706 190.63656557680454 -1 -1 -1 -1000 -1000 -1000 -10
44 6305 car 0 0 -1 544.9078760549955 176.52545802290754 574.8839662379853 194.25473291248468 -1 -1 -1 -1000 -1000 -1000 -10
44 6303 car 0 0 -1 717.548938862045 171.76616080392506 740.1288364309665 191.22144975792907 -1 -1 -1 -1000 -1000 -1000 -10
45 6305 car 0 0 -1 536.8857702078184 177.5559897894862 569.6238528509708 195.46289874938788 -1 -1 -1 -1000 -1000 -1000 -10
46 6305 car 0 0 -1 527.3740065900605 179.01653155150453 562.8818549520323 198.37006153949991 -1 -1 -1 -1000 -1000 -1000 -10
47 6305 car 0 0 -1 519.1994289489527 179.46428917729673 556.2787625062948 199.9047281819611 -1 -1 -1 -1000 -1000 -1000 -10
47 6303 car 0 0 -1 715.995037959544 174.82451486330274 740.6798041629808 195.51941609030678 -1 -1 -1 -1000 -1000 -1000 -10
48 6305 car 0 0 -1 511.1415204796079 179.41378601635986 549.3455855165266 200.4887371928294 -1 -1 -1 -1000 -1000 -1000 -10
48 6303 car 0 0 -1 716.3812822274964 174.52823102975594 741.15328213541 195.81485843975975 -1 -1 -1 -1000 -1000 -1000 -10
49 6305 car 0 0 -1 500.73955490255867 178.55559300423053 542.6248594906272 200.72894365417162 -1 -1 -1 -1000 -1000 -1000 -10
49 6303 car 0 0 -1 716.0126205513042 174.46982971231054 741.1902667287094 196.5093971792131 -1 -1 -1 -1000 -1000 -1000 -10
50 6305 car 0 0 -1 491.79398083689625 178.0174371425251 535.0933414711687 200.27774864028177 -1 -1 -1 -1000 -1000 -1000 -10
50 6303 car 0 0 -1 716.3122124216784 174.3479254071555 741.4138267257856 196.85557181239383 -1 -1 -1 -1000 -1000 -1000 -10
51 6305 car 0 0 -1 480.5226467407047 177.61194915025507 525.4376027753137 200.9309209039313 -1 -1 -1 -1000 -1000 -1000 -10
51 6303 car 0 0 -1 715.4476055359241 173.23678025003284 741.1820352830425 196.74387538814318 -1 -1 -1 -1000 -1000 -1000 -10
52 6305 car 0 0 -1 470.07243667867453 178.1078135176635 516.704544568027 202.47624557826924 -1 -1 -1 -1000 -1000 -1000 -10
52 6303 car 0 0 -1 714.5678784829835 172.63569013000958 741.0017787296716 196.87032512873085 -1 -1 -1 -1000 -1000 -1000 -10
53 6305 car 0 0 -1 455.5368139961569 178.70484446656494 505.467530539916 203.91902361393065 -1 -1 -1 -1000 -1000 -1000 -10
53 6303 car 0 0 -1 711.2827650850556 172.36174648019866 740.0291505284281 197.59824980497714 -1 -1 -1 -1000 -1000 -1000 -10
54 6305 car 0 0 -1 441.5108460739711 179.4758810917911 493.9446172718771 205.18295636191414 -1 -1 -1 -1000 -1000 -1000 -10
54 6303 car 0 0 -1 708.9861650395493 171.82184902424973 739.4324931396267 198.30240133026672 -1 -1 -1 -1000 -1000 -1000 -10
55 6305 car 0 0 -1 426.8123318008602 179.71068936230859 480.61121953475504 205.67310503812718 -1 -1 -1 -1000 -1000 -1000 -10
55 6303 car 0 0 -1 707.0686581119 171.92288547861074 738.3399402222326 198.89628054948975 -1 -1 -1 -1000 -1000 -1000 -10
56 6305 car 0 0 -1 406.24483362049125 179.74457712416705 466.4112019647938 207.8236591945335 -1 -1 -1 -1000 -1000 -1000 -10
56 6303 car 0 0 -1 705.883205781009 172.37050555941323 737.114958821583 199.34433623443647 -1 -1 -1 -1000 -1000 -1000 -10
57 6305 car 0 0 -1 388.4996877935879 180.1713522820774 453.38293495253515 210.77561183592826 -1 -1 -1 -1000 -1000 -1000 -10
57 6303 car 0 0 -1 704.9929373372589 173.00846897049178 736.4635790007904 199.67736750443015 -1 -1 -1 -1000 -1000 -1000 -10
58 6305 car 0 0 -1 369.84787623361746 181.20788137519125 438.9348881342103 213.56244724741046 -1 -1 -1 -1000 -1000 -1000 -10
58 6303 car 0 0 -1 703.3479172911893 174.110316251428 734.9880604489947 200.84781674888342 -1 -1 -1 -1000 -1000 -1000 -10
59 6305 car 0 0 -1 360.3732140754328 182.23676708096582 424.11605591191477 215.23186477568441 -1 -1 -1 -1000 -1000 -1000 -10
59 6303 car 0 0 -1 701.3957197033706 175.05274452181405 733.2229882741535 202.66966305706907 -1 -1 -1 -1000 -1000 -1000 -10
60 6303 car 0 0 -1 699.3942863590878 174.91648040619086 732.5544124000753 203.84880266132106 -1 -1 -1 -1000 -1000 -1000 -10
61 6306 car 0 0 -1 284.87931486268343 179.21692401950364 377.29705736484567 222.51506781979495 -1 -1 -1 -1000 -1000 -1000 -10
61 6303 car 0 0 -1 697.3716441097604 174.3063445890185 731.6732926843049 203.57744305289387 -1 -1 -1 -1000 -1000 -1000 -10
62 6307 car 0 0 -1 811.4243634106729 171.3926911011076 860.451720168069 191.17873611181798 -1 -1 -1 -1000 -1000 -1000 -10
62 6306 car 0 0 -1 247.01115489494947 177.61536540444345 352.72502794855035 224.70040455083378 -1 -1 -1 -1000 -1000 -1000 -10
62 6303 car 0 0 -1 695.6141947014027 174.02933704419306 730.4401733553149 203.50975289771034 -1 -1 -1 -1000 -1000 -1000 -10
63 6307 car 0 0 -1 811.9248070203247 169.74547721985547 857.7213594793767 189.19525915864878 -1 -1 -1 -1000 -1000 -1000 -10
63 6306 car 0 0 -1 208.05530682801816 177.82036810348265 328.8469472352675 230.74515264940473 -1 -1 -1 -1000 -1000 -1000 -10
63 6303 car 0 0 -1 693.4815250242445 174.04208945993358 729.551244295543 203.9908426135058 -1 -1 -1 -1000 -1000 -1000 -10
64 6306 car 0 0 -1 164.68885995671303 178.5975095247789 297.8321456222699 236.23837483477058 -1 -1 -1 -1000 -1000 -1000 -10
64 6303 car 0 0 -1 692.6208066836845 173.6756749118564 729.9105751478124 204.53796610115768 -1 -1 -1 -1000 -1000 -1000 -10
65 6306 car 0 0 -1 108.07294833810151 181.85010507220164 261.1382661582722 246.29193899103433 -1 -1 -1 -1000 -1000 -1000 -10
65 6303 car 0 0 -1 693.1988117107596 175.29538248634245 731.0544834931709 206.77216388239012 -1 -1 -1 -1000 -1000 -1000 -10
66 6309 car 0 0 -1 1061.1817774510992 157.46391935828163 1118.875956703269 183.28608093450296 -1 -1 -1 -1000 -1000 -1000 -10
66 6306 car 0 0 -1 39.4556434814824 182.9392011982615 220.8068049666275 257.29633294427424 -1 -1 -1 -1000 -1000 -1000 -10
66 6303 car 0 0 -1 693.6756795377481 175.9681749592715 732.5124106650354 208.19217128387504 -1 -1 -1 -1000 -1000 -1000 -10
67 6309 car 0 0 -1 1059.7729597554223 155.87344278384523 1121.4339925412748 182.59578364615408 -1 -1 -1 -1000 -1000 -1000 -10
67 6306 car 0 0 -1 -4.77289422450805 187.17982359397033 183.046990597104 268.0472129651309 -1 -1 -1 -1000 -1000 -1000 -10
67 6303 car 0 0 -1 694.0425852943177 174.9969191660219 734.1588262957517 208.05961401480565 -1 -1 -1 -1000 -1000 -1000 -10
68 6306 car 0 0 -1 -29.8092733917481 189.54150148367188 139.94325845963706 272.9109049284109 -1 -1 -1 -1000 -1000 -1000 -10
68 6303 car 0 0 -1 695.0858520149294 173.0868101098692 737.0483401685846 207.64898550426653 -1 -1 -1 -1000 -1000 -1000 -10
69 6303 car 0 0 -1 696.0041483486146 172.11239951830368 739.5304024108221 207.7317065381473 -1 -1 -1 -1000 -1000 -1000 -10
70 6303 car 0 0 -1 697.2087471484093 172.05992904514346 742.7800168394095 209.327913365685 -1 -1 -1 -1000 -1000 -1000 -10
71 6310 car 0 0 -1 887.068455623962 159.96602956762726 945.5191583245681 182.8573218908421 -1 -1 -1 -1000 -1000 -1000 -10
71 6303 car 0 0 -1 698.595094095828 172.58436359510802 745.6168308396971 211.27512187329296 -1 -1 -1 -1000 -1000 -1000 -10
72 6310 car 0 0 -1 888.2741090760741 160.1591650673332 945.6531860711556 183.41722330896258 -1 -1 -1 -1000 -1000 -1000 -10
72 6303 car 0 0 -1 699.563532015641 172.8560351098848 748.7805250815651 213.1985409308688 -1 -1 -1 -1000 -1000 -1000 -10
73 6310 car 0 0 -1 895.4999761955374 160.75471837047988 947.7821264751379 183.09455536313632 -1 -1 -1 -1000 -1000 -1000 -10
73 6303 car 0 0 -1 701.1909587797903 175.19893059416438 752.505640168772 216.71759684126948 -1 -1 -1 -1000 -1000 -1000 -10
74 6310 car 0 0 -1 891.0245358272686 162.6188066569157 944.7582794849076 185.59849629284662 -1 -1 -1 -1000 -1000 -1000 -10
74 6303 car 0 0 -1 702.952765784294 176.6708059652963 757.187320887526 219.36039864139443 -1 -1 -1 -1000 -1000 -1000 -10
75 6310 car 0 0 -1 889.1580557482425 164.13195866353416 942.5492073604694 187.68997502986187 -1 -1 -1 -1000 -1000 -1000 -10
75 6303 car 0 0 -1 705.1960838460489 178.3115730377702 761.8001806213153 221.7944071111355 -1 -1 -1 -1000 -1000 -1000 -10
76 6310 car 0 0 -1 890.7185181134697 163.533961609089 938.8587259745049 186.12627485775445 -1 -1 -1 -1000 -1000 -1000 -10
76 6303 car 0 0 -1 707.2865589766925 178.02026371830698 767.3479722952088 223.00348947095966 -1 -1 -1 -1000 -1000 -1000 -10
77 6310 car 0 0 -1 895.4380407645541 161.8946190932532 942.1511237560179 184.9085911777711 -1 -1 -1 -1000 -1000 -1000 -10
77 6303 car 0 0 -1 710.1477845579586 176.30388974352533 773.0476600735522 223.17774449742964 -1 -1 -1 -1000 -1000 -1000 -10
78 6310 car 0 0 -1 886.4259466811069 159.9577238543974 936.153172391767 184.43288254913335 -1 -1 -1 -1000 -1000 -1000 -10
78 6303 car 0 0 -1 711.878086468333 174.58558178807328 777.716421981822 223.67169115256917 -1 -1 -1 -1000 -1000 -1000 -10
79 6310 car 0 0 -1 876.6591617614656 162.01504835610837 931.7584594318191 187.41845100297252 -1 -1 -1 -1000 -1000 -1000 -10
79 6303 car 0 0 -1 714.00549183624 174.96836906585838 783.042763807432 225.9506074605781 -1 -1 -1 -1000 -1000 -1000 -10
80 6310 car 0 0 -1 871.3463411600534 164.72334487983744 928.5559136808364 190.5294306027273 -1 -1 -1 -1000 -1000 -1000 -10
80 6303 car 0 0 -1 716.2122457799302 176.3822744102982 788.6894404080684 229.3074904426709 -1 -1 -1 -1000 -1000 -1000 -10
81 6315 DontCare 0 0 -1 1140.1689900133797 154.4444689960938 1231.2711589473702 188.7483273882841 -1 -1 -1 -1000 -1000 -1000 -10
81 6303 car 0 0 -1 719.0158353342634 177.72654210312595 795.1428788229149 232.91035246948906 -1 -1 -1 -1000 -1000 -1000 -10
82 6315 DontCare 0 0 -1 1146.141304162841 155.19828012044866 1237.0914115676749 190.4673327727163 -1 -1 -1 -1000 -1000 -1000 -10
82 6303 car 0 0 -1 722.4150552607631 179.7254850046396 802.786630532254 236.55103924075541 -1 -1 -1 -1000 -1000 -1000 -10
83 6315 DontCare 0 0 -1 1148.9598943725655 156.10406267113714 1241.5457464641627 192.50720957707605 -1 -1 -1 -1000 -1000 -1000 -10
83 6303 car 0 0 -1 726.3106294081454 180.25194809030003 811.2385676435763 239.42077726636379 -1 -1 -1 -1000 -1000 -1000 -10
84 6315 DontCare 0 0 -1 1151.5052261649678 155.21914291197743 1243.656327878378 192.7620564732137 -1 -1 -1 -1000 -1000 -1000 -10
84 6314 car 0 0 -1 369.3673230563808 180.0970997417869 415.7418735081579 202.38651154267126 -1 -1 -1 -1000 -1000 -1000 -10
84 6303 car 0 0 -1 730.1086443073452 181.0059312443953 820.2821780797699 242.45875313308397 -1 -1 -1 -1000 -1000 -1000 -10
85 6315 DontCare 0 0 -1 1147.2650170180764 154.2409232689019 1244.7434828505675 195.5702118776211 -1 -1 -1 -1000 -1000 -1000 -10
85 6314 car 0 0 -1 368.7964114417987 180.99414942392656 417.0631597173152 203.3469866993778 -1 -1 -1 -1000 -1000 -1000 -10
85 6303 car 0 0 -1 734.6337898195372 181.42064039871673 830.035889901585 245.36002925350004 -1 -1 -1 -1000 -1000 -1000 -10
86 6319 car 0 0 -1 658.7562313391261 170.4267001521608 719.2130460155911 195.6305031706764 -1 -1 -1 -1000 -1000 -1000 -10
86 6315 DontCare 0 0 -1 1164.181329523371 155.57925568692764 1249.8974819437185 196.19834923016032 -1 -1 -1 -1000 -1000 -1000 -10
86 6314 car 0 0 -1 369.2311461481533 181.91381044901166 416.9690060904214 203.7542804495757 -1 -1 -1 -1000 -1000 -1000 -10
86 6303 car 0 0 -1 738.2119556231464 181.9705105220267 840.0292203238791 249.19582987461928 -1 -1 -1 -1000 -1000 -1000 -10
87 6319 car 0 0 -1 643.9653757656818 170.85882215877217 705.7501178322736 196.6650830945548 -1 -1 -1 -1000 -1000 -1000 -10
87 6314 car 0 0 -1 372.51008603623296 182.20589589955935 423.40646680618676 203.91455459159678 -1 -1 -1 -1000 -1000 -1000 -10
87 6303 car 0 0 -1 741.7150003253688 182.29299287647166 850.4500885720391 253.04050703972007 -1 -1 -1 -1000 -1000 -1000 -10
88 6319 car 0 0 -1 633.3460090364143 170.93851070552694 695.6984072927427 197.0127732759169 -1 -1 -1 -1000 -1000 -1000 -10
88 6318 DontCare 0 0 -1 1164.0405114114824 151.57112657579106 1243.6903903567427 191.4078444468236 -1 -1 -1 -1000 -1000 -1000 -10
88 6314 car 0 0 -1 375.3450221793041 181.4066361829838 426.16824928053336 203.50753286694743 -1 -1 -1 -1000 -1000 -1000 -10
88 6303 car 0 0 -1 746.8117961460634 182.50513469416074 862.5367833432358 256.9113081615367 -1 -1 -1 -1000 -1000 -1000 -10
89 6319 car 0 0 -1 625.1915815152688 171.24809788946064 686.0128699574038 197.5578993966333 -1 -1 -1 -1000 -1000 -1000 -10
89 6318 DontCare 0 0 -1 1167.0242741285888 150.68016264198883 1244.2253609691593 190.75369132252808 -1 -1 -1 -1000 -1000 -1000 -10
89 6314 car 0 0 -1 380.1160887655565 180.56259956783734 434.75950865716123 203.88476602137925 -1 -1 -1 -1000 -1000 -1000 -10
89 6303 car 0 0 -1 751.6021423026743 182.63276502529698 874.918915155517 260.8337305043857 -1 -1 -1 -1000 -1000 -1000 -10
90 6319 car 0 0 -1 609.8249938458807 172.04200177856896 674.4159229840277 199.87190836466286 -1 -1 -1 -1000 -1000 -1000 -10
90 6318 DontCare 0 0 -1 1170.5032211309244 150.973754636032 1244.57296251581 190.67678166941337 -1 -1 -1 -1000 -1000 -1000 -10
90 6314 car 0 0 -1 382.681823811781 179.45077889627527 439.7565791091981 203.4889572991931 -1 -1 -1 -1000 -1000 -1000 -10
90 6303 car 0 0 -1 757.4379208869631 183.0071638126589 889.9999473773545 265.7469284303092 -1 -1 -1 -1000 -1000 -1000 -10
91 6319 car 0 0 -1 595.5792689029786 173.31006388870009 663.5268186868557 201.74513279000604 -1 -1 -1 -1000 -1000 -1000 -10
91 6314 car 0 0 -1 386.4013918117463 179.58167519112243 446.00205120562805 204.09875682523938 -1 -1 -1 -1000 -1000 -1000 -10
91 6303 car 0 0 -1 762.5102105998254 183.59469352830382 904.1427907336105 271.54365647281 -1 -1 -1 -1000 -1000 -1000 -10
92 6321 car 0 0 -1 242.97345806021949 184.054948791493 299.8374518876936 209.39384626635152 -1 -1 -1 -1000 -1000 -1000 -10
92 6319 car 0 0 -1 585.8219022533302 173.30699223118577 653.5888452508678 202.1534602656965 -1 -1 -1 -1000 -1000 -1000 -10
92 6314 car 0 0 -1 391.1578981508849 178.90985691638642 453.3804330242224 203.7388472176497 -1 -1 -1 -1000 -1000 -1000 -10
92 6303 car 0 0 -1 768.8921858807001 184.37780758491914 920.6983743389034 277.5622107269787 -1 -1 -1 -1000 -1000 -1000 -10
93 6321 car 0 0 -1 235.86743023978747 183.71499033900255 294.04047346857254 210.87330386768195 -1 -1 -1 -1000 -1000 -1000 -10
93 6319 car 0 0 -1 571.9992192094286 173.78157055587883 642.2592587030036 203.12012116830795 -1 -1 -1 -1000 -1000 -1000 -10
93 6314 car 0 0 -1 397.70046739265115 179.28155546083474 461.70075519636043 204.27439953226894 -1 -1 -1 -1000 -1000 -1000 -10
93 6303 car 0 0 -1 775.3790360783645 184.80181111248515 937.9403962902185 283.47296469680674 -1 -1 -1 -1000 -1000 -1000 -10
94 6321 car 0 0 -1 235.77595279831024 183.09999311224564 298.5027917820984 211.84736606562254 -1 -1 -1 -1000 -1000 -1000 -10
94 6319 car 0 0 -1 556.7239696679084 174.0192067658856 629.7364358192066 204.03697151437223 -1 -1 -1 -1000 -1000 -1000 -10
94 6314 car 0 0 -1 402.46774112107977 178.61974862843505 468.252015897768 204.62853464800622 -1 -1 -1 -1000 -1000 -1000 -10
94 6303 car 0 0 -1 782.5037894963363 184.38764884432325 957.3415524421413 288.79281119973786 -1 -1 -1 -1000 -1000 -1000 -10
95 6326 car 0 0 -1 751.3766608662592 167.85009197901172 829.1196297542568 196.43910376869383 -1 -1 -1 -1000 -1000 -1000 -10
95 6321 car 0 0 -1 230.5510272749631 183.98330629134986 297.04282326034786 213.24041422013343 -1 -1 -1 -1000 -1000 -1000 -10
95 6319 car 0 0 -1 541.3067457612815 173.96676230267238 617.7296776913008 204.47844654022103 -1 -1 -1 -1000 -1000 -1000 -10
95 6314 car 0 0 -1 409.6563107757789 178.1949241982194 477.47693396214635 204.93383295272915 -1 -1 -1 -1000 -1000 -1000 -10
95 6303 car 0 0 -1 790.6306648815012 185.85100979957448 978.6776674060136 296.6870524547349 -1 -1 -1 -1000 -1000 -1000 -10
96 6326 car 0 0 -1 743.4231763366975 168.12026597441857 818.6218313188501 196.14597895891674 -1 -1 -1 -1000 -1000 -1000 -10
96 6319 car 0 0 -1 525.9744400565278 174.0588698331417 604.4892007356048 205.15090362431457 -1 -1 -1 -1000 -1000 -1000 -10
96 6314 car 0 0 -1 414.56284899058124 177.61938088993168 481.2259212795545 204.17462042710247 -1 -1 -1 -1000 -1000 -1000 -10
96 6303 car 0 0 -1 797.6780505509364 187.3938041551981 1001.584482577538 305.57509968404094 -1 -1 -1 -1000 -1000 -1000 -10
97 6326 car 0 0 -1 732.682840081321 167.0981989182921 809.1299049114743 196.3381765829526 -1 -1 -1 -1000 -1000 -1000 -10
97 6319 car 0 0 -1 509.1379012070258 174.7931256724482 590.3889377647865 206.6288416969961 -1 -1 -1 -1000 -1000 -1000 -10
97 6314 car 0 0 -1 422.71915763841974 178.23441350583036 490.3364349056797 204.97815772123008 -1 -1 -1 -1000 -1000 -1000 -10
97 6303 car 0 0 -1 805.1600528261135 187.63058255994906 1027.3617324622458 314.92801044375005 -1 -1 -1 -1000 -1000 -1000 -10
98 6327 car 0 0 -1 223.829726362703 183.65040474804664 297.2473146766115 209.83883960609927 -1 -1 -1 -1000 -1000 -1000 -10
98 6326 car 0 0 -1 722.1912019029868 167.71468409970322 798.8522491928362 196.90740702758472 -1 -1 -1 -1000 -1000 -1000 -10
98 6319 car 0 0 -1 493.4345856637033 175.10497806079093 577.5436451507362 207.76945792916217 -1 -1 -1 -1000 -1000 -1000 -10
98 6314 car 0 0 -1 432.4985866565422 177.87442527192354 501.06325542873935 205.87556039738172 -1 -1 -1 -1000 -1000 -1000 -10
98 6303 car 0 0 -1 815.06966677976 187.94498329875375 1057.587468930867 323.8806579560413 -1 -1 -1 -1000 -1000 -1000 -10
99 6327 car 0 0 -1 222.61712665370752 183.87185745431324 294.4980901150915 211.33399772886 -1 -1 -1 -1000 -1000 -1000 -10
99 6326 car 0 0 -1 713.6709530746066 167.42535622491894 789.9804424408651 196.87643038071823 -1 -1 -1 -1000 -1000 -1000 -10
99 6319 car 0 0 -1 475.5625942389687 175.24523139672695 562.6034681813902 208.79443054124724 -1 -1 -1 -1000 -1000 -1000 -10
99 6314 pedestrian 0 0 -1 433.50740697114935 180.88730105805917 492.35407510150725 211.3756428570644 -1 -1 -1 -1000 -1000 -1000 -10
99 6303 car 0 0 -1 823.2647293029452 190.6544390836588 1087.775752483922 336.55709361666425 -1 -1 -1 -1000 -1000 -1000 -10
100 6327 car 0 0 -1 225.2888800494943 184.3220261755787 295.72795452791945 212.21120543726445 -1 -1 -1 -1000 -1000 -1000 -10
100 6326 car 0 0 -1 701.4667243523338 168.58241313459084 778.9673738309612 198.3600684678979 -1 -1 -1 -1000 -1000 -1000 -10
100 6319 car 0 0 -1 454.8459615066251 177.19898075501197 546.987659088522 211.7684962260808 -1 -1 -1 -1000 -1000 -1000 -10
100 6303 car 0 0 -1 834.5604098041679 192.87275663994455 1124.1763319959625 348.93700863789286 -1 -1 -1 -1000 -1000 -1000 -10
101 6327 car 0 0 -1 220.8645318474396 183.15168357841497 295.992227218174 213.08964299436315 -1 -1 -1 -1000 -1000 -1000 -10
101 6326 car 0 0 -1 690.7108786534337 169.68407561470679 767.8903133803939 199.55486130377312 -1 -1 -1 -1000 -1000 -1000 -10
101 6319 car 0 0 -1 440.94548986381733 178.381738963117 534.192075970613 214.3526290365044 -1 -1 -1 -1000 -1000 -1000 -10
101 6303 car 0 0 -1 847.1584047426734 194.4192718801269 1165.3191799761714 361.06163189889924 -1 -1 -1 -1000 -1000 -1000 -10
102 6327 car 0 0 -1 216.63921267571664 182.50927697841374 297.5905051905695 214.3205666750882 -1 -1 -1 -1000 -1000 -1000 -10
102 6326 car 0 0 -1 679.0115749733793 169.81274307012993 758.270115791684 200.91010863351184 -1 -1 -1 -1000 -1000 -1000 -10
102 6319 car 0 0 -1 428.2896194338965 177.1188941747831 530.2202013903247 214.4442516854552 -1 -1 -1 -1000 -1000 -1000 -10
102 6303 car 0 0 -1 857.0529390537745 194.20432482523057 1200.8560517850647 368.35125911617007 -1 -1 -1 -1000 -1000 -1000 -10
103 6329 car 0 0 -1 869.4000579527722 169.02635273831902 973.1147731239059 201.2024605530305 -1 -1 -1 -1000 -1000 -1000 -10
103 6327 car 0 0 -1 216.57789558764097 181.10782381989497 300.34309544164654 214.5466366715703 -1 -1 -1 -1000 -1000 -1000 -10
103 6326 car 0 0 -1 667.9209880415361 170.1929474607125 747.5692138740402 201.71095636609056 -1 -1 -1 -1000 -1000 -1000 -10
103 6319 car 0 0 -1 404.92160597546643 178.7463752795536 508.09499653284917 218.10486638634046 -1 -1 -1 -1000 -1000 -1000 -10
103 6303 car 0 0 -1 861.2908537409428 192.20553809557683 1220.1516444849215 371.78568780946637 -1 -1 -1 -1000 -1000 -1000 -10
104 6329 car 0 0 -1 860.7326893338982 169.4702944754055 961.8075673069227 200.8197205201844 -1 -1 -1 -1000 -1000 -1000 -10
104 6328 car 0 0 -1 386.88184977805986 179.55260176346982 463.2566753395863 225.0630878060475 -1 -1 -1 -1000 -1000 -1000 -10
104 6327 car 0 0 -1 218.73686309830413 181.12312326087954 302.0176360384473 214.09744556292566 -1 -1 -1 -1000 -1000 -1000 -10
104 6326 car 0 0 -1 656.7370561686828 170.75808275431777 736.1336173171944 202.2133391203425 -1 -1 -1 -1000 -1000 -1000 -10
104 6303 car 0 0 -1 864.4709743820509 191.97570067760012 1231.51808638364 374.4178471524832 -1 -1 -1 -1000 -1000 -1000 -10
105 6330 car 0 0 -1 503.2000795123425 176.1508185425046 570.3094561315056 203.2707911332237 -1 -1 -1 -1000 -1000 -1000 -10
105 6329 car 0 0 -1 850.7752486814527 170.1489365971866 946.6377790293939 199.52208070673424 -1 -1 -1 -1000 -1000 -1000 -10
105 6328 car 0 0 -1 362.13946537220954 177.53238420888863 453.8171051563038 226.3616670801993 -1 -1 -1 -1000 -1000 -1000 -10
105 6327 car 0 0 -1 220.55366258362199 180.86117169774965 304.3852550442874 214.19963389024556 -1 -1 -1 -1000 -1000 -1000 -10
105 6326 car 0 0 -1 645.4256586344424 170.62171354674803 725.8384336157759 202.71870133102715 -1 -1 -1 -1000 -1000 -1000 -10
105 6303 car 0 0 -1 868.7917835825428 191.7110994266625 1238.9355351145782 375.58258047379684 -1 -1 -1 -1000 -1000 -1000 -10
106 6330 car 0 0 -1 512.6917572510068 174.91524420204166 583.1198148341851 202.8935222454877 -1 -1 -1 -1000 -1000 -1000 -10
106 6329 car 0 0 -1 840.1773813158112 169.89970120687028 937.5899576468001 199.65355401795992 -1 -1 -1 -1000 -1000 -1000 -10
106 6328 car 0 0 -1 337.1312261393773 176.94632665537063 442.2866220310493 228.76306322948943 -1 -1 -1 -1000 -1000 -1000 -10
106 6327 car 0 0 -1 223.48033988661288 180.20863177224658 308.3765004886615 214.13108692871776 -1 -1 -1 -1000 -1000 -1000 -10
106 6326 car 0 0 -1 633.4761085072327 170.7557033983689 715.258547642046 202.69527855365146 -1 -1 -1 -1000 -1000 -1000 -10
106 6303 car 0 0 -1 877.0942303763638 190.75818871899855 1245.0410407801794 375.61499080989756 -1 -1 -1 -1000 -1000 -1000 -10
107 6330 car 0 0 -1 522.9665990075506 174.71599334677063 592.8300397371987 202.76317866973847 -1 -1 -1 -1000 -1000 -1000 -10
107 6329 car 0 0 -1 834.4508443203393 169.9094381520825 930.421918300733 199.66164687258748 -1 -1 -1 -1000 -1000 -1000 -10
107 6328 car 0 0 -1 309.11146965932784 177.16145653118238 423.575072929838 231.92871070153498 -1 -1 -1 -1000 -1000 -1000 -10
107 6327 car 0 0 -1 227.48056395506177 179.54226148307745 314.23096226355113 214.53079516452377 -1 -1 -1 -1000 -1000 -1000 -10
107 6326 car 0 0 -1 621.4479655440346 171.17972241820746 703.7667106615129 203.5875907346363 -1 -1 -1 -1000 -1000 -1000 -10
107 6303 car 0 0 -1 889.3567574846026 191.2962593398227 1250.6995879105157 376.5800571943584 -1 -1 -1 -1000 -1000 -1000 -10
108 6330 car 0 0 -1 531.4711489232903 173.42129819337572 603.6162564938826 202.57595888303553 -1 -1 -1 -1000 -1000 -1000 -10
108 6329 car 0 0 -1 825.7159216760598 170.5262741046189 922.9393740874174 200.47762048076908 -1 -1 -1 -1000 -1000 -1000 -10
108 6328 car 0 0 -1 278.1307806878399 178.52745971310873 401.88330902839596 235.83261854084486 -1 -1 -1 -1000 -1000 -1000 -10
108 6327 car 0 0 -1 228.65775635418643 178.75261986393403 314.12914940452765 214.5697110193788 -1 -1 -1 -1000 -1000 -1000 -10
108 6326 car 0 0 -1 606.9030424044947 171.38612278586336 691.1908082789353 204.5031630700445 -1 -1 -1 -1000 -1000 -1000 -10
108 6303 car 0 0 -1 899.2153915762652 191.16615547591584 1253.2430379793916 377.2682419846308 -1 -1 -1 -1000 -1000 -1000 -10
109 6330 car 0 0 -1 544.2710687372501 173.52541875622492 619.1100900682904 203.45955891919297 -1 -1 -1 -1000 -1000 -1000 -10
109 6329 car 0 0 -1 814.5983160939468 169.53500479600882 910.5323242098896 200.65220911285616 -1 -1 -1 -1000 -1000 -1000 -10
109 6328 car 0 0 -1 245.18805395358257 180.3162521451403 378.9745101169648 239.94597050442133 -1 -1 -1 -1000 -1000 -1000 -10
109 6326 car 0 0 -1 594.6863524816498 171.52933053782562 680.106682227725 205.40784686334143 -1 -1 -1 -1000 -1000 -1000 -10
109 6303 car 0 0 -1 911.4249677338883 190.0981710291245 1255.6922588642476 377.2868498086249 -1 -1 -1 -1000 -1000 -1000 -10
110 6330 car 0 0 -1 554.4237844965924 172.88406040798873 633.2539722273436 203.81351107088403 -1 -1 -1 -1000 -1000 -1000 -10
110 6329 car 0 0 -1 808.539927999903 169.86467969693354 905.2702580637235 201.38366141622424 -1 -1 -1 -1000 -1000 -1000 -10
110 6328 car 0 0 -1 210.30118267871632 182.10589298796341 354.4047002335937 244.92230640138334 -1 -1 -1 -1000 -1000 -1000 -10
110 6326 car 0 0 -1 581.6533994221586 172.71835827674315 668.7147033233941 207.16839112075584 -1 -1 -1 -1000 -1000 -1000 -10
110 6303 car 0 0 -1 925.4176007087877 191.67471249787047 1257.8428212189278 378.41159457454467 -1 -1 -1 -1000 -1000 -1000 -10
111 6329 car 0 0 -1 801.4741555691882 169.47806555582912 902.7780527393314 202.17716640832577 -1 -1 -1 -1000 -1000 -1000 -10
111 6328 car 0 0 -1 168.20432312014805 183.3084270569612 325.95582829667336 250.77206485849246 -1 -1 -1 -1000 -1000 -1000 -10
111 6326 car 0 0 -1 567.9608332410509 173.40481045118057 656.9212335634442 208.8629966830371 -1 -1 -1 -1000 -1000 -1000 -10
111 6303 car 0 0 -1 940.4430855423003 192.3563493697095 1259.5264543456456 378.74669205455007 -1 -1 -1 -1000 -1000 -1000 -10
112 6329 car 0 0 -1 792.8665347969549 168.55236460632517 896.4884048976797 201.94257979910054 -1 -1 -1 -1000 -1000 -1000 -10
112 6328 car 0 0 -1 121.78282431235556 184.4818418736221 294.63231961458285 258.0492221845431 -1 -1 -1 -1000 -1000 -1000 -10
112 6326 car 0 0 -1 553.2308696983547 173.02253308991527 643.8495444114641 209.48653976355166 -1 -1 -1 -1000 -1000 -1000 -10
112 6303 car 0 0 -1 957.4359970855012 195.51999196884674 1261.327650468219 379.6964333823039 -1 -1 -1 -1000 -1000 -1000 -10
113 6336 DontCare 0 0 -1 986.312409967523 157.30758993897496 1132.8237150966897 264.8730254274184 -1 -1 -1 -1000 -1000 -1000 -10
113 6332 pedestrian 0 0 -1 393.7855227792086 166.82256698045984 422.61095272446266 238.6829779084656 -1 -1 -1 -1000 -1000 -1000 -10
113 6329 car 0 0 -1 781.267783950641 172.7750736483045 882.0093874979337 203.85116764857958 -1 -1 -1 -1000 -1000 -1000 -10
113 6328 car 0 0 -1 70.10293972682877 185.48543019402283 260.8405547687902 265.3369942075768 -1 -1 -1 -1000 -1000 -1000 -10
113 6327 car 0 0 -1 256.597866750696 180.2878748148401 350.60808923067833 215.63165023616187 -1 -1 -1 -1000 -1000 -1000 -10
113 6326 car 0 0 -1 539.571649942303 173.28979753654838 633.9531805144944 210.56791565510903 -1 -1 -1 -1000 -1000 -1000 -10
113 6303 car 0 0 -1 973.3102197444638 192.59827591167425 1261.9264955466376 377.942524828713 -1 -1 -1 -1000 -1000 -1000 -10
114 6337 DontCare 0 0 -1 994.4566666520234 160.9964795016167 1142.9654738552338 269.3139026619537 -1 -1 -1 -1000 -1000 -1000 -10
114 6332 pedestrian 0 0 -1 390.8396350594841 168.22027163683572 420.0116308032179 239.87838769223413 -1 -1 -1 -1000 -1000 -1000 -10
114 6329 car 0 0 -1 771.5945449405849 171.80233712770308 871.9061531531813 203.21524450113975 -1 -1 -1 -1000 -1000 -1000 -10
114 6328 car 0 0 -1 17.768339726821452 188.13909795717655 225.64812382372577 276.75847518681195 -1 -1 -1 -1000 -1000 -1000 -10
114 6327 car 0 0 -1 263.29754923559636 179.53709292919115 360.21860899700704 215.79855859040805 -1 -1 -1 -1000 -1000 -1000 -10
114 6326 car 0 0 -1 524.7859219843231 173.46564308414858 620.4169888901324 211.52270229600745 -1 -1 -1 -1000 -1000 -1000 -10
114 6303 car 0 0 -1 993.6973856982845 192.54315351988936 1263.979844037607 378.0677815041625 -1 -1 -1 -1000 -1000 -1000 -10
115 6338 pedestrian 0 0 -1 388.62499321190086 167.86148249510086 420.2394137265574 239.81012688784222 -1 -1 -1 -1000 -1000 -1000 -10
115 6337 DontCare 0 0 -1 1003.1143833629299 163.2446337354884 1148.9648758928706 270.0917420605044 -1 -1 -1 -1000 -1000 -1000 -10
115 6330 car 0 0 -1 595.0432627614615 174.16450749284857 664.0641748757365 201.5614100846012 -1 -1 -1 -1000 -1000 -1000 -10
115 6329 car 0 0 -1 762.0049709057167 172.4966394448786 862.1516631890723 203.85730887897205 -1 -1 -1 -1000 -1000 -1000 -10
115 6328 car 0 0 -1 -11.134220415496557 191.5087490772807 194.95659370467092 287.00540177635344 -1 -1 -1 -1000 -1000 -1000 -10
115 6327 car 0 0 -1 269.90490268906865 179.64423972253846 367.3180052139927 216.11396980372163 -1 -1 -1 -1000 -1000 -1000 -10
115 6326 car 0 0 -1 508.8455296562607 173.06641443706897 607.5082240189575 212.33262767628193 -1 -1 -1 -1000 -1000 -1000 -10
115 6303 car 0 0 -1 1015.4260454349726 194.1680902747929 1265.722662267245 378.94853948271873 -1 -1 -1 -1000 -1000 -1000 -10
116 6337 DontCare 0 0 -1 1012.152377170733 166.73273753913557 1162.5568515046498 274.95000886261795 -1 -1 -1 -1000 -1000 -1000 -10
116 6330 car 0 0 -1 607.501741718451 175.0216508418956 671.6145233372271 201.35459614934015 -1 -1 -1 -1000 -1000 -1000 -10
116 6329 car 0 0 -1 751.7288805077276 172.3307164354096 850.0187829361353 203.87628949301939 -1 -1 -1 -1000 -1000 -1000 -10
116 6328 car 0 0 -1 -30.260832578880525 194.82387956552282 157.9391413492799 296.45725236447 -1 -1 -1 -1000 -1000 -1000 -10
116 6327 car 0 0 -1 277.28686078700315 180.1189411129566 375.894281182945 216.43819799988185 -1 -1 -1 -1000 -1000 -1000 -10
116 6326 car 0 0 -1 492.83802880746344 172.61006899002828 593.8392368430427 213.56323408475922 -1 -1 -1 -1000 -1000 -1000 -10
116 6303 car 0 0 -1 1038.3803606140948 196.59703006997177 1267.2549116370267 379.33232062578895 -1 -1 -1 -1000 -1000 -1000 -10
117 6337 DontCare 0 0 -1 1020.311439228567 167.869083758698 1174.6884407292346 279.1563184336371 -1 -1 -1 -1000 -1000 -1000 -10
117 6332 pedestrian 0 0 -1 383.22434831093574 169.95759026713765 413.0580981544107 242.9476545445381 -1 -1 -1 -1000 -1000 -1000 -10
117 6330 car 0 0 -1 617.8055567191428 175.15904390627537 677.4456919713563 200.16773086889623 -1 -1 -1 -1000 -1000 -1000 -10
117 6329 car 0 0 -1 742.2411426398112 171.72265476899435 841.1178624663096 203.77845201800147 -1 -1 -1 -1000 -1000 -1000 -10
117 6328 car 0 0 -1 -44.62555464731841 199.19077738963392 110.38339589583765 304.5145602809073 -1 -1 -1 -1000 -1000 -1000 -10
117 6327 car 0 0 -1 283.9337923539763 179.06539081862007 381.58339774870194 215.24383438464343 -1 -1 -1 -1000 -1000 -1000 -10
117 6326 car 0 0 -1 475.8494000141115 172.68138327071972 578.9399522530603 215.6755860479612 -1 -1 -1 -1000 -1000 -1000 -10
117 6303 car 0 0 -1 1062.081160132326 198.93073184961497 1268.4266274340796 379.92856432076996 -1 -1 -1 -1000 -1000 -1000 -10
118 6337 DontCare 0 0 -1 1027.2455145029824 155.45342568396202 1195.0473082074539 278.2299005929764 -1 -1 -1 -1000 -1000 -1000 -10
118 6336 car 0 0 -1 1001.122235518854 154.57928815756898 1108.7779953000888 203.56858874103622 -1 -1 -1 -1000 -1000 -1000 -10
118 6332 pedestrian 0 0 -1 380.4442242218836 171.50412224176182 409.83149451104737 243.84744737873018 -1 -1 -1 -1000 -1000 -1000 -10
118 6330 car 0 0 -1 627.8879475395297 174.37529808850297 685.2988347386322 199.91993367994917 -1 -1 -1 -1000 -1000 -1000 -10
118 6329 car 0 0 -1 729.9823909769871 171.87245700464274 829.4338677984531 204.00067670833022 -1 -1 -1 -1000 -1000 -1000 -10
118 6327 car 0 0 -1 294.6124133604656 178.88354077472223 390.1328513900474 215.20758923083582 -1 -1 -1 -1000 -1000 -1000 -10
118 6326 car 0 0 -1 459.8402283290738 172.32240458623596 565.4038462194392 216.84921384721457 -1 -1 -1 -1000 -1000 -1000 -10
119 6337 DontCare 0 0 -1 1034.5920365033871 158.7017372198327 1204.7750475990006 280.4966749762256 -1 -1 -1 -1000 -1000 -1000 -10
119 6336 car 0 0 -1 991.2843128461283 155.01971567460265 1098.6550305175606 200.84677705579702 -1 -1 -1 -1000 -1000 -1000 -10
119 6330 car 0 0 -1 637.2076059602523 173.82320340087819 692.0131089026108 199.44860867887041 -1 -1 -1 -1000 -1000 -1000 -10
119 6329 car 0 0 -1 719.5211292502476 172.39444090994886 818.9990153103155 204.25839913531144 -1 -1 -1 -1000 -1000 -1000 -10
119 6327 car 0 0 -1 302.8437113681106 178.44540050491273 393.5568779505612 214.2920221829671 -1 -1 -1 -1000 -1000 -1000 -10
119 6326 car 0 0 -1 443.5547817846004 172.09839019244345 551.1408105589412 218.0010866703429 -1 -1 -1 -1000 -1000 -1000 -10
120 6337 DontCare 0 0 -1 1043.2982158769244 159.02473487675883 1217.7372418160155 282.7726933280854 -1 -1 -1 -1000 -1000 -1000 -10
120 6336 car 0 0 -1 978.9056782990024 154.78052941842463 1087.0216147908027 199.2698229394976 -1 -1 -1 -1000 -1000 -1000 -10
120 6330 car 0 0 -1 645.0610504660438 175.76555018067506 696.907417404806 199.70405007975046 -1 -1 -1 -1000 -1000 -1000 -10
120 6329 car 0 0 -1 706.1744284363613 171.98397918318798 806.8475904475181 203.68051479326138 -1 -1 -1 -1000 -1000 -1000 -10
120 6327 car 0 0 -1 311.35839017009255 177.92161243862483 398.8912044879489 213.66700723246936 -1 -1 -1 -1000 -1000 -1000 -10
120 6326 car 0 0 -1 423.3472951361914 172.08124058102638 534.7255644934178 219.62267445350463 -1 -1 -1 -1000 -1000 -1000 -10
121 6337 DontCare 0 0 -1 1046.5659649001502 162.38794289203105 1225.0144984925607 286.3240480658631 -1 -1 -1 -1000 -1000 -1000 -10
121 6336 DontCare 0 0 -1 964.635464650922 155.35737130326947 1073.2225928688592 199.68262036911938 -1 -1 -1 -1000 -1000 -1000 -10
121 6330 car 0 0 -1 652.8309266036277 176.36207042197069 702.5799136862009 199.95104586445976 -1 -1 -1 -1000 -1000 -1000 -10
121 6329 car 0 0 -1 693.1081471563481 173.5022698121385 793.3235936195589 205.61869303400167 -1 -1 -1 -1000 -1000 -1000 -10
121 6327 car 0 0 -1 323.8216415995681 176.82999386128515 409.9842961784499 213.0547603981054 -1 -1 -1 -1000 -1000 -1000 -10
121 6326 car 0 0 -1 404.08119800873305 172.32310289021729 518.8647441359042 221.87507255473287 -1 -1 -1 -1000 -1000 -1000 -10
122 6340 DontCare 0 0 -1 943.5597410510941 157.94964045802314 1055.3189632046592 201.0985586380722 -1 -1 -1 -1000 -1000 -1000 -10
122 6337 DontCare 0 0 -1 1051.9955051456145 161.05024567718098 1235.4395803009643 288.1384550868673 -1 -1 -1 -1000 -1000 -1000 -10
122 6329 car 0 0 -1 680.3380324579185 173.49487663087965 782.9319344199815 206.2977644110767 -1 -1 -1 -1000 -1000 -1000 -10
122 6327 car 0 0 -1 333.36982944479684 177.59143548992958 418.7969296349365 214.18213932654575 -1 -1 -1 -1000 -1000 -1000 -10
122 6326 car 0 0 -1 386.2183609227783 173.06874956069032 503.44476814371967 224.59344254611472 -1 -1 -1 -1000 -1000 -1000 -10
123 6340 DontCare 0 0 -1 934.484302934412 157.95871288260807 1042.48713836411 200.25628883625345 -1 -1 -1 -1000 -1000 -1000 -10
123 6337 DontCare 0 0 -1 1055.3958793179443 164.6297420240329 1240.6406548167026 291.90737995601506 -1 -1 -1 -1000 -1000 -1000 -10
123 6329 car 0 0 -1 667.6961530462512 173.5709595552073 771.1734653120778 207.10868794575543 -1 -1 -1 -1000 -1000 -1000 -10
123 6327 car 0 0 -1 343.3905925403076 176.99300877988952 432.7445455326575 214.86961093405228 -1 -1 -1 -1000 -1000 -1000 -10
123 6326 car 0 0 -1 360.44753919924517 173.30458209748005 484.6410701470693 228.18899724595954 -1 -1 -1 -1000 -1000 -1000 -10
124 6340 DontCare 0 0 -1 920.9864819280831 158.4273986258938 1027.256832152023 201.10042805405513 -1 -1 -1 -1000 -1000 -1000 -10
124 6337 DontCare 0 0 -1 1063.667332075879 162.81575445860787 1246.8499677799157 289.83094500209734 -1 -1 -1 -1000 -1000 -1000 -10
124 6329 car 0 0 -1 654.0927618216616 173.18789374946155 758.6412437987873 207.8235745877976 -1 -1 -1 -1000 -1000 -1000 -10
124 6326 car 0 0 -1 341.7688048729086 173.54308998917944 468.9762273249738 230.6572713679561 -1 -1 -1 -1000 -1000 -1000 -10
125 6342 car 0 0 -1 519.2989402456091 177.01627465762311 558.5784275993113 193.98372534237814 -1 -1 -1 -1000 -1000 -1000 -10
125 6340 DontCare 0 0 -1 906.9346561506336 158.43354699407803 1012.93831521675 201.51039445943718 -1 -1 -1 -1000 -1000 -1000 -10
125 6337 DontCare 0 0 -1 1070.984090917982 162.72618783140922 1250.3592424546932 289.0315299707739 -1 -1 -1 -1000 -1000 -1000 -10
125 6329 car 0 0 -1 639.9679247377213 173.29433806306744 745.9798934590405 208.4731636613882 -1 -1 -1 -1000 -1000 -1000 -10
125 6326 car 0 0 -1 318.8671243893562 175.89973003676354 450.71705980360565 234.9930488392457 -1 -1 -1 -1000 -1000 -1000 -10
126 6340 DontCare 0 0 -1 893.6253252988159 158.92891952686844 998.7473653066448 201.8517530678685 -1 -1 -1 -1000 -1000 -1000 -10
126 6337 DontCare 0 0 -1 1076.6770446452365 164.56778164932322 1251.5472530353609 288.7429594958493 -1 -1 -1 -1000 -1000 -1000 -10
126 6329 car 0 0 -1 624.7948460672832 172.31050002884683 732.859176752046 208.4701124596466 -1 -1 -1 -1000 -1000 -1000 -10
126 6326 car 0 0 -1 294.5272112179716 176.83364911908535 432.56924845666197 239.11501708800125 -1 -1 -1 -1000 -1000 -1000 -10
127 6340 car 0 0 -1 880.8044179273704 160.71707794138138 984.3772573103254 202.41982631299953 -1 -1 -1 -1000 -1000 -1000 -10
127 6337 DontCare 0 0 -1 1078.5344291972854 164.78450703927933 1251.2373425692974 292.2963066090614 -1 -1 -1 -1000 -1000 -1000 -10
127 6329 car 0 0 -1 610.8197939834615 172.86223045579305 720.5121557793268 209.43933422195715 -1 -1 -1 -1000 -1000 -1000 -10
127 6326 car 0 0 -1 267.9740376774728 177.03750973157238 412.98991599181727 243.34069176450183 -1 -1 -1 -1000 -1000 -1000 -10
128 6343 car 0 0 -1 870.4953195516889 159.82508446772766 972.0703577519259 202.117712209435 -1 -1 -1 -1000 -1000 -1000 -10
128 6340 DontCare 0 0 -1 869.1463153044134 160.72117391471483 970.9999461625849 202.56304288976543 -1 -1 -1 -1000 -1000 -1000 -10
128 6337 DontCare 0 0 -1 1084.8683916856137 163.2233915573783 1252.2255673274287 294.58839378807414 -1 -1 -1 -1000 -1000 -1000 -10
128 6329 car 0 0 -1 596.4750641794607 173.47486406174912 706.1256135601687 210.0345183521931 -1 -1 -1 -1000 -1000 -1000 -10
128 6327 car 0 0 -1 368.4010259793015 177.49134092833594 460.39380670305616 213.77208332659626 -1 -1 -1 -1000 -1000 -1000 -10
128 6326 car 0 0 -1 237.647115237384 177.54551866519125 390.140527187409 247.65119111664615 -1 -1 -1 -1000 -1000 -1000 -10
129 6340 car 0 0 -1 855.8147326538524 161.45371286674984 957.370078869121 202.528825806814 -1 -1 -1 -1000 -1000 -1000 -10
129 6337 DontCare 0 0 -1 1088.5263089884932 164.2126810929234 1252.3060406407387 300.9049350573209 -1 -1 -1 -1000 -1000 -1000 -10
129 6329 car 0 0 -1 583.159872069486 173.7811951364268 693.5966049447302 211.4485675811274 -1 -1 -1 -1000 -1000 -1000 -10
129 6327 car 0 0 -1 377.80642684429233 177.36407219652517 467.2670973809486 213.04822319826513 -1 -1 -1 -1000 -1000 -1000 -10
129 6326 car 0 0 -1 204.06746626027655 178.02434449094744 367.2444438338233 252.76655239802523 -1 -1 -1 -1000 -1000 -1000 -10
130 6340 car 0 0 -1 843.5383378136075 161.85817517550805 943.9770440233922 202.35937797884668 -1 -1 -1 -1000 -1000 -1000 -10
130 6337 DontCare 0 0 -1 1092.4162599483238 161.4360125602509 1251.4663273224614 303.195731840934 -1 -1 -1 -1000 -1000 -1000 -10
130 6329 car 0 0 -1 569.5868727549263 173.81678880386207 678.6367820697147 211.4308100770643 -1 -1 -1 -1000 -1000 -1000 -10
130 6327 car 0 0 -1 383.9537167580015 176.89338905052918 470.32458407949 211.30915991127935 -1 -1 -1 -1000 -1000 -1000 -10
130 6326 car 0 0 -1 163.99513597898948 179.02639005440778 339.5358216647553 258.9102016628776 -1 -1 -1 -1000 -1000 -1000 -10
131 6345 pedestrian 0 0 -1 352.46262996685925 169.50620338487164 384.4589802944372 253.59019480731706 -1 -1 -1 -1000 -1000 -1000 -10
131 6340 car 0 0 -1 831.5642638143831 162.19941418497595 932.7336081017183 202.74455318619354 -1 -1 -1 -1000 -1000 -1000 -10
131 6337 DontCare 0 0 -1 1098.3795228525219 159.78654216884843 1251.5189635997576 301.4119036945129 -1 -1 -1 -1000 -1000 -1000 -10
131 6329 car 0 0 -1 551.9243724773733 174.3344877213924 662.958765666913 212.8093367758296 -1 -1 -1 -1000 -1000 -1000 -10
131 6327 car 0 0 -1 385.0780544034845 176.6304160821603 470.71637989378615 210.7333597498801 -1 -1 -1 -1000 -1000 -1000 -10
131 6326 car 0 0 -1 120.02146265882462 179.99037143518876 310.80965455329897 266.3093869080725 -1 -1 -1 -1000 -1000 -1000 -10
132 6345 pedestrian 0 0 -1 350.455139613705 170.44686934807453 383.6095688468047 255.12999553087604 -1 -1 -1 -1000 -1000 -1000 -10
132 6340 car 0 0 -1 817.722180624452 162.82721938983778 918.3502187014599 203.02576436024034 -1 -1 -1 -1000 -1000 -1000 -10
132 6337 DontCare 0 0 -1 1104.0676907251266 165.4071096509461 1251.7083766703006 306.59132204575616 -1 -1 -1 -1000 -1000 -1000 -10
132 6329 car 0 0 -1 535.1866489413236 174.73021137678717 648.3212025280922 214.3931647761973 -1 -1 -1 -1000 -1000 -1000 -10
132 6327 car 0 0 -1 395.6537340617755 177.033819666246 474.4610762721751 210.64174454940812 -1 -1 -1 -1000 -1000 -1000 -10
132 6326 car 0 0 -1 71.17537225525606 181.99847141355878 279.4467149123294 275.63899833789037 -1 -1 -1 -1000 -1000 -1000 -10
133 6345 pedestrian 0 0 -1 348.9030111819307 171.7337388151917 382.1815646624836 256.0355966847145 -1 -1 -1 -1000 -1000 -1000 -10
133 6343 DontCare 0 0 -1 803.184356608969 162.9873676883646 902.7532792830532 204.6398736924067 -1 -1 -1 -1000 -1000 -1000 -10
133 6337 DontCare 0 0 -1 1111.664546399394 165.02549257359505 1252.5015077430116 307.209807739574 -1 -1 -1 -1000 -1000 -1000 -10
133 6329 car 0 0 -1 519.1405926338662 175.01228147697373 635.0100058465916 216.1212062345419 -1 -1 -1 -1000 -1000 -1000 -10
133 6327 car 0 0 -1 401.18101579508414 177.49693948458537 473.6693451622996 210.9287699302958 -1 -1 -1 -1000 -1000 -1000 -10
133 6326 car 0 0 -1 25.75362717852103 183.70724897722212 249.35682638658847 285.7698751807962 -1 -1 -1 -1000 -1000 -1000 -10
134 6345 pedestrian 0 0 -1 346.94061178727475 171.2417763378461 380.4030383773645 256.40897900230885 -1 -1 -1 -1000 -1000 -1000 -10
134 6343 car 0 0 -1 789.8979418296645 162.99536900449556 888.0227696322928 203.87041942686756 -1 -1 -1 -1000 -1000 -1000 -10
134 6337 DontCare 0 0 -1 1116.6431611734301 162.61030031778225 1251.7776447715187 302.6665543582752 -1 -1 -1 -1000 -1000 -1000 -10
134 6329 car 0 0 -1 503.03028962371184 174.69273575364073 621.2768801845715 216.5703361930379 -1 -1 -1 -1000 -1000 -1000 -10
134 6327 car 0 0 -1 405.057358386506 177.08949114567116 472.13283473445205 210.3673333315706 -1 -1 -1 -1000 -1000 -1000 -10
134 6326 car 0 0 -1 -0.6669932931683178 186.527193496674 224.05301585534028 297.48799969815536 -1 -1 -1 -1000 -1000 -1000 -10
135 6348 car 0 0 -1 703.7201969860964 176.08707304598582 729.5862257508604 195.01904671183323 -1 -1 -1 -1000 -1000 -1000 -10
135 6345 pedestrian 0 0 -1 344.2582840572684 171.35049341425014 377.7022834736081 256.18991836076003 -1 -1 -1 -1000 -1000 -1000 -10
135 6343 DontCare 0 0 -1 775.3480311382186 162.88857241398102 873.1577998887901 204.33842810957253 -1 -1 -1 -1000 -1000 -1000 -10
135 6340 car 0 0 -1 774.4323598598249 163.1623192739095 872.722214668126 203.7890317463413 -1 -1 -1 -1000 -1000 -1000 -10
135 6337 DontCare 0 0 -1 1119.8231348347988 162.47275280345158 1250.6563726992015 303.30336488123953 -1 -1 -1 -1000 -1000 -1000 -10
135 6329 car 0 0 -1 484.9400875350687 175.07960083944997 604.3036904541266 217.48638985144422 -1 -1 -1 -1000 -1000 -1000 -10
135 6327 car 0 0 -1 407.98860821555587 177.4042620531559 470.00303444212915 210.31324983154985 -1 -1 -1 -1000 -1000 -1000 -10
135 6326 car 0 0 -1 -18.1162401241088 187.92445932792887 193.83975948681734 305.37673968199783 -1 -1 -1 -1000 -1000 -1000 -10
136 6348 car 0 0 -1 704.2369405773666 176.22752861362338 730.3182030729183 195.63048995157445 -1 -1 -1 -1000 -1000 -1000 -10
136 6345 pedestrian 0 0 -1 342.8890941593728 172.6429773601239 375.24265364141627 256.88666331966533 -1 -1 -1 -1000 -1000 -1000 -10
136 6343 DontCare 0 0 -1 763.0224915850702 163.4217236387195 860.2336179232652 205.2412647857635 -1 -1 -1 -1000 -1000 -1000 -10
136 6337 DontCare 0 0 -1 1123.048470268448 158.40118501988167 1249.939000293104 300.54712794531576 -1 -1 -1 -1000 -1000 -1000 -10
136 6329 car 0 0 -1 465.3008189889292 176.0911891506718 587.5271491555757 219.4838214729891 -1 -1 -1 -1000 -1000 -1000 -10
136 6327 car 0 0 -1 412.34495590838867 178.67014583545526 471.5176760582183 211.03288526230241 -1 -1 -1 -1000 -1000 -1000 -10
136 6326 car 0 0 -1 -31.525631797811428 193.07038754548176 156.1229868976255 316.2936600929033 -1 -1 -1 -1000 -1000 -1000 -10
137 6348 car 0 0 -1 705.2627877653276 176.73259469771776 731.7145752795939 196.07691653788518 -1 -1 -1 -1000 -1000 -1000 -10
137 6345 pedestrian 0 0 -1 341.5888975720799 173.08798539267534 373.94704242491116 257.79855143765553 -1 -1 -1 -1000 -1000 -1000 -10
137 6343 DontCare 0 0 -1 749.0892329364439 163.87084364169834 846.4879142696853 206.62131395734065 -1 -1 -1 -1000 -1000 -1000 -10
137 6337 DontCare 0 0 -1 1132.8024931110056 161.0644043456134 1251.7597736289256 300.3370334350426 -1 -1 -1 -1000 -1000 -1000 -10
137 6329 car 0 0 -1 447.6750487400029 177.7124072690541 574.5225487063525 222.14994346926318 -1 -1 -1 -1000 -1000 -1000 -10
137 6327 car 0 0 -1 416.6480541841953 178.79672894587006 476.27653642319603 211.0377039733963 -1 -1 -1 -1000 -1000 -1000 -10
137 6326 car 0 0 -1 -43.19970870944384 199.52224068598616 107.83013207201127 325.3491643358427 -1 -1 -1 -1000 -1000 -1000 -10
138 6345 pedestrian 0 0 -1 340.009359843795 173.07560976106697 372.69484613200837 258.26500130180625 -1 -1 -1 -1000 -1000 -1000 -10
138 6343 DontCare 0 0 -1 733.1002036314999 164.80635179402768 831.2752605515141 207.65576742723223 -1 -1 -1 -1000 -1000 -1000 -10
138 6337 DontCare 0 0 -1 1139.4596092137533 152.83832264877947 1251.8866260961179 295.53003696489867 -1 -1 -1 -1000 -1000 -1000 -10
138 6329 car 0 0 -1 430.84489442600625 178.33750256209206 561.0459535144705 223.78168042346798 -1 -1 -1 -1000 -1000 -1000 -10
138 6327 car 0 0 -1 415.6351488171133 179.31506443573218 478.7832817005624 212.45341048626975 -1 -1 -1 -1000 -1000 -1000 -10
139 6345 pedestrian 0 0 -1 337.07536480901393 172.6658741267222 370.70996192722697 259.4685654816828 -1 -1 -1 -1000 -1000 -1000 -10
139 6343 DontCare 0 0 -1 718.13439170912 165.34274492103503 815.7000163617519 208.4844018024295 -1 -1 -1 -1000 -1000 -1000 -10
139 6337 DontCare 0 0 -1 1145.0590349978845 156.95027064664646 1251.2517744984023 297.2034501787259 -1 -1 -1 -1000 -1000 -1000 -10
139 6329 car 0 0 -1 410.45340293161996 178.75131448568578 543.7138801094422 225.4781172043484 -1 -1 -1 -1000 -1000 -1000 -10
140 6351 DontCare 0 0 -1 1038.3126897126763 117.77379275716022 1232.0601900354245 210.01540240497548 -1 -1 -1 -1000 -1000 -1000 -10
140 6345 pedestrian 0 0 -1 334.59276466952207 172.79939459103895 368.83142891341635 260.25660777089735 -1 -1 -1 -1000 -1000 -1000 -10
140 6343 car 0 0 -1 702.6437650935846 165.92060044229 800.9129927058001 209.04273678746935 -1 -1 -1 -1000 -1000 -1000 -10
140 6337 DontCare 0 0 -1 1148.1794541469626 158.65999551533739 1249.8782591330564 298.31721461120253 -1 -1 -1 -1000 -1000 -1000 -10
140 6329 car 0 0 -1 390.67533129525054 179.19436106166367 527.9738584452613 227.7170936039947 -1 -1 -1 -1000 -1000 -1000 -10
141 6351 DontCare 0 0 -1 1017.3251926716254 117.08330070087584 1231.0218455192971 211.0976299312362 -1 -1 -1 -1000 -1000 -1000 -10
141 6345 pedestrian 0 0 -1 332.634466906149 173.53974880680252 366.64145862497924 261.1419520233329 -1 -1 -1 -1000 -1000 -1000 -10
141 6343 DontCare 0 0 -1 688.0023022965677 165.85447952674622 786.0342851598059 209.51130691063253 -1 -1 -1 -1000 -1000 -1000 -10
141 6337 DontCare 0 0 -1 1152.3035354062702 157.41297810442992 1249.44476236703 298.7291399018027 -1 -1 -1 -1000 -1000 -1000 -10
141 6329 car 0 0 -1 371.8269426036993 178.97044700087528 512.1511053008206 229.58398447329884 -1 -1 -1 -1000 -1000 -1000 -10
142 6351 DontCare 0 0 -1 1001.5820561785424 117.27347726258026 1230.8698177295175 210.96109674538334 -1 -1 -1 -1000 -1000 -1000 -10
142 6345 pedestrian 0 0 -1 331.16431264674287 174.6671771829745 364.69821174254656 262.5534183142829 -1 -1 -1 -1000 -1000 -1000 -10
142 6343 DontCare 0 0 -1 672.2557240866223 166.1792048438964 770.617626279453 209.959310627947 -1 -1 -1 -1000 -1000 -1000 -10
142 6329 car 0 0 -1 353.88956650385296 178.7132407228462 495.74527972839655 231.0874363144585 -1 -1 -1 -1000 -1000 -1000 -10
143 6351 DontCare 0 0 -1 978.2397414664963 118.2886831163421 1226.7132451682053 210.66097581714172 -1 -1 -1 -1000 -1000 -1000 -10
143 6343 DontCare 0 0 -1 656.9868893096655 166.60866136826388 756.041807527839 211.0867568487584 -1 -1 -1 -1000 -1000 -1000 -10
143 6329 car 0 0 -1 325.80493908442475 180.5707841214673 473.925863531285 234.09030337964796 -1 -1 -1 -1000 -1000 -1000 -10
144 6351 DontCare 0 0 -1 955.850044915925 121.2987685578874 1213.1034285112341 209.99226708002163 -1 -1 -1 -1000 -1000 -1000 -10
144 6343 DontCare 0 0 -1 641.0382661612007 166.35416301390683 740.7246717059961 211.91014513385676 -1 -1 -1 -1000 -1000 -1000 -10
144 6329 car 0 0 -1 297.5508750072695 180.802646089618 454.50584692986376 236.95911270903184 -1 -1 -1 -1000 -1000 -1000 -10
145 6351 DontCare 0 0 -1 937.0541522126538 122.47129180106414 1202.9225195978402 209.61069280542182 -1 -1 -1 -1000 -1000 -1000 -10
145 6343 DontCare 0 0 -1 624.1360982199334 166.21143703490443 725.1892515032954 212.88866931859226 -1 -1 -1 -1000 -1000 -1000 -10
145 6329 car 0 0 -1 270.2631231006736 181.3312779379562 434.9794901021347 240.7403532381585 -1 -1 -1 -1000 -1000 -1000 -10
146 6351 DontCare 0 0 -1 921.5901166271398 121.26794707056126 1206.2340261174454 209.0182842333504 -1 -1 -1 -1000 -1000 -1000 -10
146 6343 DontCare 0 0 -1 608.2852362383978 166.16458455846532 709.4449029506734 213.87298030997925 -1 -1 -1 -1000 -1000 -1000 -10
146 6329 car 0 0 -1 239.82183614219178 183.04002291523483 414.554311526071 246.30939274735675 -1 -1 -1 -1000 -1000 -1000 -10
147 6351 DontCare 0 0 -1 894.0096766040706 122.61559279565998 1191.3366169467786 209.66964492188808 -1 -1 -1 -1000 -1000 -1000 -10
147 6345 pedestrian 0 0 -1 324.7553425758498 175.11426767106897 359.05731852054794 263.98826106102854 -1 -1 -1 -1000 -1000 -1000 -10
147 6343 DontCare 0 0 -1 590.9542156727958 166.3982175860541 692.9541683396391 214.61553764955238 -1 -1 -1 -1000 -1000 -1000 -10
147 6329 car 0 0 -1 203.27858355864134 183.69829038735287 381.7716183485927 250.29856257045236 -1 -1 -1 -1000 -1000 -1000 -10
148 6351 DontCare 0 0 -1 874.9211392921677 122.15564620392047 1179.5967142349843 208.85245111055139 -1 -1 -1 -1000 -1000 -1000 -10
148 6345 pedestrian 0 0 -1 321.79945115071234 175.2161081781649 356.45629897686 264.803961213997 -1 -1 -1 -1000 -1000 -1000 -10
148 6343 DontCare 0 0 -1 573.6245066146153 165.9329983890913 676.262021290664 214.79756211839734 -1 -1 -1 -1000 -1000 -1000 -10
148 6329 car 0 0 -1 169.7802611620162 184.8542365559011 356.458906882818 254.66477827381013 -1 -1 -1 -1000 -1000 -1000 -10
149 6351 DontCare 0 0 -1 856.7749082315811 122.40590935033822 1168.6250909953792 208.10542825225843 -1 -1 -1 -1000 -1000 -1000 -10
149 6345 pedestrian 0 0 -1 319.71071046144397 175.06047480109925 353.9551313413452 264.649869175338 -1 -1 -1 -1000 -1000 -1000 -10
149 6343 DontCare 0 0 -1 555.6094546861278 166.89510510686782 659.5509626491386 216.25635866496086 -1 -1 -1 -1000 -1000 -1000 -10
149 6329 car 0 0 -1 133.30160928803502 185.51123660594547 332.5124225223786 259.23591888846664 -1 -1 -1 -1000 -1000 -1000 -10
150 6351 DontCare 0 0 -1 837.9963607940537 123.24034963063357 1164.1866418860475 208.3828349667315 -1 -1 -1 -1000 -1000 -1000 -10
150 6345 pedestrian 0 0 -1 318.3578583333662 173.5878369513377 352.35094637670073 264.07480365170306 -1 -1 -1 -1000 -1000 -1000 -10
150 6343 DontCare 0 0 -1 536.8229939592707 166.88049159861896 642.0807307975947 217.17679841329857 -1 -1 -1 -1000 -1000 -1000 -10
150 6329 car 0 0 -1 94.40031221926446 186.7691835483013 311.00933222800336 264.3450555659489 -1 -1 -1 -1000 -1000 -1000 -10
151 6351 DontCare 0 0 -1 817.8639479240433 124.08702925013566 1148.2888794530236 209.24704673352082 -1 -1 -1 -1000 -1000 -1000 -10
151 6345 pedestrian 0 0 -1 316.97758618929186 174.2456034397105 351.39248692330864 265.8101320251442 -1 -1 -1 -1000 -1000 -1000 -10
151 6343 DontCare 0 0 -1 517.6534567173351 166.54095898750973 626.3240574374395 218.48042901468273 -1 -1 -1 -1000 -1000 -1000 -10
151 6329 car 0 0 -1 46.06111017738709 188.23322736730645 282.6849394156175 271.55933536264945 -1 -1 -1 -1000 -1000 -1000 -10
152 6351 DontCare 0 0 -1 798.2667312476588 125.62169753216739 1126.431403660396 210.29264041452848 -1 -1 -1 -1000 -1000 -1000 -10
152 6345 pedestrian 0 0 -1 314.8492813578751 174.89868339629743 350.1430851496015 267.3268527092923 -1 -1 -1 -1000 -1000 -1000 -10
152 6343 DontCare 0 0 -1 498.328889990449 167.71367216572455 608.6994630954064 220.19579992497356 -1 -1 -1 -1000 -1000 -1000 -10
152 6329 car 0 0 -1 13.450470633519473 190.42122693819368 258.1018349005561 278.929596507561 -1 -1 -1 -1000 -1000 -1000 -10
153 6351 DontCare 0 0 -1 779.1064860904667 125.99937967679716 1105.382478701443 210.8736577986533 -1 -1 -1 -1000 -1000 -1000 -10
153 6345 pedestrian 0 0 -1 312.99539286126225 174.96743162973937 349.4947929600908 268.0703596932927 -1 -1 -1 -1000 -1000 -1000 -10
153 6343 DontCare 0 0 -1 477.55703468370666 167.47140452892128 590.4932922271414 221.52336195743092 -1 -1 -1 -1000 -1000 -1000 -10
153 6329 car 0 0 -1 -6.191272198113666 192.73217267144005 235.49732354829717 287.13618099282337 -1 -1 -1 -1000 -1000 -1000 -10
154 6351 DontCare 0 0 -1 763.0642891499195 126.61071177706037 1085.5963359463967 211.25295424677103 -1 -1 -1 -1000 -1000 -1000 -10
154 6345 pedestrian 0 0 -1 310.8505243717839 175.20381984731893 348.2002337050236 268.1297879869126 -1 -1 -1 -1000 -1000 -1000 -10
154 6343 DontCare 0 0 -1 454.64374922019636 167.24890765356514 571.1342489003599 222.77730789921281 -1 -1 -1 -1000 -1000 -1000 -10
154 6329 car 0 0 -1 -19.16743122996725 194.39850153058106 209.43313244995528 293.2231914853231 -1 -1 -1 -1000 -1000 -1000 -10
155 6351 DontCare 0 0 -1 746.3352724996516 127.18739587440675 1065.6003559810674 211.0349024227638 -1 -1 -1 -1000 -1000 -1000 -10
155 6345 pedestrian 0 0 -1 308.9293686146501 173.80031068739788 346.32533971046485 267.09760596687454 -1 -1 -1 -1000 -1000 -1000 -10
155 6343 DontCare 0 0 -1 432.008001238925 167.45583656949904 550.88642112867 224.84569945206468 -1 -1 -1 -1000 -1000 -1000 -10
155 6329 car 0 0 -1 -28.936320809176422 195.18639954428966 177.6346926107347 296.63026901788936 -1 -1 -1 -1000 -1000 -1000 -10
156 6351 DontCare 0 0 -1 731.0700169486213 127.55880780060804 1046.3866427290056 210.78379402261206 -1 -1 -1 -1000 -1000 -1000 -10
156 6345 pedestrian 0 0 -1 306.48288618007797 173.52836793878052 344.2072132692513 267.69731947120465 -1 -1 -1 -1000 -1000 -1000 -10
156 6343 DontCare 0 0 -1 408.01058616247263 168.43671213435897 530.5148518669588 227.24461692847677 -1 -1 -1 -1000 -1000 -1000 -10
156 6329 car 0 0 -1 -37.163431364704294 196.0477944153206 139.58063732872398 299.2303808552898 -1 -1 -1 -1000 -1000 -1000 -10
157 6351 DontCare 0 0 -1 714.4266383238582 127.81578748921402 1026.2109721488064 210.5581885675773 -1 -1 -1 -1000 -1000 -1000 -10
157 6345 pedestrian 0 0 -1 306.1329800990718 172.89350187016402 344.1299862010445 269.0800566635537 -1 -1 -1 -1000 -1000 -1000 -10
157 6343 DontCare 0 0 -1 381.2970208372057 169.05347730704858 508.5171970582085 229.7953812941057 -1 -1 -1 -1000 -1000 -1000 -10
157 6329 car 0 0 -1 -44.25172058572723 200.90668247780135 96.09133044598762 305.6798838208973 -1 -1 -1 -1000 -1000 -1000 -10
158 6351 DontCare 0 0 -1 700.0410356580829 128.64802574808485 1008.0163968868047 211.0032941147767 -1 -1 -1 -1000 -1000 -1000 -10
158 6345 pedestrian 0 0 -1 305.9839645924199 172.9340211384579 344.1606285533348 270.579547585972 -1 -1 -1 -1000 -1000 -1000 -10
158 6343 DontCare 0 0 -1 355.06425236461007 169.62876699352205 487.5510884832056 232.935917353074 -1 -1 -1 -1000 -1000 -1000 -10
159 6356 car 0 0 -1 323.83911026525334 168.47615351994048 467.44255147667764 241.20150897463 -1 -1 -1 -1000 -1000 -1000 -10
159 6351 DontCare 0 0 -1 685.5839549404607 129.48898958568182 992.1446267423705 211.27360253314433 -1 -1 -1 -1000 -1000 -1000 -10
159 6345 pedestrian 0 0 -1 305.01540645762185 174.03731610153682 343.86221661333065 271.9489592356903 -1 -1 -1 -1000 -1000 -1000 -10
159 6343 DontCare 0 0 -1 332.435138836076 170.16670219496692 467.98134610709303 236.32096622230588 -1 -1 -1 -1000 -1000 -1000 -10
160 6357 car 0 0 -1 232.53815009960098 183.40746074746457 302.78970500136876 214.80652322391686 -1 -1 -1 -1000 -1000 -1000 -10
160 6356 DontCare 0 0 -1 290.23791310854966 167.5920586308106 443.5001948338051 244.05501487248014 -1 -1 -1 -1000 -1000 -1000 -10
160 6351 DontCare 0 0 -1 670.672493152746 129.9195961902497 974.3965627454065 211.25338039323975 -1 -1 -1 -1000 -1000 -1000 -10
161 6356 DontCare 0 0 -1 253.2904790221637 167.13308616835533 418.81443095001407 249.3325149794483 -1 -1 -1 -1000 -1000 -1000 -10
161 6351 DontCare 0 0 -1 655.6213119656696 130.32895749912302 958.4497589323288 211.6245841004618 -1 -1 -1 -1000 -1000 -1000 -10
162 6356 DontCare 0 0 -1 220.70658106891537 167.86076521578522 394.54072009980223 255.04456939488924 -1 -1 -1 -1000 -1000 -1000 -10
162 6351 DontCare 0 0 -1 641.5077782184374 130.9482595620088 944.7388201333547 211.9265253674904 -1 -1 -1 -1000 -1000 -1000 -10
163 6357 car 0 0 -1 149.81628097366715 187.70249094293322 249.54394920109556 224.9098329847897 -1 -1 -1 -1000 -1000 -1000 -10
163 6356 DontCare 0 0 -1 187.0880430494817 167.82279757460984 377.2196779498918 261.33161699264895 -1 -1 -1 -1000 -1000 -1000 -10
163 6351 DontCare 0 0 -1 625.5631182658462 130.49913240279886 928.3510599419965 212.08093745873316 -1 -1 -1 -1000 -1000 -1000 -10
164 6356 DontCare 0 0 -1 145.6554467091597 166.43721938376459 352.0375289574903 266.1424845327381 -1 -1 -1 -1000 -1000 -1000 -10
164 6351 DontCare 0 0 -1 611.311825805625 130.9869120549948 909.823908483907 212.10468936839638 -1 -1 -1 -1000 -1000 -1000 -10
165 6356 DontCare 0 0 -1 96.20424118981835 166.66541233862228 314.56050488058526 271.70083021549436 -1 -1 -1 -1000 -1000 -1000 -10
165 6351 DontCare 0 0 -1 599.2459432094796 131.41159512192456 897.809722865935 212.49867646679826 -1 -1 -1 -1000 -1000 -1000 -10
165 6345 pedestrian 0 0 -1 299.61925527066757 172.7940381259158 339.3907057367441 271.0220654663579 -1 -1 -1 -1000 -1000 -1000 -10
166 6356 car 0 0 -1 42.99082488528104 167.16116833261614 279.0237918309126 280.51038399965654 -1 -1 -1 -1000 -1000 -1000 -10
166 6351 DontCare 0 0 -1 585.9262296084562 131.76124008394524 883.395049351419 213.08450468450124 -1 -1 -1 -1000 -1000 -1000 -10
166 6345 pedestrian 0 0 -1 299.7811980251667 171.73789574384216 339.4387473737584 270.5117837378262 -1 -1 -1 -1000 -1000 -1000 -10
167 6359 car 0 0 -1 -2.198432503280742 167.4732113855942 247.36527201480928 293.9547553860314 -1 -1 -1 -1000 -1000 -1000 -10
167 6356 DontCare 0 0 -1 1.315645915090201 169.00641346077745 246.6963253331354 290.5600746655575 -1 -1 -1 -1000 -1000 -1000 -10
167 6351 DontCare 0 0 -1 572.372173717579 131.68424467953574 867.819923600746 212.87687954530904 -1 -1 -1 -1000 -1000 -1000 -10
167 6345 pedestrian 0 0 -1 299.39433742764083 171.70576490754607 339.28554230562634 270.5845997127083 -1 -1 -1 -1000 -1000 -1000 -10
168 6360 car 0 0 -1 513.6174950311416 178.6360492738209 555.539285617402 198.36395072617876 -1 -1 -1 -1000 -1000 -1000 -10
168 6359 car 0 0 -1 -18.275580011775602 171.13647713130092 217.2660044002314 302.9937558475237 -1 -1 -1 -1000 -1000 -1000 -10
168 6351 DontCare 0 0 -1 558.8115008151369 132.30445216566417 853.613737715038 213.4030770976576 -1 -1 -1 -1000 -1000 -1000 -10
168 6345 pedestrian 0 0 -1 299.0545729893814 171.68350405973138 338.8159092024357 270.617637379003 -1 -1 -1 -1000 -1000 -1000 -10
169 6360 car 0 0 -1 513.7439357741652 178.739155134989 557.8091590425321 199.0902171532564 -1 -1 -1 -1000 -1000 -1000 -10
169 6359 DontCare 0 0 -1 -25.95971478729149 175.09592676853998 178.72865109013608 305.18610774225317 -1 -1 -1 -1000 -1000 -1000 -10
169 6351 DontCare 0 0 -1 547.1029755098573 133.36802259971398 840.5970146074822 214.66198390834256 -1 -1 -1 -1000 -1000 -1000 -10
169 6345 pedestrian 0 0 -1 298.95846298362653 171.66249203862287 338.62888041304495 270.6378960918588 -1 -1 -1 -1000 -1000 -1000 -10
170 6359 DontCare 0 0 -1 -31.984753684423055 183.7052388864126 135.34115605337402 311.9791970072144 -1 -1 -1 -1000 -1000 -1000 -10
170 6356 car 0 0 -1 -44.66084014479924 179.22860972447242 144.9450709050488 315.60936126621084 -1 -1 -1 -1000 -1000 -1000 -10
170 6351 DontCare 0 0 -1 534.7716162974505 134.8208583502146 828.0963097076583 215.97852425193398 -1 -1 -1 -1000 -1000 -1000 -10
170 6345 pedestrian 0 0 -1 298.94990850266987 172.2742710748572 338.55410192059054 271.27686338898934 -1 -1 -1 -1000 -1000 -1000 -10
171 6359 car 0 0 -1 -37.537141045475046 194.94025348378776 80.50166353889696 311.16684965294934 -1 -1 -1 -1000 -1000 -1000 -10
171 6351 DontCare 0 0 -1 521.0952612129996 135.57466969102813 813.744098495857 216.90218782035237 -1 -1 -1 -1000 -1000 -1000 -10
171 6345 pedestrian 0 0 -1 299.1419742440322 172.03795010288337 338.98142580237914 271.35817875851694 -1 -1 -1 -1000 -1000 -1000 -10
172 6351 DontCare 0 0 -1 509.3454395723602 134.4682342067415 801.9151413699562 216.74931093310613 -1 -1 -1 -1000 -1000 -1000 -10
172 6345 pedestrian 0 0 -1 299.18565783801233 171.44100461460937 339.19648211229395 271.2640860511488 -1 -1 -1 -1000 -1000 -1000 -10
173 6351 DontCare 0 0 -1 496.29032613997674 134.04359451410554 789.9357437223193 217.3147671807648 -1 -1 -1 -1000 -1000 -1000 -10
173 6345 pedestrian 0 0 -1 298.7331547863108 171.57374676136396 339.14182729195875 271.4906034691639 -1 -1 -1 -1000 -1000 -1000 -10
174 6351 DontCare 0 0 -1 483.9579594623663 134.78972172910233 778.5633924986976 218.5022847901207 -1 -1 -1 -1000 -1000 -1000 -10
174 6345 pedestrian 0 0 -1 298.5016449407658 171.15542920782872 339.20014149361907 271.4150734566901 -1 -1 -1 -1000 -1000 -1000 -10
175 6351 DontCare 0 0 -1 471.6868418245696 134.54339745823967 767.0044501168393 218.84939223178532 -1 -1 -1 -1000 -1000 -1000 -10
175 6345 pedestrian 0 0 -1 298.3743910267189 170.93934089245369 339.2808053448678 271.4389008166673 -1 -1 -1 -1000 -1000 -1000 -10
176 6351 DontCare 0 0 -1 459.520807187557 134.05955398134466 756.5467976618879 219.3640261176825 -1 -1 -1 -1000 -1000 -1000 -10
176 6345 pedestrian 0 0 -1 298.30054909106764 170.8175636340689 339.35554895608095 271.4837335873789 -1 -1 -1 -1000 -1000 -1000 -10
177 6351 DontCare 0 0 -1 445.93095945778634 133.87756255938143 744.19928148317 220.17887086684527 -1 -1 -1 -1000 -1000 -1000 -10
177 6345 pedestrian 0 0 -1 298.25688608401003 170.74409813528436 339.417451877487 271.5244373519572 -1 -1 -1 -1000 -1000 -1000 -10
178 6351 DontCare 0 0 -1 434.3750221377593 133.6203668265342 735.4614640785157 220.67051444194627 -1 -1 -1 -1000 -1000 -1000 -10
178 6345 pedestrian 0 0 -1 298.23033772428886 170.24570291571894 339.4681146385871 271.3808766002285 -1 -1 -1 -1000 -1000 -1000 -10
179 6351 DontCare 0 0 -1 421.47053420161615 134.02295698514556 724.5702152244198 221.60633474697514 -1 -1 -1 -1000 -1000 -1000 -10
179 6345 pedestrian 0 0 -1 298.21646317534953 169.99542931015537 339.5076465818703 271.38307321834054 -1 -1 -1 -1000 -1000 -1000 -10
180 6351 DontCare 0 0 -1 406.1099012727692 133.6338035295734 710.4035398694649 221.87193834231908 -1 -1 -1 -1000 -1000 -1000 -10
180 6345 pedestrian 0 0 -1 298.66307632969574 169.86551821137587 339.71250064611297 271.415429978134 -1 -1 -1 -1000 -1000 -1000 -10
181 6351 DontCare 0 0 -1 392.0988896091328 133.3657284364512 698.3473287687211 222.0864452827629 -1 -1 -1 -1000 -1000 -1000 -10
181 6345 pedestrian 0 0 -1 298.884257764931 169.7881954200437 339.7551111174822 271.45278779470084 -1 -1 -1 -1000 -1000 -1000 -10
182 6351 DontCare 0 0 -1 375.5199492348356 133.00313041054895 684.5336746028197 221.7953306514597 -1 -1 -1 -1000 -1000 -1000 -10
182 6345 pedestrian 0 0 -1 299.0080258057667 169.73955102019733 339.7465179081113 271.4835628640738 -1 -1 -1 -1000 -1000 -1000 -10
183 6351 DontCare 0 0 -1 356.4808953827477 133.17985772757416 670.903476947054 222.61728986352236 -1 -1 -1 -1000 -1000 -1000 -10
183 6345 pedestrian 0 0 -1 299.08624284339624 169.70814651422089 339.72617881931296 271.50563403724107 -1 -1 -1 -1000 -1000 -1000 -10
184 6351 DontCare 0 0 -1 342.9831994165071 133.1497366140735 659.6392602523886 223.02298825451822 -1 -1 -1 -1000 -1000 -1000 -10
184 6345 pedestrian 0 0 -1 299.1416976280221 170.13895729820612 339.70620762461743 271.6941407066836 -1 -1 -1 -1000 -1000 -1000 -10
185 6351 DontCare 0 0 -1 327.04772941092995 132.0504573393236 646.936616784177 223.63360859333153 -1 -1 -1 -1000 -1000 -1000 -10
185 6345 pedestrian 0 0 -1 299.63514312087733 171.87575250521655 339.86437446824397 272.69205741501185 -1 -1 -1 -1000 -1000 -1000 -10
186 6351 DontCare 0 0 -1 312.91916834392555 131.5048393197852 635.9588781102761 224.61392192646278 -1 -1 -1 -1000 -1000 -1000 -10
186 6345 pedestrian 0 0 -1 299.8890467940324 172.21960107771628 339.87161940512044 272.7646310377268 -1 -1 -1 -1000 -1000 -1000 -10
187 6351 DontCare 0 0 -1 278.2735522436019 130.02693845054725 619.291787763301 226.25275970683535 -1 -1 -1 -1000 -1000 -1000 -10
187 6345 pedestrian 0 0 -1 300.3130605316471 172.85276703803385 339.5592113298994 272.91274914328625 -1 -1 -1 -1000 -1000 -1000 -10
188 6351 DontCare 0 0 -1 256.5672896313812 129.20341259788324 606.610737035326 227.7589328700392 -1 -1 -1 -1000 -1000 -1000 -10
188 6345 pedestrian 0 0 -1 301.0604006190683 173.18641234867638 339.4907595942605 272.8747812326272 -1 -1 -1 -1000 -1000 -1000 -10
189 6351 DontCare 0 0 -1 238.5133300632755 128.95642283566818 595.486996082163 228.88766610151984 -1 -1 -1 -1000 -1000 -1000 -10
189 6345 pedestrian 0 0 -1 301.9447645114831 173.82994543456638 339.5013093326846 272.9662544225056 -1 -1 -1 -1000 -1000 -1000 -10
190 6351 DontCare 0 0 -1 221.69628316161456 128.4223331203403 585.1147043710623 231.00513621104525 -1 -1 -1 -1000 -1000 -1000 -10
190 6345 pedestrian 0 0 -1 301.988417694359 173.2810419028064 339.1853320056367 272.5440790766751 -1 -1 -1 -1000 -1000 -1000 -10
191 6351 DontCare 0 0 -1 205.5988394811678 127.14210414822887 573.5300142087324 231.63396828281546 -1 -1 -1 -1000 -1000 -1000 -10
191 6345 pedestrian 0 0 -1 301.34494270356674 172.57202825196555 339.1105888307519 272.25544719610565 -1 -1 -1 -1000 -1000 -1000 -10
192 6351 DontCare 0 0 -1 197.31045774042286 127.13940937098019 567.0818989436563 233.25979399932018 -1 -1 -1 -1000 -1000 -1000 -10
192 6345 pedestrian 0 0 -1 300.3818876118352 172.85686592942176 338.56064719882767 272.8362007489083 -1 -1 -1 -1000 -1000 -1000 -10
193 6363 car 0 0 -1 1095.1344783335892 168.9408590276185 1184.0249494458028 203.51094246185585 -1 -1 -1 -1000 -1000 -1000 -10
193 6362 DontCare 0 0 -1 164.092703006885 121.95737011389106 457.51216682380505 250.04262988610822 -1 -1 -1 -1000 -1000 -1000 -10
193 6351 DontCare 0 0 -1 173.2221800186184 126.55329649212555 548.2304891350598 234.46107659720232 -1 -1 -1 -1000 -1000 -1000 -10
193 6345 pedestrian 0 0 -1 300.2231132146574 172.48500149181237 338.15151495013896 272.91209290172947 -1 -1 -1 -1000 -1000 -1000 -10
194 6363 car 0 0 -1 1084.1034165789 168.1315246892619 1182.9489983762285 204.73878789309876 -1 -1 -1 -1000 -1000 -1000 -10
194 6362 DontCare 0 0 -1 141.09566433594944 120.49851628991514 466.9461792125395 255.64834515131145 -1 -1 -1 -1000 -1000 -1000 -10
194 6351 DontCare 0 0 -1 157.47854929120876 125.55779380421117 539.0301176168616 235.0618346933655 -1 -1 -1 -1000 -1000 -1000 -10
194 6345 pedestrian 0 0 -1 300.66355295708433 173.16289053910066 338.12796448097106 273.3674075527023 -1 -1 -1 -1000 -1000 -1000 -10
195 6363 car 0 0 -1 1073.46641231511 167.66868351240882 1178.2655300997724 204.55000899873292 -1 -1 -1 -1000 -1000 -1000 -10
195 6362 DontCare 0 0 -1 104.52317794257434 117.54552136976548 442.69241485790417 257.39580192133985 -1 -1 -1 -1000 -1000 -1000 -10
195 6351 DontCare 0 0 -1 130.0119971084431 124.6115878505239 519.6691951507445 235.853081323756 -1 -1 -1 -1000 -1000 -1000 -10
195 6345 pedestrian 0 0 -1 300.46741555262224 172.83370428625526 337.8684500291199 272.87898136702694 -1 -1 -1 -1000 -1000 -1000 -10
196 6363 car 0 0 -1 1063.8466746419958 167.55369136400904 1177.693071537405 205.1948716267827 -1 -1 -1 -1000 -1000 -1000 -10
196 6362 DontCare 0 0 -1 72.99726229696356 115.14082655888465 417.9929577626018 257.8778291495023 -1 -1 -1 -1000 -1000 -1000 -10
196 6351 DontCare 0 0 -1 149.13902301489105 124.70815053892295 524.1049197381005 236.94311259830704 -1 -1 -1 -1000 -1000 -1000 -10
196 6345 pedestrian 0 0 -1 299.7837408142852 172.28653779334917 337.1391569599264 272.4879235058726 -1 -1 -1 -1000 -1000 -1000 -10
197 6366 DontCare 0 0 -1 39.88841153306092 97.35638279097329 474.7185745969414 264.96300359934094 -1 -1 -1 -1000 -1000 -1000 -10
197 6363 car 0 0 -1 1053.1091195295282 167.37031045041857 1174.1732849241632 204.8524744633488 -1 -1 -1 -1000 -1000 -1000 -10
197 6345 pedestrian 0 0 -1 298.91055330238515 172.22580436420037 336.23385165017595 272.81240766536916 -1 -1 -1 -1000 -1000 -1000 -10
198 6366 DontCare 0 0 -1 11.773243345471172 97.06723003295932 465.9617781273864 270.5780492974983 -1 -1 -1 -1000 -1000 -1000 -10
198 6365 car 0 0 -1 1043.5187283845694 171.8377393784944 1137.050893569728 204.37845526724357 -1 -1 -1 -1000 -1000 -1000 -10
198 6363 car 0 0 -1 1046.5070787460872 167.4536441722235 1176.9533230036527 205.27751822606785 -1 -1 -1 -1000 -1000 -1000 -10
198 6345 pedestrian 0 0 -1 297.96264138212007 171.6872207644365 335.26375155303253 272.8260383337825 -1 -1 -1 -1000 -1000 -1000 -10
199 6366 DontCare 0 0 -1 -10.366778827181093 98.28259626479624 431.49442008428446 273.73417204283226 -1 -1 -1 -1000 -1000 -1000 -10
199 6365 car 0 0 -1 1037.2998161111352 170.7015701775502 1137.2976345707323 204.33623554822287 -1 -1 -1 -1000 -1000 -1000 -10
199 6345 pedestrian 0 0 -1 296.8137773717413 172.2869186428965 333.81765981445534 273.27159560941095 -1 -1 -1 -1000 -1000 -1000 -10
200 6366 DontCare 0 0 -1 -10.75973387227512 99.08525282270229 425.06327473716055 274.09115770378224 -1 -1 -1 -1000 -1000 -1000 -10
200 6345 pedestrian 0 0 -1 296.1550302132319 172.0821198533269 333.49411485147795 273.2500966834345 -1 -1 -1 -1000 -1000 -1000 -10
201 6366 DontCare 0 0 -1 -15.790807430962161 98.52225655616338 423.4403007544363 283.36446245633806 -1 -1 -1 -1000 -1000 -1000 -10
201 6363 car 0 0 -1 1018.66535371141 167.91340538698694 1146.4150665445075 205.08156713160207 -1 -1 -1 -1000 -1000 -1000 -10
201 6351 DontCare 0 0 -1 156.1658278886985 126.54305278285798 453.47663619927584 237.97144497438794 -1 -1 -1 -1000 -1000 -1000 -10
201 6345 pedestrian 0 0 -1 295.84889175925025 171.52244627375634 333.4336171852826 273.0980542817524 -1 -1 -1 -1000 -1000 -1000 -10
202 6366 DontCare 0 0 -1 -20.87473592977753 96.04607109294611 411.0903151933792 288.73094393099404 -1 -1 -1 -1000 -1000 -1000 -10
202 6363 car 0 0 -1 1012.1724166968883 169.6131084126627 1137.030969355895 205.38472170844858 -1 -1 -1 -1000 -1000 -1000 -10
202 6345 pedestrian 0 0 -1 294.17245710616953 171.68021560679014 332.4843003646138 273.2903832779814 -1 -1 -1 -1000 -1000 -1000 -10
203 6366 DontCare 0 0 -1 -23.45621590902897 93.81670363941998 397.034876630914 293.17739872141783 -1 -1 -1 -1000 -1000 -1000 -10
203 6363 car 0 0 -1 1008.7059263429607 168.94922518796594 1133.0091594768533 204.8195872937052 -1 -1 -1 -1000 -1000 -1000 -10
203 6345 pedestrian 0 0 -1 292.78757193717763 172.19055413624415 331.62785924442574 273.53556539904775 -1 -1 -1 -1000 -1000 -1000 -10
204 6366 DontCare 0 0 -1 -25.244950635796982 92.16680317531588 375.6409398735897 294.1352020389076 -1 -1 -1 -1000 -1000 -1000 -10
204 6363 car 0 0 -1 1005.4747574136932 169.18025005950108 1128.586074786047 204.7746865433421 -1 -1 -1 -1000 -1000 -1000 -10
204 6345 pedestrian 0 0 -1 294.31711518718146 172.88410445656137 332.99073813897303 273.75227444952475 -1 -1 -1 -1000 -1000 -1000 -10
205 6366 DontCare 0 0 -1 -27.95672581538207 91.36736583866636 352.7409626448225 299.20110648272464 -1 -1 -1 -1000 -1000 -1000 -10
205 6363 car 0 0 -1 1000.9444132228973 169.297214541864 1124.7286154315047 204.72509299321106 -1 -1 -1 -1000 -1000 -1000 -10
206 6369 pedestrian 0 0 -1 286.9646886151455 176.01196313044343 321.6555425381853 268.76504867143166 -1 -1 -1 -1000 -1000 -1000 -10
206 6366 DontCare 0 0 -1 -22.735757842498685 94.79660471050619 345.4256795914374 305.16930249382835 -1 -1 -1 -1000 -1000 -1000 -10
206 6363 car 0 0 -1 998.6081480192328 168.8987875442242 1122.9149969621715 204.49908775143075 -1 -1 -1 -1000 -1000 -1000 -10
207 6366 DontCare 0 0 -1 -20.405989634579498 94.98113843715971 337.16855101988756 311.01382012797256 -1 -1 -1 -1000 -1000 -1000 -10
207 6363 car 0 0 -1 994.6688323705606 168.54627747657617 1120.406895336441 203.9683125677936 -1 -1 -1 -1000 -1000 -1000 -10
207 6351 DontCare 0 0 -1 -7.570249063389383 109.32945297410072 330.5628070598072 285.0770066606211 -1 -1 -1 -1000 -1000 -1000 -10
207 6345 pedestrian 0 0 -1 291.9334231605392 172.9765512047727 331.0792794181233 273.52517778565976 -1 -1 -1 -1000 -1000 -1000 -10
208 6366 DontCare 0 0 -1 -19.634120819557552 93.1966164913237 323.72453843050937 309.72625185591113 -1 -1 -1 -1000 -1000 -1000 -10
208 6363 car 0 0 -1 992.0035237857038 168.92724175849582 1118.9568031615743 203.89558376383098 -1 -1 -1 -1000 -1000 -1000 -10
208 6345 pedestrian 0 0 -1 292.02261242018363 172.84745606211067 332.92159932018905 273.4538484080954 -1 -1 -1 -1000 -1000 -1000 -10
209 6366 DontCare 0 0 -1 -21.78398120071475 94.88663320724667 302.18139450221406 311.3189029351238 -1 -1 -1 -1000 -1000 -1000 -10
209 6363 car 0 0 -1 989.0156432778892 168.66747673397376 1118.0517552839772 203.63049819010465 -1 -1 -1 -1000 -1000 -1000 -10
209 6345 pedestrian 0 0 -1 291.4353414252496 173.25856901487526 332.996085973904 273.58965482175535 -1 -1 -1 -1000 -1000 -1000 -10
210 6366 DontCare 0 0 -1 -22.785509052283032 94.626681818294 279.87614017323125 308.1973631728437 -1 -1 -1 -1000 -1000 -1000 -10
210 6363 car 0 0 -1 989.0131370133167 169.23635799906896 1117.4311780119724 204.1433181233358 -1 -1 -1 -1000 -1000 -1000 -10
210 6345 pedestrian 0 0 -1 290.7603466349683 173.46197821019 332.2358399730515 273.59352057805745 -1 -1 -1 -1000 -1000 -1000 -10
211 6366 DontCare 0 0 -1 -23.802882152051197 96.24367245766956 256.4489757304178 309.09208088460275 -1 -1 -1 -1000 -1000 -1000 -10
211 6363 car 0 0 -1 988.7686078010743 169.46478428279147 1116.994348172012 204.32560688975508 -1 -1 -1 -1000 -1000 -1000 -10
211 6345 pedestrian 0 0 -1 290.86683794224496 174.0234225313509 332.8340110158798 273.73272490040813 -1 -1 -1 -1000 -1000 -1000 -10
212 6366 DontCare 0 0 -1 -25.53478789300108 98.81573536504955 230.09801018800408 312.5494949029211 -1 -1 -1 -1000 -1000 -1000 -10
212 6363 car 0 0 -1 995.0186639924724 169.87041427731063 1118.3178842607658 204.0751791392814 -1 -1 -1 -1000 -1000 -1000 -10
212 6345 pedestrian 0 0 -1 291.6232532351141 174.1395176241651 334.2219611532086 273.25990569809284 -1 -1 -1 -1000 -1000 -1000 -10
213 6370 car 0 0 -1 512.0339187882936 180.13830508984375 545.8606787927744 198.75629249122358 -1 -1 -1 -1000 -1000 -1000 -10
213 6366 DontCare 0 0 -1 -26.115598858815957 98.49355542725893 203.80178134857678 310.5991946176698 -1 -1 -1 -1000 -1000 -1000 -10
213 6363 car 0 0 -1 987.9382324982087 169.65500521984438 1113.782057535636 203.7114738513551 -1 -1 -1 -1000 -1000 -1000 -10
213 6345 pedestrian 0 0 -1 291.80709464260786 174.27940253452027 334.86346778238857 272.98240721996126 -1 -1 -1 -1000 -1000 -1000 -10
214 6370 car 0 0 -1 511.9517388727709 180.09117138020252 546.1387264432867 198.999293935855 -1 -1 -1 -1000 -1000 -1000 -10
214 6366 DontCare 0 0 -1 -27.708557310748745 96.32667576186019 173.2226219857797 304.79725403723035 -1 -1 -1 -1000 -1000 -1000 -10
214 6363 car 0 0 -1 984.5319615898937 169.29746769263727 1112.9130578519832 203.84790387209102 -1 -1 -1 -1000 -1000 -1000 -10
214 6345 pedestrian 0 0 -1 291.00514788528807 175.02565244882936 334.1186126424398 273.4277473040878 -1 -1 -1 -1000 -1000 -1000 -10
215 6370 car 0 0 -1 512.0670215713429 180.0007528268325 546.8226242815475 199.1165341771501 -1 -1 -1 -1000 -1000 -1000 -10
215 6366 DontCare 0 0 -1 -31.02372315577439 101.03505155451415 143.01609848917184 314.26935417120836 -1 -1 -1 -1000 -1000 -1000 -10
215 6363 car 0 0 -1 982.9282508483357 169.5512096296119 1113.0271440964239 204.14493103106867 -1 -1 -1 -1000 -1000 -1000 -10
215 6345 pedestrian 0 0 -1 290.6925762597525 175.36255599278326 333.84663458376986 273.54453254035326 -1 -1 -1 -1000 -1000 -1000 -10
216 6370 car 0 0 -1 512.039029915636 179.95375873739954 547.0787453766126 199.15398042960106 -1 -1 -1 -1000 -1000 -1000 -10
216 6366 DontCare 0 0 -1 -33.51732102969156 97.88210391784212 110.21957171708486 312.5550771509037 -1 -1 -1 -1000 -1000 -1000 -10
216 6363 car 0 0 -1 981.9271390728128 169.646925289861 1112.9545920101227 204.2583744736423 -1 -1 -1 -1000 -1000 -1000 -10
216 6345 pedestrian 0 0 -1 290.5696471604503 175.52940531248237 333.75238682511605 273.5495756058204 -1 -1 -1 -1000 -1000 -1000 -10
217 6370 car 0 0 -1 511.99277520526795 179.93138979425768 547.1776148949465 199.1610135604972 -1 -1 -1 -1000 -1000 -1000 -10
217 6363 car 0 0 -1 981.4584705375005 169.68401199199104 1113.1330806577525 204.30022380184374 -1 -1 -1 -1000 -1000 -1000 -10
217 6345 pedestrian 0 0 -1 290.52111532217003 175.62133110565384 333.72391560127625 273.52194607783997 -1 -1 -1 -1000 -1000 -1000 -10
218 6370 car 0 0 -1 511.95587300411967 179.92231267075294 547.2137490018961 199.15617649753278 -1 -1 -1 -1000 -1000 -1000 -10
218 6363 car 0 0 -1 981.2524449922697 169.53007451160676 1113.3385789691722 203.85020405699504 -1 -1 -1 -1000 -1000 -1000 -10
218 6345 pedestrian 0 0 -1 290.32839515589274 175.6797332933511 333.2704983685086 273.48677592085085 -1 -1 -1 -1000 -1000 -1000 -10
219 6370 car 0 0 -1 511.93152474389194 179.920318178515 547.2231390038812 199.14691679546064 -1 -1 -1 -1000 -1000 -1000 -10
219 6363 car 0 0 -1 981.14735059583 169.6957617113573 1113.5454569891706 204.0865900057687 -1 -1 -1 -1000 -1000 -1000 -10
219 6345 pedestrian 0 0 -1 290.3033507588473 175.71877799455973 333.05449232236197 273.45530881420467 -1 -1 -1 -1000 -1000 -1000 -10
220 6370 car 0 0 -1 511.91732670890326 179.9220161995113 547.2205627201482 199.13636709246333 -1 -1 -1 -1000 -1000 -1000 -10
220 6363 car 0 0 -1 981.1120873819275 169.74942354689404 1113.7142263815597 204.1856799868462 -1 -1 -1 -1000 -1000 -1000 -10
220 6345 pedestrian 0 0 -1 290.5041754347646 175.74363189108092 333.38965092863117 273.4320819932851 -1 -1 -1 -1000 -1000 -1000 -10
221 6370 car 0 0 -1 511.91027382214025 179.9255415688224 547.2125335376014 199.1258701574541 -1 -1 -1 -1000 -1000 -1000 -10
221 6363 car 0 0 -1 981.1178564630993 169.76446049082332 1113.8475136388472 204.22830479715756 -1 -1 -1 -1000 -1000 -1000 -10
221 6345 pedestrian 0 0 -1 290.560612529001 175.76162924768238 333.5433622005264 273.4134665294515 -1 -1 -1 -1000 -1000 -1000 -10
222 6370 car 0 0 -1 511.9079374031995 179.9298644233819 547.2021231862963 199.11598743516987 -1 -1 -1 -1000 -1000 -1000 -10
222 6363 car 0 0 -1 981.14875610636 169.76764708329222 1113.9518918020908 204.24653464768272 -1 -1 -1 -1000 -1000 -1000 -10
222 6345 pedestrian 0 0 -1 290.56827852182397 175.77504739939081 333.621278976753 273.39859939248333 -1 -1 -1 -1000 -1000 -1000 -10
223 6370 car 0 0 -1 511.90858190191443 179.93441923803624 547.1908683060708 199.10692641569347 -1 -1 -1 -1000 -1000 -1000 -10
223 6363 car 0 0 -1 981.1952467885282 169.7683186016807 1114.0339133344055 204.25348515951706 -1 -1 -1 -1000 -1000 -1000 -10
223 6345 pedestrian 0 0 -1 290.561950779475 175.7852833246167 333.6654999988327 273.3866229191516 -1 -1 -1 -1000 -1000 -1000 -10
224 6370 car 0 0 -1 511.91102915998005 179.93890170378685 547.1795699278388 199.09873114123954 -1 -1 -1 -1000 -1000 -1000 -10
224 6363 car 0 0 -1 981.2512470525961 169.7694072651446 1114.0990207323393 204.25478834368903 -1 -1 -1 -1000 -1000 -1000 -10
224 6345 pedestrian 0 0 -1 290.55364148685345 175.79325298533956 333.6933786311071 273.3768263082787 -1 -1 -1 -1000 -1000 -1000 -10
225 6370 car 0 0 -1 511.9145000883866 179.94315560744604 547.1686510717789 199.09137083253074 -1 -1 -1 -1000 -1000 -1000 -10
225 6363 car 0 0 -1 981.3127317007725 169.7715823384843 1114.1514354272617 204.25304031203817 -1 -1 -1 -1000 -1000 -1000 -10
225 6345 pedestrian 0 0 -1 290.54732062078693 176.24856593630574 333.7121642086426 273.5418989604391 -1 -1 -1 -1000 -1000 -1000 -10
226 6370 car 0 0 -1 511.9184883971013 179.9471088848182 547.1583284604656 199.0847825119593 -1 -1 -1 -1000 -1000 -1000 -10
226 6363 car 0 0 -1 981.3769864751929 169.77477917977043 1114.1943347471638 204.24954922161547 -1 -1 -1 -1000 -1000 -1000 -10
226 6345 pedestrian 0 0 -1 290.54342428267904 176.47271927510238 333.7257090482893 273.5535372107613 -1 -1 -1 -1000 -1000 -1000 -10
227 6370 car 0 0 -1 511.92267056263023 179.9507370028005 547.1487012000687 199.0788919251222 -1 -1 -1 -1000 -1000 -1000 -10
227 6363 car 0 0 -1 981.4421726866152 169.7787462823696 1114.2300778134256 204.24503875059943 -1 -1 -1 -1000 -1000 -1000 -10
227 6345 pedestrian 0 0 -1 290.54115601632043 176.14695633522467 333.7364507066949 273.34608332101334 -1 -1 -1 -1000 -1000 -1000 -10
228 6370 car 0 0 -1 511.9268443726531 179.95404177184068 547.1397997528856 199.07362382776685 -1 -1 -1 -1000 -1000 -1000 -10
228 6363 car 0 0 -1 981.5070526906402 169.7832278104321 1114.2604063050567 204.23994277435958 -1 -1 -1 -1000 -1000 -1000 -10
228 6345 pedestrian 0 0 -1 290.5407182148435 176.00212868177098 333.7448166446174 273.2861828411006 -1 -1 -1 -1000 -1000 -1000 -10
229 6370 car 0 0 -1 511.93088768765796 179.9570390015845 547.131614492063 199.06890689925197 -1 -1 -1 -1000 -1000 -1000 -10
229 6363 car 0 0 -1 981.5708073025321 169.78801436675369 1114.2866040744975 204.234536697266 -1 -1 -1 -1000 -1000 -1000 -10
229 6345 pedestrian 0 0 -1 290.5416466816962 175.9322182872857 333.7515145528523 273.27685019899513 -1 -1 -1 -1000 -1000 -1000 -10
230 6370 car 0 0 -1 511.9347309197949 179.9597512957087 547.1241130022927 199.0646758835503 -1 -1 -1 -1000 -1000 -1000 -10
230 6363 car 0 0 -1 981.6329102662794 169.7929487482963 1114.309618275187 204.22900117127116 -1 -1 -1 -1000 -1000 -1000 -10
230 6345 pedestrian 0 0 -1 290.54356698386835 175.89515731998657 333.7570146746351 273.2826169633024 -1 -1 -1 -1000 -1000 -1000 -10
231 6370 car 0 0 -1 511.93833867839436 179.96220387048652 547.1172507972481 199.06087228844007 -1 -1 -1 -1000 -1000 -1000 -10
231 6363 car 0 0 -1 981.6930403069299 169.79791832304264 1114.3301493202143 204.22345621132942 -1 -1 -1 -1000 -1000 -1000 -10
231 6345 pedestrian 0 0 -1 290.5461934776197 175.87372840747537 333.7616419456865 273.2910854842783 -1 -1 -1 -1000 -1000 -1000 -10
232 6370 car 0 0 -1 511.94169752212366 179.96442217017014 547.1109780065569 199.0574443431041 -1 -1 -1 -1000 -1000 -1000 -10
232 6363 car 0 0 -1 981.7510189098734 169.80284504200128 1114.3487170082808 204.2179812735961 -1 -1 -1 -1000 -1000 -1000 -10
232 6345 pedestrian 0 0 -1 290.549313830829 175.86051622110523 333.76562629734127 273.2983592431159 -1 -1 -1 -1000 -1000 -1000 -10
