0 6371 car 0 0 -1 885.0 188.0 1241.0 376.0 -1 -1 -1 -1000 -1000 -1000 -10
1 6371 car 0 0 -1 874.951448877462 189.27713713360544 1237.6817169516821 376.6324106050876 -1 -1 -1 -1000 -1000 -1000 -10
2 6371 car 0 0 -1 863.4344243190345 188.94365800187998 1235.3664222006898 377.15274019030903 -1 -1 -1 -1000 -1000 -1000 -10
3 6371 car 0 0 -1 852.1953675266175 189.06158353089268 1233.964414490156 377.85653677156745 -1 -1 -1 -1000 -1000 -1000 -10
4 6371 car 0 0 -1 844.3962181218044 189.43230752205068 1234.2204058224193 377.68895034491936 -1 -1 -1 -1000 -1000 -1000 -10
5 6371 car 0 0 -1 833.7496385651832 188.71959501238797 1233.5142282376685 376.9700573645351 -1 -1 -1 -1000 -1000 -1000 -10
6 6372 car 0 0 -1 248.56571952341562 171.74409495629388 317.0094951807524 203.94870201365185 -1 -1 -1 -1000 -1000 -1000 -10
6 6371 car 0 0 -1 822.7818052010094 187.90165714669266 1232.639531737634 376.5820844369732 -1 -1 -1 -1000 -1000 -1000 -10
7 6372 car 0 0 -1 237.1792973235872 172.5241784029947 306.67844556918317 205.22674879139512 -1 -1 -1 -1000 -1000 -1000 -10
7 6371 car 0 0 -1 813.7875788532872 188.40457615225745 1233.7941972191538 377.7369495895561 -1 -1 -1 -1000 -1000 -1000 -10
8 6372 car 0 0 -1 226.98231129230118 172.63090927529447 298.0439449728213 205.63744676839212 -1 -1 -1 -1000 -1000 -1000 -10
8 6371 car 0 0 -1 802.0396979781303 189.18888781120273 1217.302544976401 377.55682854734056 -1 -1 -1 -1000 -1000 -1000 -10
9 6372 car 0 0 -1 214.9088981073634 173.8248399083114 282.79804327523055 205.27708061914808 -1 -1 -1 -1000 -1000 -1000 -10
9 6371 car 0 0 -1 788.8123597558965 189.4125109313311 1194.4218083826138 376.8792510898543 -1 -1 -1 -1000 -1000 -1000 -10
10 6372 car 0 0 -1 206.0338675251383 171.01902405408651 283.179472253681 204.76751380139956 -1 -1 -1 -1000 -1000 -1000 -10
10 6371 car 0 0 -1 775.8653452998876 189.7166802833486 1165.9052293089733 374.4075338325979 -1 -1 -1 -1000 -1000 -1000 -10
11 6372 car 0 0 -1 196.01779215084719 168.08282082949003 279.88195319606723 203.73657020528847 -1 -1 -1 -1000 -1000 -1000 -10
11 6371 car 0 0 -1 765.3985580903882 188.10625717090846 1134.4221097243712 367.29116282264357 -1 -1 -1 -1000 -1000 -1000 -10
12 6372 car 0 0 -1 190.06839824619829 169.35110875408404 276.2288786257308 205.12557320808727 -1 -1 -1 -1000 -1000 -1000 -10
12 6371 car 0 0 -1 758.4783010360256 187.73772122673105 1104.593901237801 361.1284905126179 -1 -1 -1 -1000 -1000 -1000 -10
13 6372 car 0 0 -1 176.76395247126771 168.91999269133365 270.466317834649 206.54574163613663 -1 -1 -1 -1000 -1000 -1000 -10
13 6371 car 0 0 -1 755.2700605483759 186.9675816313749 1080.9097254035146 354.26028537833923 -1 -1 -1 -1000 -1000 -1000 -10
14 6373 car 0 0 -1 158.29236127038075 178.62264093860324 230.12553844029463 212.57333457929258 -1 -1 -1 -1000 -1000 -1000 -10
14 6371 car 0 0 -1 751.0702792840821 184.88110121373268 1057.3930112199935 343.77133133419386 -1 -1 -1 -1000 -1000 -1000 -10
15 6373 car 0 0 -1 143.59419052960794 181.69627645827845 219.36866325453076 217.05663942526783 -1 -1 -1 -1000 -1000 -1000 -10
15 6371 car 0 0 -1 746.9556153110332 184.22227013888886 1038.028322268183 337.1528199658133 -1 -1 -1 -1000 -1000 -1000 -10
16 6373 car 0 0 -1 129.7982684522273 182.32042734017344 207.29593419742284 218.20128231771847 -1 -1 -1 -1000 -1000 -1000 -10
16 6371 car 0 0 -1 744.6230407704995 183.88742381314194 1019.126878479834 330.2903914446831 -1 -1 -1 -1000 -1000 -1000 -10
17 6374 car 0 0 -1 170.64164361111716 176.21538522096813 243.50242167449278 211.5256108450733 -1 -1 -1 -1000 -1000 -1000 -10
17 6373 car 0 0 -1 113.65224435435108 181.14965239838335 195.99511707829123 218.89167768039056 -1 -1 -1 -1000 -1000 -1000 -10
17 6371 car 0 0 -1 740.5062945377617 182.37534489494624 999.635565826201 322.7170725670949 -1 -1 -1 -1000 -1000 -1000 -10
18 6374 car 0 0 -1 161.4663827405172 175.43180905223306 233.90812871710142 211.04600299628095 -1 -1 -1 -1000 -1000 -1000 -10
18 6373 car 0 0 -1 96.89521912123325 181.7088137291576 182.7099975140577 220.08240611887072 -1 -1 -1 -1000 -1000 -1000 -10
18 6371 car 0 0 -1 736.9603417893658 181.44253073084917 981.8838164326659 315.78923847223496 -1 -1 -1 -1000 -1000 -1000 -10
19 6374 car 0 0 -1 151.87808535900254 174.54576403426674 222.9306196722251 211.55066108886817 -1 -1 -1 -1000 -1000 -1000 -10
19 6373 car 0 0 -1 78.05853720382065 182.58058874633173 167.91236784152488 221.7472574631803 -1 -1 -1 -1000 -1000 -1000 -10
19 6371 car 0 0 -1 735.2924938075641 181.54475546733096 965.686669188656 310.2212487783814 -1 -1 -1 -1000 -1000 -1000 -10
20 6374 car 0 0 -1 139.04248938466608 172.65214712682985 211.09573635081742 212.5950062348079 -1 -1 -1 -1000 -1000 -1000 -10
20 6373 car 0 0 -1 57.298705004648255 183.2917051714934 153.1704379814717 224.54009834159115 -1 -1 -1 -1000 -1000 -1000 -10
20 6371 car 0 0 -1 731.8060578723348 180.90730927802758 953.2386001416985 305.66544643264433 -1 -1 -1 -1000 -1000 -1000 -10
21 6374 car 0 0 -1 125.97811312151637 174.11572962846415 199.00669003918475 215.81991349050222 -1 -1 -1 -1000 -1000 -1000 -10
21 6373 car 0 0 -1 35.72976260252987 184.49692984616127 138.63678968987185 227.1849617052332 -1 -1 -1 -1000 -1000 -1000 -10
21 6371 car 0 0 -1 727.3558358486091 180.72125803122924 939.28383064322 301.40172043544317 -1 -1 -1 -1000 -1000 -1000 -10
22 6374 car 0 0 -1 109.13643435962081 176.26171838324814 185.0650847727598 219.47583658869627 -1 -1 -1 -1000 -1000 -1000 -10
22 6373 car 0 0 -1 12.532693629306024 187.4039224080277 120.91218430259075 232.2406600425079 -1 -1 -1 -1000 -1000 -1000 -10
22 6371 car 0 0 -1 723.780192247188 181.54888206307976 926.6938706750408 298.3183813990011 -1 -1 -1 -1000 -1000 -1000 -10
23 6374 car 0 0 -1 98.17420907788076 170.44165868805976 199.43560966924676 223.26331526779364 -1 -1 -1 -1000 -1000 -1000 -10
23 6373 car 0 0 -1 -3.270907660617084 188.15757780190688 105.96474684765165 235.00039246978002 -1 -1 -1 -1000 -1000 -1000 -10
23 6371 car 0 0 -1 720.325787086496 181.91517621263932 915.4604435483046 294.61888083524207 -1 -1 -1 -1000 -1000 -1000 -10
24 6374 car 0 0 -1 69.39313810231317 175.60355479767156 168.48275811184877 226.03652484626053 -1 -1 -1 -1000 -1000 -1000 -10
24 6373 car 0 0 -1 -13.12643710418294 187.50835032047678 88.20256073091662 235.53807111812705 -1 -1 -1 -1000 -1000 -1000 -10
24 6371 car 0 0 -1 715.8353970620653 181.66534099551524 902.6377074717427 290.48917344513364 -1 -1 -1 -1000 -1000 -1000 -10
25 6376 car 0 0 -1 1088.0439870843115 184.13621772223004 1232.2775156053158 381.0655840600301 -1 -1 -1 -1000 -1000 -1000 -10
25 6374 car 0 0 -1 28.576614442527294 173.57322820662353 138.71151803598147 226.29814878242445 -1 -1 -1 -1000 -1000 -1000 -10
25 6373 car 0 0 -1 -14.60961727285374 186.18702341820307 82.1445949124072 236.06192297185999 -1 -1 -1 -1000 -1000 -1000 -10
25 6371 car 0 0 -1 712.7673058584224 181.15419214661074 890.5609280880079 286.22301815949277 -1 -1 -1 -1000 -1000 -1000 -10
26 6376 car 0 0 -1 1058.601819699772 172.1197736749176 1230.4666809431233 383.75541474323495 -1 -1 -1 -1000 -1000 -1000 -10
26 6374 car 0 0 -1 9.184836289971948 176.6233697101917 120.11908341610268 228.47063692897405 -1 -1 -1 -1000 -1000 -1000 -10
26 6371 car 0 0 -1 709.8870846178257 181.43795494063482 878.479834878846 282.27918480594855 -1 -1 -1 -1000 -1000 -1000 -10
27 6376 car 0 0 -1 1029.4836969935743 154.4215375304405 1229.8620920889364 383.515097395621 -1 -1 -1 -1000 -1000 -1000 -10
27 6374 car 0 0 -1 -5.97808666746937 179.9541790153045 100.97921453764553 230.9800823103117 -1 -1 -1 -1000 -1000 -1000 -10
27 6371 car 0 0 -1 706.3729089785411 181.38077535012764 866.4621771746044 278.467816313206 -1 -1 -1 -1000 -1000 -1000 -10
28 6376 car 0 0 -1 1003.6211185803228 150.53195646573073 1228.6859322556684 385.0132176523612 -1 -1 -1 -1000 -1000 -1000 -10
28 6374 car 0 0 -1 -14.838811205943323 182.55003531487716 81.50289974394352 233.13105221198606 -1 -1 -1 -1000 -1000 -1000 -10
28 6371 car 0 0 -1 702.219114652352 181.36108786188913 856.7592354847283 275.8046907386359 -1 -1 -1 -1000 -1000 -1000 -10
29 6376 car 0 0 -1 986.0152312456122 149.71528235265728 1229.999079795683 385.42057368638154 -1 -1 -1 -1000 -1000 -1000 -10
29 6374 car 0 0 -1 -19.73079204666625 184.01707606451936 62.23855784603762 234.04012645410415 -1 -1 -1 -1000 -1000 -1000 -10
29 6371 car 0 0 -1 697.080064348208 181.6187723993125 846.1441928581949 272.68228558202287 -1 -1 -1 -1000 -1000 -1000 -10
30 6376 car 0 0 -1 966.8094203153806 150.36340900877497 1229.4570602259623 385.6238573740353 -1 -1 -1 -1000 -1000 -1000 -10
30 6371 car 0 0 -1 692.5050799784639 181.5402268809588 835.5011927234351 269.8257113801413 -1 -1 -1 -1000 -1000 -1000 -10
31 6376 car 0 0 -1 947.1384128684172 150.0893416082626 1229.445748189567 385.75084463752415 -1 -1 -1 -1000 -1000 -1000 -10
31 6371 car 0 0 -1 686.8512895402089 181.06461497923334 824.2433226879339 266.7072543326174 -1 -1 -1 -1000 -1000 -1000 -10
32 6376 car 0 0 -1 926.7812333999133 151.2018184726554 1229.420750791528 385.42754916005697 -1 -1 -1 -1000 -1000 -1000 -10
32 6371 car 0 0 -1 681.6156291437931 180.40785646215681 813.1807526485986 263.5184941768116 -1 -1 -1 -1000 -1000 -1000 -10
33 6376 car 0 0 -1 909.0780026489188 152.05023926129724 1229.7801450714956 384.3409267641352 -1 -1 -1 -1000 -1000 -1000 -10
33 6371 car 0 0 -1 675.6561114217785 180.1200107291378 801.8123327043435 260.4952363266942 -1 -1 -1 -1000 -1000 -1000 -10
34 6376 car 0 0 -1 888.9005742430497 152.7142331273806 1229.0755433638744 383.0357504062408 -1 -1 -1 -1000 -1000 -1000 -10
34 6371 car 0 0 -1 669.8111281405318 180.1820988063074 790.5649617766537 257.9552895516643 -1 -1 -1 -1000 -1000 -1000 -10
35 6376 car 0 0 -1 868.4757472763564 151.7748028948816 1228.5988670046727 381.2017739911435 -1 -1 -1 -1000 -1000 -1000 -10
35 6371 car 0 0 -1 663.8962909301059 179.7292362668455 780.1050467755027 254.98777790974398 -1 -1 -1 -1000 -1000 -1000 -10
36 6376 car 0 0 -1 850.8271092844045 152.27886585630046 1229.2445135543087 380.3874984104786 -1 -1 -1 -1000 -1000 -1000 -10
36 6371 car 0 0 -1 657.4466121112825 179.33545696789935 769.1929163156958 251.6014879731781 -1 -1 -1 -1000 -1000 -1000 -10
37 6376 car 0 0 -1 830.5864908753782 152.4616244958288 1228.7268973436153 380.1600283197208 -1 -1 -1 -1000 -1000 -1000 -10
37 6371 car 0 0 -1 650.6317598280189 179.2970796969601 757.6392138058784 249.60944761186533 -1 -1 -1 -1000 -1000 -1000 -10
38 6376 car 0 0 -1 809.4754719927895 152.954890050159 1223.1289703394514 380.3596380147654 -1 -1 -1 -1000 -1000 -1000 -10
38 6371 car 0 0 -1 643.5888254135546 178.86212876892625 746.5576030106229 247.4229104303913 -1 -1 -1 -1000 -1000 -1000 -10
39 6376 car 0 0 -1 781.6660233198089 155.4362633784642 1192.9666309163065 380.77484816430285 -1 -1 -1 -1000 -1000 -1000 -10
39 6371 car 0 0 -1 635.812053478869 178.71171867876225 735.6737527056158 245.98249931417158 -1 -1 -1 -1000 -1000 -1000 -10
40 6376 car 0 0 -1 754.4187612678198 159.60499694910692 1154.380885548921 382.25146625433166 -1 -1 -1 -1000 -1000 -1000 -10
40 6371 car 0 0 -1 629.196544410531 178.10454628727558 725.9361514829252 244.13466223386132 -1 -1 -1 -1000 -1000 -1000 -10
41 6376 car 0 0 -1 731.82614710527 162.1746962128717 1114.6881360465954 381.21451295444706 -1 -1 -1 -1000 -1000 -1000 -10
41 6371 car 0 0 -1 622.3968209482196 178.5699131636756 716.0057989083332 243.39541926151003 -1 -1 -1 -1000 -1000 -1000 -10
42 6376 car 0 0 -1 712.5770994624368 161.4309836559372 1077.5613429158905 374.8806175822531 -1 -1 -1 -1000 -1000 -1000 -10
42 6371 car 0 0 -1 615.2391304740081 179.71487623832505 706.2883687272017 242.80711220078976 -1 -1 -1 -1000 -1000 -1000 -10
43 6376 car 0 0 -1 695.1482174974126 161.40478034653356 1040.2744299164858 368.4091116752195 -1 -1 -1 -1000 -1000 -1000 -10
43 6371 car 0 0 -1 608.3183170176173 179.4017933207241 696.9050236824037 241.4823717150361 -1 -1 -1 -1000 -1000 -1000 -10
44 6376 car 0 0 -1 679.5095167804035 160.50338089306194 1002.5109830165583 360.49027267904717 -1 -1 -1 -1000 -1000 -1000 -10
44 6371 car 0 0 -1 602.5315838790939 179.57912284856496 688.485688465634 240.08347062177722 -1 -1 -1 -1000 -1000 -1000 -10
45 6376 car 0 0 -1 666.3956437070444 160.11728069287167 967.2178865739968 351.82283877935413 -1 -1 -1 -1000 -1000 -1000 -10
45 6371 car 0 0 -1 596.4193056000147 179.31968542176745 679.3096023941844 238.6523165644205 -1 -1 -1 -1000 -1000 -1000 -10
46 6376 car 0 0 -1 655.5328800344552 159.56496107965057 934.7773512485904 343.87998861198207 -1 -1 -1 -1000 -1000 -1000 -10
46 6371 car 0 0 -1 591.8497699060742 179.27587816552042 671.9368597635535 237.45265966379716 -1 -1 -1 -1000 -1000 -1000 -10
47 6376 car 0 0 -1 646.1858253348067 161.0754764681564 905.9523713844534 337.2720871892553 -1 -1 -1 -1000 -1000 -1000 -10
47 6371 car 0 0 -1 585.940149237651 180.3851275635064 663.4191196862807 237.14948270231372 -1 -1 -1 -1000 -1000 -1000 -10
48 6376 car 0 0 -1 636.1893449830761 164.06183486646805 878.4649489099318 332.3880669684464 -1 -1 -1 -1000 -1000 -1000 -10
48 6371 car 0 0 -1 581.3581006975229 181.8060132589042 656.3821995650811 236.6889850467946 -1 -1 -1 -1000 -1000 -1000 -10
49 6376 car 0 0 -1 629.4971935424519 164.16872625426456 854.9116691674953 324.6271642104059 -1 -1 -1 -1000 -1000 -1000 -10
49 6371 car 0 0 -1 577.4541247723392 181.1756423824015 650.3627990794504 235.20620221555848 -1 -1 -1 -1000 -1000 -1000 -10
50 6376 car 0 0 -1 622.5833252716981 163.38758151963344 832.4310533028168 316.2014681830311 -1 -1 -1 -1000 -1000 -1000 -10
50 6371 car 0 0 -1 573.5544247428868 179.49788110515829 644.3574160289047 232.34539535001647 -1 -1 -1 -1000 -1000 -1000 -10
51 6376 car 0 0 -1 615.8703712278921 162.88082217138452 811.966273981438 308.18194382132896 -1 -1 -1 -1000 -1000 -1000 -10
51 6371 car 0 0 -1 568.9237764724147 178.1128165270009 638.4614615125787 229.51840204092682 -1 -1 -1 -1000 -1000 -1000 -10
52 6376 car 0 0 -1 610.6782600109844 162.3387504943335 793.9788434534579 301.0942805584182 -1 -1 -1 -1000 -1000 -1000 -10
52 6371 car 0 0 -1 565.4024799874287 177.67454465702332 633.7195524935253 227.746722635004 -1 -1 -1 -1000 -1000 -1000 -10
53 6376 car 0 0 -1 604.7422642452169 162.3327695859933 776.3536399603089 294.44757350393695 -1 -1 -1 -1000 -1000 -1000 -10
53 6371 car 0 0 -1 561.6616989619321 176.85000775957295 628.8070767288422 226.4996266947244 -1 -1 -1 -1000 -1000 -1000 -10
54 6376 car 0 0 -1 600.8415907783061 164.88876388521487 761.5886323667968 290.0321812710071 -1 -1 -1 -1000 -1000 -1000 -10
54 6371 car 0 0 -1 558.2792348936279 177.07480684293583 624.0103045569141 226.1319969602168 -1 -1 -1 -1000 -1000 -1000 -10
55 6376 car 0 0 -1 595.1853606093848 167.04622041631055 746.6486791102304 286.57914298663263 -1 -1 -1 -1000 -1000 -1000 -10
55 6371 car 0 0 -1 555.2460230368648 179.08545771658547 619.6679954692121 226.58985255077008 -1 -1 -1 -1000 -1000 -1000 -10
56 6376 car 0 0 -1 589.2427351487994 169.1414937176032 731.880447020391 282.77108571147414 -1 -1 -1 -1000 -1000 -1000 -10
56 6371 car 0 0 -1 552.9646694958899 181.2118889469177 616.1283646773093 227.30213399666 -1 -1 -1 -1000 -1000 -1000 -10
57 6376 car 0 0 -1 584.156324500296 170.43186489422246 721.2438162657631 280.2375502653724 -1 -1 -1 -1000 -1000 -1000 -10
57 6371 car 0 0 -1 550.7835934334723 181.83015709863093 612.4539897853952 227.16230659762266 -1 -1 -1 -1000 -1000 -1000 -10
58 6376 car 0 0 -1 580.7457623077572 170.19304821994237 711.4518135938016 276.89228543283787 -1 -1 -1 -1000 -1000 -1000 -10
58 6371 car 0 0 -1 549.4731178056431 182.4878029510723 609.7679366483849 226.70623193911047 -1 -1 -1 -1000 -1000 -1000 -10
59 6376 car 0 0 -1 579.9623918924908 170.41972878315298 703.7578782632966 273.4475505618224 -1 -1 -1 -1000 -1000 -1000 -10
59 6371 car 0 0 -1 548.475552368131 182.14721764508994 607.4756382441467 225.26760648966848 -1 -1 -1 -1000 -1000 -1000 -10
60 6376 car 0 0 -1 576.4767597259608 170.87939367047417 694.8941763813996 270.5382445479313 -1 -1 -1 -1000 -1000 -1000 -10
60 6371 car 0 0 -1 548.8298704463306 182.22055154305124 606.5970011946087 224.53274287674154 -1 -1 -1 -1000 -1000 -1000 -10
61 6376 car 0 0 -1 574.3719219142667 172.32404293974017 686.9348037318534 267.5651241333047 -1 -1 -1 -1000 -1000 -1000 -10
61 6371 car 0 0 -1 547.5657421339731 183.74616413954703 602.7679747199297 224.64556741309912 -1 -1 -1 -1000 -1000 -1000 -10
62 6376 car 0 0 -1 573.2929929033904 173.52571084865147 680.0673338692194 265.1853355074245 -1 -1 -1 -1000 -1000 -1000 -10
62 6371 car 0 0 -1 546.7014144829916 184.14419350320398 599.9149840365485 224.26523859632928 -1 -1 -1 -1000 -1000 -1000 -10
63 6376 car 0 0 -1 569.9462676259209 174.50530557677678 671.8679336974765 263.16015934511495 -1 -1 -1 -1000 -1000 -1000 -10
63 6371 car 0 0 -1 545.4473600570683 184.88393781221063 596.1014067250732 224.17264985488814 -1 -1 -1 -1000 -1000 -1000 -10
64 6376 car 0 0 -1 565.2759196337454 173.5793915554753 663.6106886280302 259.9506990727337 -1 -1 -1 -1000 -1000 -1000 -10
65 6381 car 0 0 -1 547.0239235238733 187.10424591787825 598.7471816382034 224.9583591805981 -1 -1 -1 -1000 -1000 -1000 -10
65 6376 car 0 0 -1 563.1077625632759 174.11402466777537 657.9656999200708 258.4956289680733 -1 -1 -1 -1000 -1000 -1000 -10
66 6381 car 0 0 -1 542.780124759029 190.31495462804966 591.4224884534516 226.3626620275784 -1 -1 -1 -1000 -1000 -1000 -10
66 6376 car 0 0 -1 560.7154334994182 177.57404824959602 651.3504938544111 259.1050088065731 -1 -1 -1 -1000 -1000 -1000 -10
67 6381 car 0 0 -1 541.8852658548298 190.13879041384897 592.4405555963132 227.73781344850764 -1 -1 -1 -1000 -1000 -1000 -10
67 6376 car 0 0 -1 557.9935690967814 180.24974982725357 645.2286169676577 259.8908819710517 -1 -1 -1 -1000 -1000 -1000 -10
68 6381 car 0 0 -1 541.5696385643716 187.81804696825327 593.2941521268413 226.65386092046975 -1 -1 -1 -1000 -1000 -1000 -10
68 6376 car 0 0 -1 555.6145239340884 180.30217317390398 640.0731232788713 257.4229504695146 -1 -1 -1 -1000 -1000 -1000 -10
69 6381 car 0 0 -1 540.4037092910103 183.64114839817384 592.8629529641776 222.51843612684567 -1 -1 -1 -1000 -1000 -1000 -10
69 6376 car 0 0 -1 552.5474722065192 176.81288964964415 635.4712304994553 252.4934338976219 -1 -1 -1 -1000 -1000 -1000 -10
70 6381 car 0 0 -1 536.0229048791513 180.34876818660356 587.9699461323074 219.3805461012282 -1 -1 -1 -1000 -1000 -1000 -10
70 6376 car 0 0 -1 550.6096384409941 173.2425159819233 631.5618153591986 247.862419542344 -1 -1 -1 -1000 -1000 -1000 -10
71 6381 car 0 0 -1 536.5636490547308 179.20951539623923 584.946600871632 217.53969077475955 -1 -1 -1 -1000 -1000 -1000 -10
71 6376 car 0 0 -1 547.9856121998877 172.36418410824916 627.7741078020025 245.63519122321895 -1 -1 -1 -1000 -1000 -1000 -10
72 6381 car 0 0 -1 538.3923829644941 179.03621803863876 585.0839951018836 217.34148396030014 -1 -1 -1 -1000 -1000 -1000 -10
72 6376 car 0 0 -1 545.8642949639684 173.35741898999532 624.5143839654397 245.35974362895792 -1 -1 -1 -1000 -1000 -1000 -10
73 6376 car 0 0 -1 544.031714445116 174.5977297004976 620.7270029949309 245.66912009414028 -1 -1 -1 -1000 -1000 -1000 -10
74 6376 car 0 0 -1 542.6876164884226 175.52917941437454 618.2317944324851 245.35169361750962 -1 -1 -1 -1000 -1000 -1000 -10
75 6376 car 0 0 -1 541.9436247795096 175.76382465382255 615.8101227183346 244.12145621658664 -1 -1 -1 -1000 -1000 -1000 -10
76 6382 car 0 0 -1 261.08193623085924 163.75955421951548 317.27061016342736 199.44878979655093 -1 -1 -1 -1000 -1000 -1000 -10
76 6376 car 0 0 -1 542.2176785731136 175.8513544263081 615.1240011371525 243.6745939340479 -1 -1 -1 -1000 -1000 -1000 -10
77 6382 car 0 0 -1 251.11395446948197 162.8435952667391 308.9557069029554 200.2522840977124 -1 -1 -1 -1000 -1000 -1000 -10
77 6376 car 0 0 -1 542.8507700836753 175.81677937022684 614.4981822479863 242.96658310953595 -1 -1 -1 -1000 -1000 -1000 -10
78 6383 car 0 0 -1 17.574682437488185 175.57484288045862 122.69861998490353 214.41615289279798 -1 -1 -1 -1000 -1000 -1000 -10
78 6382 car 0 0 -1 237.46426006340965 162.55493286672663 297.8066095616418 201.83779660111117 -1 -1 -1 -1000 -1000 -1000 -10
78 6376 car 0 0 -1 542.4896581945708 175.75693634726414 613.7700129312697 242.13701386700743 -1 -1 -1 -1000 -1000 -1000 -10
79 6384 car 0 0 -1 219.54434240386811 160.93828503923368 285.3735578923759 204.74550770397002 -1 -1 -1 -1000 -1000 -1000 -10
79 6383 car 0 0 -1 2.802137833971159 175.74716632295596 111.19822164060047 215.26141929556016 -1 -1 -1 -1000 -1000 -1000 -10
79 6382 DontCare 0 0 -1 221.5474725656278 161.74414566888646 285.91892209360776 203.12486429578507 -1 -1 -1 -1000 -1000 -1000 -10
79 6376 car 0 0 -1 543.2226841132798 175.70460250011132 613.3992198587324 241.24341952339125 -1 -1 -1 -1000 -1000 -1000 -10
80 6384 DontCare 0 0 -1 200.80126250585496 157.54604694703735 274.92941642652653 205.40785984815037 -1 -1 -1 -1000 -1000 -1000 -10
80 6383 car 0 0 -1 -5.009955406747963 174.91143456288205 99.89934087986859 214.78239261025777 -1 -1 -1 -1000 -1000 -1000 -10
80 6376 car 0 0 -1 542.793865871371 175.94476073430056 611.6136661246205 240.0353284614222 -1 -1 -1 -1000 -1000 -1000 -10
81 6384 DontCare 0 0 -1 178.87326759253912 155.2289451528261 259.94771049327903 206.91619598886757 -1 -1 -1 -1000 -1000 -1000 -10
81 6383 car 0 0 -1 -8.644450061587811 175.13022562327347 88.47535717874152 214.84963546859643 -1 -1 -1 -1000 -1000 -1000 -10
81 6376 car 0 0 -1 543.7767959063201 175.671481444029 609.9278762465069 238.706953907435 -1 -1 -1 -1000 -1000 -1000 -10
82 6384 DontCare 0 0 -1 153.56624668187982 153.1632642512473 243.47252362331653 209.48043362275115 -1 -1 -1 -1000 -1000 -1000 -10
82 6383 car 0 0 -1 -10.6091447818728 176.0880662444505 75.08328291936043 214.6865091509951 -1 -1 -1 -1000 -1000 -1000 -10
82 6382 car 0 0 -1 159.26000820180275 155.7241948077773 243.09924629987972 207.8661950011655 -1 -1 -1 -1000 -1000 -1000 -10
82 6376 car 0 0 -1 545.5877481498864 176.66448213854613 609.2359762792051 238.36934446972185 -1 -1 -1 -1000 -1000 -1000 -10
83 6384 car 0 0 -1 124.59991852898969 151.43622974036597 223.6487410790955 211.3939908709947 -1 -1 -1 -1000 -1000 -1000 -10
83 6382 DontCare 0 0 -1 130.8797381429722 154.1075506013753 223.87743341621905 209.77666284541812 -1 -1 -1 -1000 -1000 -1000 -10
83 6376 car 0 0 -1 547.4023183134129 177.4006257427551 609.2311117182139 237.2754332385823 -1 -1 -1 -1000 -1000 -1000 -10
84 6385 car 0 0 -1 -2.414583296378911 174.05891006215793 38.94741931312578 216.25729719463763 -1 -1 -1 -1000 -1000 -1000 -10
84 6384 DontCare 0 0 -1 91.0739442724956 149.10610603627083 201.38657124861837 213.7983997861948 -1 -1 -1 -1000 -1000 -1000 -10
84 6376 car 0 0 -1 550.3666091668175 178.82054155179327 610.8337276736935 237.60880321817393 -1 -1 -1 -1000 -1000 -1000 -10
85 6384 DontCare 0 0 -1 50.468586605517764 146.25931818284278 174.43840170944077 215.99674725965212 -1 -1 -1 -1000 -1000 -1000 -10
85 6376 car 0 0 -1 551.8720417404294 178.77041855812496 612.4448164526813 236.47042754938775 -1 -1 -1 -1000 -1000 -1000 -10
86 6384 DontCare 0 0 -1 10.100503337231245 143.41292683417382 143.9475863169634 217.2671138571175 -1 -1 -1 -1000 -1000 -1000 -10
86 6382 car 0 0 -1 18.184267718914178 144.78130257150167 144.06515999047292 216.1713673027346 -1 -1 -1 -1000 -1000 -1000 -10
86 6376 car 0 0 -1 551.8613902382706 177.81661094246758 612.5162376170565 233.86366126296755 -1 -1 -1 -1000 -1000 -1000 -10
87 6382 DontCare 0 0 -1 -4.989735404165458 141.19359274336878 115.45373078063669 215.88841446492202 -1 -1 -1 -1000 -1000 -1000 -10
87 6376 car 0 0 -1 553.2647882195117 177.09970364201175 613.1245798426683 231.98741602246812 -1 -1 -1 -1000 -1000 -1000 -10
88 6382 DontCare 0 0 -1 -20.23765690802722 140.73332409144547 82.31738702234031 217.4583412102071 -1 -1 -1 -1000 -1000 -1000 -10
88 6376 car 0 0 -1 553.0991020200469 176.86602083265947 612.9220441916219 230.62149097468605 -1 -1 -1 -1000 -1000 -1000 -10
89 6376 car 0 0 -1 553.5517541538304 176.34783486975172 613.0614334357856 229.29515861381194 -1 -1 -1 -1000 -1000 -1000 -10
90 6376 car 0 0 -1 554.9082112953284 176.74753267358352 613.9082683568248 228.82929942081864 -1 -1 -1 -1000 -1000 -1000 -10
91 6376 car 0 0 -1 556.6416442783517 176.4327191019422 614.9898241288153 227.8848161767056 -1 -1 -1 -1000 -1000 -1000 -10
92 6376 car 0 0 -1 557.5700474144309 177.50544727820787 614.6112625832506 228.2161425374583 -1 -1 -1 -1000 -1000 -1000 -10
93 6376 car 0 0 -1 558.376032765009 178.5031873897079 614.7348220384628 228.39126733483695 -1 -1 -1 -1000 -1000 -1000 -10
94 6376 car 0 0 -1 558.6734184867196 178.5865129754772 614.2618000644247 228.14467444291398 -1 -1 -1 -1000 -1000 -1000 -10
95 6376 car 0 0 -1 558.334307497752 176.3638153094077 613.3771607861433 225.95215616990907 -1 -1 -1 -1000 -1000 -1000 -10
96 6376 car 0 0 -1 557.883228811395 174.4361046917409 612.8255026608214 224.33549407627177 -1 -1 -1 -1000 -1000 -1000 -10
97 6376 car 0 0 -1 558.0524489745075 172.8606451623637 612.3591308926185 222.69927780484835 -1 -1 -1 -1000 -1000 -1000 -10
98 6376 car 0 0 -1 558.8953129910088 172.09770190305647 612.7330035610188 221.62442663832024 -1 -1 -1 -1000 -1000 -1000 -10
99 6376 car 0 0 -1 558.6165575811012 174.17788778567606 612.9343220829319 223.217291482867 -1 -1 -1 -1000 -1000 -1000 -10
100 6376 car 0 0 -1 559.9168922056814 176.14227636345115 612.9299563999995 224.53651824693875 -1 -1 -1 -1000 -1000 -1000 -10
101 6387 car 0 0 -1 252.04264253012465 172.44396113231693 313.44061367682184 195.53872484098036 -1 -1 -1 -1000 -1000 -1000 -10
101 6376 car 0 0 -1 561.3022186547502 177.01474741903073 613.3628296563764 224.92877328230682 -1 -1 -1 -1000 -1000 -1000 -10
102 6387 car 0 0 -1 244.47354040208475 173.2779747625926 301.8617548675761 196.4251112253285 -1 -1 -1 -1000 -1000 -1000 -10
102 6376 car 0 0 -1 561.8621412442741 178.51063570608682 612.9490646019946 225.79555377816865 -1 -1 -1 -1000 -1000 -1000 -10
103 6387 car 0 0 -1 236.9853139004459 175.18773495787286 294.3571428504038 199.28871852766423 -1 -1 -1 -1000 -1000 -1000 -10
103 6376 car 0 0 -1 561.8328580794036 179.19589171813422 612.4841538440724 226.0225691426281 -1 -1 -1 -1000 -1000 -1000 -10
104 6387 car 0 0 -1 227.7322441484725 177.6251062122511 279.6957384181796 201.2536364545525 -1 -1 -1 -1000 -1000 -1000 -10
104 6376 car 0 0 -1 562.5548626725026 178.9177391649471 612.8906099013914 225.41286012998293 -1 -1 -1 -1000 -1000 -1000 -10
105 6376 car 0 0 -1 563.6423555253173 178.88493015679256 612.9264189357548 225.1161114704837 -1 -1 -1 -1000 -1000 -1000 -10
106 6376 car 0 0 -1 565.1701167716791 177.6877318176998 613.141047525712 223.70533825826234 -1 -1 -1 -1000 -1000 -1000 -10
107 6376 car 0 0 -1 566.6399418803401 177.09390439855002 613.648215936814 222.68962677191558 -1 -1 -1 -1000 -1000 -1000 -10
108 6376 car 0 0 -1 568.0267448071501 177.2197086239816 614.3262301525857 221.958251550098 -1 -1 -1 -1000 -1000 -1000 -10
109 6387 car 0 0 -1 181.80723222482465 175.8089037340596 239.6039448048527 202.3941470944449 -1 -1 -1 -1000 -1000 -1000 -10
109 6376 car 0 0 -1 568.7104833194685 176.35051720828986 614.4937551907219 220.73703587477175 -1 -1 -1 -1000 -1000 -1000 -10
110 6387 car 0 0 -1 170.00442571903577 175.55545763488007 230.712906942668 202.9162027102495 -1 -1 -1 -1000 -1000 -1000 -10
110 6376 car 0 0 -1 569.538973941044 176.08807363179844 614.6742266476384 220.20999168989366 -1 -1 -1 -1000 -1000 -1000 -10
111 6387 car 0 0 -1 154.8812770147339 175.92951325526596 220.9747223954789 203.9189912452749 -1 -1 -1 -1000 -1000 -1000 -10
111 6376 car 0 0 -1 571.0715090169824 176.4882317817409 615.4545617675476 220.13959600420773 -1 -1 -1 -1000 -1000 -1000 -10
112 6391 car 0 0 -1 206.96867565498331 178.50940895495495 261.3959516678183 204.03659928138484 -1 -1 -1 -1000 -1000 -1000 -10
112 6387 car 0 0 -1 140.64494605277946 177.4650394822299 210.09252246635236 206.11284444489164 -1 -1 -1 -1000 -1000 -1000 -10
112 6376 car 0 0 -1 571.8190276841048 177.7985160988995 615.6486583235509 220.83133314913468 -1 -1 -1 -1000 -1000 -1000 -10
113 6392 car 0 0 -1 251.7410794557985 180.36711933931215 293.00256374108767 202.51847401501308 -1 -1 -1 -1000 -1000 -1000 -10
113 6391 car 0 0 -1 195.1163338251738 180.26075926448377 253.64346953844932 206.95375384859986 -1 -1 -1 -1000 -1000 -1000 -10
113 6387 car 0 0 -1 127.23194227346598 179.24475342699733 198.9531034721213 208.2963919504405 -1 -1 -1 -1000 -1000 -1000 -10
113 6376 car 0 0 -1 572.0554729754786 179.036060053516 615.206311954908 221.61153021252477 -1 -1 -1 -1000 -1000 -1000 -10
114 6392 car 0 0 -1 238.3561425963846 179.400908652116 285.6447558610907 203.86876999421034 -1 -1 -1 -1000 -1000 -1000 -10
114 6391 car 0 0 -1 185.37886776937535 180.99509534669573 245.40141414873995 208.54890439540526 -1 -1 -1 -1000 -1000 -1000 -10
114 6387 car 0 0 -1 113.76614841432769 179.79345272881312 190.67103587526236 209.21782291202004 -1 -1 -1 -1000 -1000 -1000 -10
114 6376 car 0 0 -1 572.4588646520511 179.76216881202717 615.402470389639 222.28635105192606 -1 -1 -1 -1000 -1000 -1000 -10
115 6392 car 0 0 -1 226.21075236656685 178.45512555912197 279.5452005177523 205.62138519715128 -1 -1 -1 -1000 -1000 -1000 -10
115 6391 car 0 0 -1 183.94854148919316 180.6464696530046 240.76949609979326 208.37581359057896 -1 -1 -1 -1000 -1000 -1000 -10
115 6387 car 0 0 -1 98.47096027880006 181.0410470411284 180.7939138092267 211.7057887351854 -1 -1 -1 -1000 -1000 -1000 -10
115 6376 car 0 0 -1 573.3055647971988 180.94945529752596 616.084041275402 222.88654133705222 -1 -1 -1 -1000 -1000 -1000 -10
116 6391 car 0 0 -1 166.5578644883485 179.5692515103196 226.70960967129366 207.8906974131824 -1 -1 -1 -1000 -1000 -1000 -10
116 6387 car 0 0 -1 73.48560257118615 180.67518721234907 160.74781108494392 212.1772455489523 -1 -1 -1 -1000 -1000 -1000 -10
116 6376 car 0 0 -1 575.205967335405 180.7151888656373 617.3099679505461 221.94381713930807 -1 -1 -1 -1000 -1000 -1000 -10
117 6387 car 0 0 -1 52.481184229855565 178.30311391956243 145.85972566152617 211.36295653309205 -1 -1 -1 -1000 -1000 -1000 -10
117 6376 car 0 0 -1 575.6299626998768 178.71340940664365 617.5096323982843 219.14725115769895 -1 -1 -1 -1000 -1000 -1000 -10
118 6393 car 0 0 -1 118.1684431595084 175.03645668388307 207.41793406164493 208.28669420439186 -1 -1 -1 -1000 -1000 -1000 -10
118 6387 car 0 0 -1 26.687039905746843 177.95150051950745 125.85894032640843 212.39238933991507 -1 -1 -1 -1000 -1000 -1000 -10
118 6376 car 0 0 -1 575.5107267683632 178.0910359900657 616.6733946443208 217.9444567195084 -1 -1 -1 -1000 -1000 -1000 -10
119 6393 car 0 0 -1 101.415477565119 177.82716246653152 196.31836963910146 212.56710817607623 -1 -1 -1 -1000 -1000 -1000 -10
119 6387 car 0 0 -1 6.684883044120106 178.1760190281904 111.63668800159437 215.58927262362062 -1 -1 -1 -1000 -1000 -1000 -10
119 6376 car 0 0 -1 576.5141847150339 179.03292959032837 616.5993315371966 218.17947882614402 -1 -1 -1 -1000 -1000 -1000 -10
120 6393 car 0 0 -1 88.79629856412663 179.42487235387793 198.91442586736724 219.171706155466 -1 -1 -1 -1000 -1000 -1000 -10
120 6387 car 0 0 -1 -7.0510873483015075 180.19374259066467 91.74708659168915 218.66874334516666 -1 -1 -1 -1000 -1000 -1000 -10
120 6376 car 0 0 -1 577.1395033978843 179.72820093418179 616.3777579674509 218.56297263010643 -1 -1 -1 -1000 -1000 -1000 -10
121 6393 car 0 0 -1 71.39182087581241 186.3932228948112 180.8583333083228 230.53407701185463 -1 -1 -1 -1000 -1000 -1000 -10
121 6392 car 0 0 -1 151.6035498458841 179.71671448615166 222.39946843607717 213.87663529869326 -1 -1 -1 -1000 -1000 -1000 -10
121 6387 car 0 0 -1 -14.511258146574367 182.80542191635845 74.08429533505516 222.4215886958046 -1 -1 -1 -1000 -1000 -1000 -10
121 6376 car 0 0 -1 577.100570943147 180.50335524974042 615.9965358576817 218.8288678786173 -1 -1 -1 -1000 -1000 -1000 -10
122 6392 car 0 0 -1 135.62902654231996 179.97797784700455 209.65843416936585 213.69352427388483 -1 -1 -1 -1000 -1000 -1000 -10
122 6376 car 0 0 -1 577.6005943962045 180.99900361267532 616.0049963050358 218.11544280507803 -1 -1 -1 -1000 -1000 -1000 -10
123 6392 car 0 0 -1 118.52739939341195 179.43567275547295 196.34035908688747 212.9178335596906 -1 -1 -1 -1000 -1000 -1000 -10
123 6376 car 0 0 -1 577.0244548787476 180.049653762361 615.5771074615583 217.1220409235159 -1 -1 -1 -1000 -1000 -1000 -10
124 6394 car 0 0 -1 14.615116351989819 179.37130777034915 108.6798813871757 218.49865406065024 -1 -1 -1 -1000 -1000 -1000 -10
124 6392 car 0 0 -1 96.88959110311471 178.10078293915296 182.36539710379026 213.7261669366115 -1 -1 -1 -1000 -1000 -1000 -10
124 6376 car 0 0 -1 577.2459551134732 179.25408671031494 615.6392089532383 216.560167727163 -1 -1 -1 -1000 -1000 -1000 -10
125 6394 car 0 0 -1 -3.2942679903546335 178.466501497795 88.48478879910166 219.68408917186335 -1 -1 -1 -1000 -1000 -1000 -10
125 6392 car 0 0 -1 77.7601900447834 179.30312991851423 168.53179643129093 216.1975403918019 -1 -1 -1 -1000 -1000 -1000 -10
125 6376 car 0 0 -1 576.4847859354812 180.1483673813828 615.3088655149 217.64188320890156 -1 -1 -1 -1000 -1000 -1000 -10
126 6394 car 0 0 -1 -11.642673740603136 178.60503229857068 69.07255106851295 219.72654493956912 -1 -1 -1 -1000 -1000 -1000 -10
126 6392 car 0 0 -1 56.653119254144286 180.34867135696226 153.82731169098196 218.45648445064523 -1 -1 -1 -1000 -1000 -1000 -10
126 6376 car 0 0 -1 576.5910485628856 179.6690392416075 615.4510225923411 217.01631363448496 -1 -1 -1 -1000 -1000 -1000 -10
127 6392 car 0 0 -1 34.25997695083573 180.60265941384566 135.50163501802172 219.42485711375988 -1 -1 -1 -1000 -1000 -1000 -10
127 6376 car 0 0 -1 577.2686750581634 178.89227290071545 616.1546058964391 216.13347043637208 -1 -1 -1 -1000 -1000 -1000 -10
128 6392 car 0 0 -1 17.461284895999647 181.22941406376674 123.92558175470242 221.80637465199607 -1 -1 -1 -1000 -1000 -1000 -10
128 6376 car 0 0 -1 577.9820289066433 178.72564300841424 616.6322947382203 215.0505290965648 -1 -1 -1 -1000 -1000 -1000 -10
129 6394 car 0 0 -1 3.716871026766036 177.80584989701285 91.6394424246869 217.92088275297945 -1 -1 -1 -1000 -1000 -1000 -10
129 6392 car 0 0 -1 -0.9648333843143106 180.76259494509253 105.18162572321214 223.38624968944777 -1 -1 -1 -1000 -1000 -1000 -10
129 6376 car 0 0 -1 577.8791417011398 178.3710842509737 616.6090483779778 214.31208457171283 -1 -1 -1 -1000 -1000 -1000 -10
130 6394 car 0 0 -1 -4.34181607614957 179.11915224327888 76.84377754096427 218.45760013504994 -1 -1 -1 -1000 -1000 -1000 -10
130 6376 car 0 0 -1 578.2925981182127 178.75285635397142 616.809304600627 214.14069014855698 -1 -1 -1 -1000 -1000 -1000 -10
131 6394 car 0 0 -1 -10.21764792504083 180.10069468404998 58.191956381928044 218.18460194926877 -1 -1 -1 -1000 -1000 -1000 -10
131 6376 car 0 0 -1 578.9585299093274 178.54869578343772 617.0388608679025 213.80931214089236 -1 -1 -1 -1000 -1000 -1000 -10
132 6376 car 0 0 -1 579.4780341010826 178.15426113520556 617.5216842133327 212.76152184583992 -1 -1 -1 -1000 -1000 -1000 -10
133 6395 car 0 0 -1 320.2038250213972 177.77994471997496 353.8893952084125 197.11465286109276 -1 -1 -1 -1000 -1000 -1000 -10
133 6376 car 0 0 -1 580.5014384446298 178.45864115821666 618.7840824026904 213.15549910646718 -1 -1 -1 -1000 -1000 -1000 -10
134 6395 car 0 0 -1 314.474988007895 178.05444134290536 348.72085188891214 197.8653962613958 -1 -1 -1 -1000 -1000 -1000 -10
134 6376 car 0 0 -1 581.0447136226157 178.3909101700278 619.7725896478444 212.87389131887576 -1 -1 -1 -1000 -1000 -1000 -10
135 6395 car 0 0 -1 308.25731506184667 176.69743044509732 342.9546835733027 197.15445997973478 -1 -1 -1 -1000 -1000 -1000 -10
135 6376 car 0 0 -1 582.7081572807313 176.71468973466173 621.2171727304935 211.3139580572906 -1 -1 -1 -1000 -1000 -1000 -10
136 6395 car 0 0 -1 302.4294507891143 175.3778956713901 338.0828648618483 196.33479897750925 -1 -1 -1 -1000 -1000 -1000 -10
136 6376 car 0 0 -1 584.0163831382843 174.3693599888818 622.3748797838523 209.32073841265083 -1 -1 -1 -1000 -1000 -1000 -10
137 6395 car 0 0 -1 295.0511698594571 172.32234569379176 332.3612126464744 194.43005671626776 -1 -1 -1 -1000 -1000 -1000 -10
137 6376 car 0 0 -1 584.7384347059452 171.99166943005494 623.2511772304255 206.93903375254118 -1 -1 -1 -1000 -1000 -1000 -10
138 6395 car 0 0 -1 288.0068542494933 171.78308114477852 326.92654519032766 194.65338402001362 -1 -1 -1 -1000 -1000 -1000 -10
138 6376 car 0 0 -1 585.6236394558691 171.3686034581828 624.2538524127995 205.74999869790082 -1 -1 -1 -1000 -1000 -1000 -10
139 6395 car 0 0 -1 280.52962140753726 173.44366658233398 322.8502225017799 197.02348751025553 -1 -1 -1 -1000 -1000 -1000 -10
139 6376 car 0 0 -1 585.9545198175681 172.99101144400285 624.6776585707951 207.79187164875376 -1 -1 -1 -1000 -1000 -1000 -10
140 6395 car 0 0 -1 273.3179841352676 177.05299815170872 322.8816659517611 202.99271178565317 -1 -1 -1 -1000 -1000 -1000 -10
140 6376 car 0 0 -1 585.0189999840869 176.92123563657705 624.0699441003882 211.48165257269508 -1 -1 -1 -1000 -1000 -1000 -10
141 6376 car 0 0 -1 583.9999676489748 179.70779479007285 623.2891536278158 214.0964232143416 -1 -1 -1 -1000 -1000 -1000 -10
142 6376 car 0 0 -1 583.3110788339177 179.3949586224971 623.3227000436398 213.36975217741178 -1 -1 -1 -1000 -1000 -1000 -10
143 6376 car 0 0 -1 583.486469932353 179.33949721820682 622.9285731312641 213.03297415331832 -1 -1 -1 -1000 -1000 -1000 -10
