0 6402 car 0 0 -1 928.0 148.0 1061.0 202.0 -1 -1 -1 -1000 -1000 -1000 -10
0 6401 DontCare 0 0 -1 926.0 148.0 1061.0 203.0 -1 -1 -1 -1000 -1000 -1000 -10
0 6400 car 0 0 -1 1128.0 161.0 1242.0 222.0 -1 -1 -1 -1000 -1000 -1000 -10
0 6399 car 0 0 -1 70.0 181.0 272.0 249.0 -1 -1 -1 -1000 -1000 -1000 -10
0 6398 car 0 0 -1 429.0 172.0 576.0 221.0 -1 -1 -1 -1000 -1000 -1000 -10
0 6397 car 0 0 -1 806.0 163.0 956.0 251.0 -1 -1 -1 -1000 -1000 -1000 -10
1 6402 car 0 0 -1 941.6384819509672 149.14476323018033 1062.6378999585797 201.81001063916642 -1 -1 -1 -1000 -1000 -1000 -10
1 6400 car 0 0 -1 1163.3580452043163 163.18360316705193 1250.5615527856328 222.68071844098787 -1 -1 -1 -1000 -1000 -1000 -10
1 6399 car 0 0 -1 6.68706132658545 182.572532057923 220.74007435180658 254.11088502750425 -1 -1 -1 -1000 -1000 -1000 -10
1 6398 car 0 0 -1 400.8744823820588 170.73159598259159 552.5677286732184 222.26840401740841 -1 -1 -1 -1000 -1000 -1000 -10
1 6397 car 0 0 -1 828.3679014487341 161.25795518633373 987.0994352346834 251.7872709443194 -1 -1 -1 -1000 -1000 -1000 -10
2 6400 car 0 0 -1 1190.2155975298713 152.06426935624273 1252.155695579316 206.34780291893156 -1 -1 -1 -1000 -1000 -1000 -10
2 6399 car 0 0 -1 -13.845978169448614 184.48089023261628 175.49163419295644 255.54029618324984 -1 -1 -1 -1000 -1000 -1000 -10
2 6398 car 0 0 -1 367.5003611995259 169.57675630846788 527.2210327472869 224.31784127259985 -1 -1 -1 -1000 -1000 -1000 -10
2 6397 car 0 0 -1 852.3959263796195 157.159897860872 1020.1898827036217 251.31891513769304 -1 -1 -1 -1000 -1000 -1000 -10
3 6400 car 0 0 -1 1200.5240197177948 145.39715655307916 1249.447865007389 194.49095634681632 -1 -1 -1 -1000 -1000 -1000 -10
3 6399 car 0 0 -1 -25.54460241321481 189.48334712977345 117.64527710373653 255.24552830937296 -1 -1 -1 -1000 -1000 -1000 -10
3 6398 car 0 0 -1 326.3469568227505 168.26469404079756 497.94349536465666 226.65514356350343 -1 -1 -1 -1000 -1000 -1000 -10
3 6397 car 0 0 -1 880.8545321864888 152.42379810954202 1057.6159715669671 249.27389528535218 -1 -1 -1 -1000 -1000 -1000 -10
4 6400 car 0 0 -1 1202.236623767397 146.2227197638935 1246.3683803824053 192.5599858439324 -1 -1 -1 -1000 -1000 -1000 -10
4 6398 car 0 0 -1 283.04217819822736 165.70066789529977 466.4458069140336 227.92358137843672 -1 -1 -1 -1000 -1000 -1000 -10
4 6397 car 0 0 -1 907.9529052583157 148.59691977619246 1093.322689798372 249.10301993453692 -1 -1 -1 -1000 -1000 -1000 -10
5 6400 car 0 0 -1 1198.0664711576374 142.9215993569712 1244.23892489228 193.37241549866698 -1 -1 -1 -1000 -1000 -1000 -10
5 6398 car 0 0 -1 231.26819508473136 164.71226875482958 428.6847001094882 230.6813650167397 -1 -1 -1 -1000 -1000 -1000 -10
5 6397 car 0 0 -1 936.4024168287865 148.94894915947162 1128.8007491411113 250.66769937171807 -1 -1 -1 -1000 -1000 -1000 -10
6 6401 DontCare 0 0 -1 853.8089568302256 143.59126036806683 1014.519201290662 210.0913313684725 -1 -1 -1 -1000 -1000 -1000 -10
6 6400 car 0 0 -1 1191.3075704018534 146.49293956012198 1242.0481255686573 198.72871101464133 -1 -1 -1 -1000 -1000 -1000 -10
6 6398 car 0 0 -1 169.8213668545991 165.25346247083218 384.33024556973066 235.6897048017488 -1 -1 -1 -1000 -1000 -1000 -10
6 6397 car 0 0 -1 964.4242318402639 150.69411208190763 1164.9673272607688 254.01287401756343 -1 -1 -1 -1000 -1000 -1000 -10
7 6401 DontCare 0 0 -1 835.57739077406 144.37986360371337 997.4494651422415 211.87186461975335 -1 -1 -1 -1000 -1000 -1000 -10
7 6400 car 0 0 -1 1178.4961969447365 148.78963701674215 1238.3192807770267 203.41454365599364 -1 -1 -1 -1000 -1000 -1000 -10
7 6398 car 0 0 -1 97.0791397905351 166.9171282233816 334.49425962673365 244.24604692775796 -1 -1 -1 -1000 -1000 -1000 -10
7 6397 car 0 0 -1 992.6187653483466 151.4192044445536 1199.606185477036 255.87400690810586 -1 -1 -1 -1000 -1000 -1000 -10
8 6401 DontCare 0 0 -1 809.9847608165816 145.0298746591074 976.4810949708593 214.84364662732855 -1 -1 -1 -1000 -1000 -1000 -10
8 6400 car 0 0 -1 1170.2077424335068 152.48003787714845 1237.8359955683857 210.6235857983533 -1 -1 -1 -1000 -1000 -1000 -10
8 6398 car 0 0 -1 19.476041213923793 167.9047408806888 278.0079142278814 252.30061635205675 -1 -1 -1 -1000 -1000 -1000 -10
8 6397 car 0 0 -1 1021.3327173914021 152.6564324012137 1233.2257619042052 258.33306699670084 -1 -1 -1 -1000 -1000 -1000 -10
9 6401 DontCare 0 0 -1 781.3707660547899 145.43342946630747 952.0174010482732 217.73544490266647 -1 -1 -1 -1000 -1000 -1000 -10
9 6398 car 0 0 -1 -22.089687217401874 169.97506177719356 226.81294858181644 258.11497861480586 -1 -1 -1 -1000 -1000 -1000 -10
9 6397 car 0 0 -1 1044.0590503412136 153.97685588140496 1253.1613606743467 259.7236414997262 -1 -1 -1 -1000 -1000 -1000 -10
10 6401 DontCare 0 0 -1 749.6779718152846 145.05243112495188 923.8031653938527 219.93651409496536 -1 -1 -1 -1000 -1000 -1000 -10
10 6398 car 0 0 -1 -47.38837296950147 173.2429474519505 166.52767887171436 262.27441895431775 -1 -1 -1 -1000 -1000 -1000 -10
10 6397 car 0 0 -1 1062.808713649431 154.6156661720444 1260.0361885260172 260.0817479891149 -1 -1 -1 -1000 -1000 -1000 -10
11 6401 DontCare 0 0 -1 714.0695711620275 144.56016525508744 893.8928753156014 221.7052774781307 -1 -1 -1 -1000 -1000 -1000 -10
11 6397 car 0 0 -1 1081.4061949065515 155.66013089662908 1265.6059682210591 261.37502403072693 -1 -1 -1 -1000 -1000 -1000 -10
12 6401 DontCare 0 0 -1 676.9944801397204 146.80500920729025 858.9535761464141 226.4686587087936 -1 -1 -1 -1000 -1000 -1000 -10
12 6397 car 0 0 -1 1098.1329408934525 159.5263487773619 1267.4403184288658 264.2706080200346 -1 -1 -1 -1000 -1000 -1000 -10
13 6403 car 0 0 -1 1026.3653076940218 164.11028517210855 1163.50490836699 225.71670930067802 -1 -1 -1 -1000 -1000 -1000 -10
13 6401 DontCare 0 0 -1 631.8348657306095 149.6030105767752 818.725868168903 232.13432874368988 -1 -1 -1 -1000 -1000 -1000 -10
13 6397 car 0 0 -1 1112.5333376618205 164.58895680743174 1267.0602353191448 267.59642990686973 -1 -1 -1 -1000 -1000 -1000 -10
14 6403 car 0 0 -1 988.3758089727762 169.01122987022393 1128.3796340860804 228.57161450874236 -1 -1 -1 -1000 -1000 -1000 -10
14 6401 DontCare 0 0 -1 581.0182997439938 153.09339805762133 774.7869537222352 239.57834203269218 -1 -1 -1 -1000 -1000 -1000 -10
14 6397 car 0 0 -1 1124.0766061635427 169.0469249386373 1265.383966947944 270.8079604373982 -1 -1 -1 -1000 -1000 -1000 -10
15 6403 car 0 0 -1 946.7066773347688 171.7360348023405 1086.6237641775447 230.4021900862727 -1 -1 -1 -1000 -1000 -1000 -10
15 6401 DontCare 0 0 -1 525.336018692445 155.51500259311499 726.5518666300981 245.74162270931257 -1 -1 -1 -1000 -1000 -1000 -10
15 6397 car 0 0 -1 1132.0072970976883 171.40591487534252 1262.6556093533147 271.9421375648641 -1 -1 -1 -1000 -1000 -1000 -10
16 6403 car 0 0 -1 904.5754982855166 174.3875221172555 1046.1550934991867 233.30219667277143 -1 -1 -1 -1000 -1000 -1000 -10
16 6401 DontCare 0 0 -1 463.55489700059667 157.20173291702548 674.6897484899316 251.73508386124905 -1 -1 -1 -1000 -1000 -1000 -10
16 6397 car 0 0 -1 1138.6075956221237 174.41998349766146 1259.6219335636908 272.13021031632024 -1 -1 -1 -1000 -1000 -1000 -10
17 6403 car 0 0 -1 860.7406769002473 175.8800007186968 1004.006221801485 234.95026853961303 -1 -1 -1 -1000 -1000 -1000 -10
17 6401 DontCare 0 0 -1 397.73478189814637 158.55224190345592 620.158638863094 257.7107614876515 -1 -1 -1 -1000 -1000 -1000 -10
17 6397 car 0 0 -1 1141.8300203418323 177.14705104292108 1256.2386568148597 272.4927930493709 -1 -1 -1 -1000 -1000 -1000 -10
18 6405 car 0 0 -1 1026.1985335520483 179.83950573997018 1138.6547458335338 226.2478882254758 -1 -1 -1 -1000 -1000 -1000 -10
18 6403 car 0 0 -1 815.5093172879215 177.88863316642852 958.9536952561334 237.27156506532327 -1 -1 -1 -1000 -1000 -1000 -10
18 6401 DontCare 0 0 -1 321.27889411881506 159.15092077532137 560.398534186626 264.9382650976313 -1 -1 -1 -1000 -1000 -1000 -10
18 6397 car 0 0 -1 1140.1381562111644 177.5201423706865 1252.6064336263973 271.95616410489606 -1 -1 -1 -1000 -1000 -1000 -10
19 6405 car 0 0 -1 985.2823859422147 180.17685039967415 1095.4269581737262 226.0911109448097 -1 -1 -1 -1000 -1000 -1000 -10
19 6403 car 0 0 -1 767.993887170477 178.56170300357343 915.5248109666801 240.02628557021683 -1 -1 -1 -1000 -1000 -1000 -10
19 6401 DontCare 0 0 -1 233.1164854812642 159.19313754449237 493.6919515527034 274.1857649265597 -1 -1 -1 -1000 -1000 -1000 -10
19 6397 car 0 0 -1 1137.6313783790488 177.20503364326012 1249.8478383272927 270.24006391641996 -1 -1 -1 -1000 -1000 -1000 -10
20 6405 car 0 0 -1 948.6266062307559 180.4986882350064 1054.4691322532954 225.75775456778376 -1 -1 -1 -1000 -1000 -1000 -10
20 6403 car 0 0 -1 723.7798792920236 178.66654352802706 872.7019156964435 241.69963463658493 -1 -1 -1 -1000 -1000 -1000 -10
20 6401 DontCare 0 0 -1 128.93275484778323 159.81455545403705 420.7695940014597 286.59880077728855 -1 -1 -1 -1000 -1000 -1000 -10
20 6397 car 0 0 -1 1132.3927560985364 176.20845687840614 1247.3671352456442 267.86668425386375 -1 -1 -1 -1000 -1000 -1000 -10
21 6406 car 0 0 -1 1041.309261988676 178.78332075605687 1128.706620796394 216.28288679352283 -1 -1 -1 -1000 -1000 -1000 -10
21 6405 car 0 0 -1 911.4686999595049 179.4476427319997 1015.9186779604206 225.30091227457117 -1 -1 -1 -1000 -1000 -1000 -10
21 6403 car 0 0 -1 676.4817402423356 178.99681438606044 829.2441321671921 244.52854194543787 -1 -1 -1 -1000 -1000 -1000 -10
21 6401 DontCare 0 0 -1 35.28340884505505 161.59846176255155 346.33640167194835 300.5316961741886 -1 -1 -1 -1000 -1000 -1000 -10
21 6397 car 0 0 -1 1124.3854718993082 174.82683438154876 1244.2442445301679 264.742258880379 -1 -1 -1 -1000 -1000 -1000 -10
22 6406 car 0 0 -1 1004.9690481473986 179.91204715126827 1087.1499678538958 216.43264477178792 -1 -1 -1 -1000 -1000 -1000 -10
22 6405 car 0 0 -1 874.6165452748141 180.1279607387249 979.0546093423063 226.222366080743 -1 -1 -1 -1000 -1000 -1000 -10
22 6403 car 0 0 -1 628.3797216853784 179.99240228312917 785.2958628300871 248.52312004735202 -1 -1 -1 -1000 -1000 -1000 -10
22 6401 DontCare 0 0 -1 -21.123076924779156 165.33881415753797 271.4194377767691 313.5076580554768 -1 -1 -1 -1000 -1000 -1000 -10
22 6397 car 0 0 -1 1113.910975123311 175.33859767195415 1237.264906018891 263.1259885307932 -1 -1 -1 -1000 -1000 -1000 -10
23 6406 car 0 0 -1 968.1491563424612 182.43451743608165 1046.5459399227657 218.1916958865005 -1 -1 -1 -1000 -1000 -1000 -10
23 6405 car 0 0 -1 836.9165104377392 183.19791587743262 939.5125998305449 229.24845589373135 -1 -1 -1 -1000 -1000 -1000 -10
23 6403 car 0 0 -1 576.0208557836422 182.89858513504348 738.0318331396354 254.5469756909727 -1 -1 -1 -1000 -1000 -1000 -10
23 6397 car 0 0 -1 1096.1351840522516 178.24247807476138 1219.3483271950522 262.9594801201998 -1 -1 -1 -1000 -1000 -1000 -10
24 6406 car 0 0 -1 931.8134191182393 187.37097100857324 1007.1385134189997 221.93050461286248 -1 -1 -1 -1000 -1000 -1000 -10
24 6405 car 0 0 -1 798.2271366214451 185.90416719890757 901.0874103743766 232.7943935655737 -1 -1 -1 -1000 -1000 -1000 -10
24 6403 car 0 0 -1 514.1401351319757 183.63916063157984 687.1532403172087 260.95506988910773 -1 -1 -1 -1000 -1000 -1000 -10
24 6397 car 0 0 -1 1075.144215820268 181.41306412697983 1195.8909954576134 263.35013937633215 -1 -1 -1 -1000 -1000 -1000 -10
25 6406 car 0 0 -1 893.6046023086442 189.52296766796476 967.3000759461302 223.32516934979677 -1 -1 -1 -1000 -1000 -1000 -10
25 6405 car 0 0 -1 754.8995584825367 187.59649180820827 860.6355280189808 236.01784731753526 -1 -1 -1 -1000 -1000 -1000 -10
25 6403 car 0 0 -1 446.19547799183925 185.00549668193779 632.9809125252048 269.2886111739646 -1 -1 -1 -1000 -1000 -1000 -10
25 6397 car 0 0 -1 1052.3895865860486 183.85173135229732 1168.415305914396 262.8795400929165 -1 -1 -1 -1000 -1000 -1000 -10
26 6406 car 0 0 -1 855.3058025028749 188.43445915562444 927.4943061115382 222.0584294052809 -1 -1 -1 -1000 -1000 -1000 -10
26 6405 car 0 0 -1 713.9252923284977 187.11151929471612 819.4364897857687 236.9135178835437 -1 -1 -1 -1000 -1000 -1000 -10
26 6403 car 0 0 -1 366.9216525586695 183.3975495029846 572.5512649911618 276.38838866629 -1 -1 -1 -1000 -1000 -1000 -10
26 6397 car 0 0 -1 1074.4178483205492 178.04689519957103 1174.5475325481584 245.32287694547117 -1 -1 -1 -1000 -1000 -1000 -10
27 6409 car 0 0 -1 982.2005648266196 184.10704575636458 1080.8507803516418 253.51273119096015 -1 -1 -1 -1000 -1000 -1000 -10
27 6406 car 0 0 -1 813.4812505100356 187.59185442864364 885.7723594783486 220.57128787009654 -1 -1 -1 -1000 -1000 -1000 -10
27 6405 car 0 0 -1 670.0197669898021 185.8335678469353 778.4965345570756 236.94749321858166 -1 -1 -1 -1000 -1000 -1000 -10
27 6403 car 0 0 -1 270.02924236831666 182.51709353939205 503.31336577046625 287.5952899852525 -1 -1 -1 -1000 -1000 -1000 -10
28 6409 car 0 0 -1 950.6184626139318 183.4627704952976 1043.870663795671 252.36438980827035 -1 -1 -1 -1000 -1000 -1000 -10
28 6406 car 0 0 -1 774.7396304293185 187.04410395497396 846.4591944204723 220.188412653955 -1 -1 -1 -1000 -1000 -1000 -10
28 6405 car 0 0 -1 621.3870776376993 185.52749420948302 734.7691145367876 238.69232449222076 -1 -1 -1 -1000 -1000 -1000 -10
28 6403 car 0 0 -1 146.93539466553605 182.46572439274502 423.52510332851057 304.28103935077513 -1 -1 -1 -1000 -1000 -1000 -10
29 6409 car 0 0 -1 917.7624074007566 182.20149213557914 1005.5191215616757 249.72461741702358 -1 -1 -1 -1000 -1000 -1000 -10
29 6406 car 0 0 -1 734.183266031861 186.98527788149119 804.9925185332645 220.5162086733357 -1 -1 -1 -1000 -1000 -1000 -10
29 6405 car 0 0 -1 570.1639716083797 185.56097504473541 687.6234164567041 239.79991853379585 -1 -1 -1 -1000 -1000 -1000 -10
29 6403 car 0 0 -1 39.05060397212142 185.61990947361573 341.07645603805884 323.96826066129654 -1 -1 -1 -1000 -1000 -1000 -10
30 6409 car 0 0 -1 884.6723702834946 181.23258759277314 966.098146995425 247.05732454535172 -1 -1 -1 -1000 -1000 -1000 -10
30 6406 car 0 0 -1 693.3894275173487 186.05999239687247 764.3035457381687 220.8418211171495 -1 -1 -1 -1000 -1000 -1000 -10
30 6405 car 0 0 -1 514.9899472192485 186.6780676877383 638.3521348771721 244.26223478027106 -1 -1 -1 -1000 -1000 -1000 -10
30 6403 car 0 0 -1 -25.370722566854823 187.58416454453234 255.88474101948597 335.669110868501 -1 -1 -1 -1000 -1000 -1000 -10
31 6409 car 0 0 -1 851.3632155981328 180.63787413181797 927.6157032204557 244.21758357024692 -1 -1 -1 -1000 -1000 -1000 -10
31 6406 car 0 0 -1 652.0856887528548 183.98901842614404 724.3453951877018 220.68785091590664 -1 -1 -1 -1000 -1000 -1000 -10
31 6405 car 0 0 -1 453.27221871530224 185.60897699987555 586.301702913595 248.0387341001658 -1 -1 -1 -1000 -1000 -1000 -10
32 6409 car 0 0 -1 818.5424568763981 180.0580788311147 889.1508582003917 241.49275694392992 -1 -1 -1 -1000 -1000 -1000 -10
32 6406 car 0 0 -1 609.7813343227078 183.81553527499102 682.8746084192471 221.30591127017954 -1 -1 -1 -1000 -1000 -1000 -10
32 6405 car 0 0 -1 386.3459341374214 184.23820996636005 533.4593014041843 252.965473873228 -1 -1 -1 -1000 -1000 -1000 -10
33 6409 car 0 0 -1 784.0165240254161 178.71608583660495 850.0358741444078 238.2663315844463 -1 -1 -1 -1000 -1000 -1000 -10
33 6406 car 0 0 -1 565.8791998716858 183.59127177089434 640.1296551908708 221.68012219362404 -1 -1 -1 -1000 -1000 -1000 -10
33 6405 car 0 0 -1 304.8963143414279 184.09968175539012 472.38367642799096 262.1234898477049 -1 -1 -1 -1000 -1000 -1000 -10
34 6409 car 0 0 -1 749.4692110587265 178.0340201842671 811.540253765966 235.28588013295627 -1 -1 -1 -1000 -1000 -1000 -10
34 6406 car 0 0 -1 519.9783428372544 183.67683352281452 597.0346953378386 222.92977339796565 -1 -1 -1 -1000 -1000 -1000 -10
34 6405 car 0 0 -1 205.2984402987168 185.07983091414985 402.36810959760993 276.0650673147214 -1 -1 -1 -1000 -1000 -1000 -10
35 6409 car 0 0 -1 715.9811079002209 178.53493418294622 774.2771056443353 233.45972066112913 -1 -1 -1 -1000 -1000 -1000 -10
35 6406 car 0 0 -1 473.02765958008865 182.5253473637585 554.7782086304675 224.5714485898866 -1 -1 -1 -1000 -1000 -1000 -10
35 6405 car 0 0 -1 78.60724869014354 187.18879248317634 319.9000549445023 294.92934242294086 -1 -1 -1 -1000 -1000 -1000 -10
36 6409 car 0 0 -1 684.6898544172983 178.29726100872097 740.3182840624057 231.27272012785647 -1 -1 -1 -1000 -1000 -1000 -10
36 6406 car 0 0 -1 425.69572654771594 183.19785567865267 512.8486817430346 227.93006871565046 -1 -1 -1 -1000 -1000 -1000 -10
36 6405 car 0 0 -1 4.777757998948843 193.31766614097702 252.8917954473879 313.9506105427941 -1 -1 -1 -1000 -1000 -1000 -10
37 6409 car 0 0 -1 657.9667068803681 177.91487019084008 711.6981421826699 229.4776861767839 -1 -1 -1 -1000 -1000 -1000 -10
37 6406 car 0 0 -1 380.3773764609779 183.92980852338235 474.04063101839705 231.27804380508275 -1 -1 -1 -1000 -1000 -1000 -10
37 6405 car 0 0 -1 -37.252961359735366 197.28528640852764 187.75947852930761 325.1948284559385 -1 -1 -1 -1000 -1000 -1000 -10
38 6409 car 0 0 -1 633.4844431969499 178.3338480710325 685.8228383029901 228.2778366996099 -1 -1 -1 -1000 -1000 -1000 -10
38 6406 car 0 0 -1 333.9795669116611 186.54434358876523 437.6245637008943 236.596782922005 -1 -1 -1 -1000 -1000 -1000 -10
39 6409 car 0 0 -1 612.7829165468161 178.7893659277624 663.8256845324652 227.56477156118194 -1 -1 -1 -1000 -1000 -1000 -10
39 6406 car 0 0 -1 285.9423941583411 188.20456446755506 400.7915629252191 242.40018026725417 -1 -1 -1 -1000 -1000 -1000 -10
40 6429 car 0 0 -1 398.74745393889214 185.65840249159154 462.4559321400044 224.1699875398958 -1 -1 -1 -1000 -1000 -1000 -10
40 6409 car 0 0 -1 595.4047272073188 179.0098616662296 645.2047453420029 226.63470153811295 -1 -1 -1 -1000 -1000 -1000 -10
40 6406 car 0 0 -1 238.30544311754298 187.99338293608685 365.973573267869 247.33297797389878 -1 -1 -1 -1000 -1000 -1000 -10
41 6429 car 0 0 -1 372.39220473981044 184.69031972478112 440.73504019198907 225.71419824470993 -1 -1 -1 -1000 -1000 -1000 -10
41 6409 car 0 0 -1 581.1561742406569 179.30992497226205 629.7764546280958 226.09587380013207 -1 -1 -1 -1000 -1000 -1000 -10
41 6406 car 0 0 -1 187.46200980092533 188.2683443724854 331.4582859142819 253.91794059782256 -1 -1 -1 -1000 -1000 -1000 -10
42 6430 car 0 0 -1 446.4442718706796 181.35831837968743 487.9079511219509 210.49708433202852 -1 -1 -1 -1000 -1000 -1000 -10
42 6429 car 0 0 -1 347.94315630020003 186.64296594755558 418.68648470347966 229.2197738558313 -1 -1 -1 -1000 -1000 -1000 -10
42 6409 car 0 0 -1 569.9673467771582 179.58676095688335 617.4573733587832 225.7556828522414 -1 -1 -1 -1000 -1000 -1000 -10
42 6406 car 0 0 -1 131.83930765898143 189.4363968855565 297.4428222703085 262.9596113088834 -1 -1 -1 -1000 -1000 -1000 -10
43 6431 car 0 0 -1 398.2484091039861 183.62478449976552 448.7870769714508 219.99280069385858 -1 -1 -1 -1000 -1000 -1000 -10
43 6429 car 0 0 -1 323.4434562405161 188.6414252346851 400.04329738006226 233.97319211836546 -1 -1 -1 -1000 -1000 -1000 -10
43 6409 car 0 0 -1 561.8343584387964 180.7463880662068 608.1853116069057 225.877709340739 -1 -1 -1 -1000 -1000 -1000 -10
43 6406 car 0 0 -1 67.56869322245778 192.2428482353273 261.5635951344213 275.4374067596364 -1 -1 -1 -1000 -1000 -1000 -10
44 6431 car 0 0 -1 385.06516306661916 185.87513092888508 438.31251249806263 223.68655140218908 -1 -1 -1 -1000 -1000 -1000 -10
44 6429 car 0 0 -1 300.82640893582095 189.44307917965176 384.0502891612447 238.13332410921998 -1 -1 -1 -1000 -1000 -1000 -10
44 6406 car 0 0 -1 15.522167439319986 196.13018329887467 229.15665609020436 288.7481988790886 -1 -1 -1 -1000 -1000 -1000 -10
45 6432 car 0 0 -1 452.46633565597125 184.7587349358148 488.2965061896279 209.94725196868808 -1 -1 -1 -1000 -1000 -1000 -10
45 6431 car 0 0 -1 372.7033737651174 185.3357494722979 430.5398233153855 224.8927733531968 -1 -1 -1 -1000 -1000 -1000 -10
45 6430 car 0 0 -1 424.3235112091052 187.20188671651604 464.6278163543872 214.98517804175574 -1 -1 -1 -1000 -1000 -1000 -10
45 6429 car 0 0 -1 276.6986596503159 190.8004827620291 369.6088367880135 243.19095724394413 -1 -1 -1 -1000 -1000 -1000 -10
45 6406 car 0 0 -1 -15.81202966974142 203.70942540987005 199.76267168964102 307.3191494818202 -1 -1 -1 -1000 -1000 -1000 -10
46 6433 car 0 0 -1 563.5203825216755 181.75268573610015 608.4192361931033 225.1991151678057 -1 -1 -1 -1000 -1000 -1000 -10
46 6431 car 0 0 -1 359.18633864982945 185.77975212403373 424.1287246217374 228.12224370176705 -1 -1 -1 -1000 -1000 -1000 -10
46 6430 car 0 0 -1 412.90885842783655 185.83208844323315 456.731338699911 216.20352060902871 -1 -1 -1 -1000 -1000 -1000 -10
46 6429 car 0 0 -1 252.8577554218848 191.84273975004092 355.50140332838885 249.04926273738877 -1 -1 -1 -1000 -1000 -1000 -10
46 6406 car 0 0 -1 -35.27639289618196 206.75010012628033 164.33969565029358 316.7128869630528 -1 -1 -1 -1000 -1000 -1000 -10
47 6433 car 0 0 -1 564.11015098861 181.80615951022293 607.9136199643383 224.32009419442443 -1 -1 -1 -1000 -1000 -1000 -10
47 6431 car 0 0 -1 342.91112728563144 187.3016074612359 411.9944797177641 231.22603644479426 -1 -1 -1 -1000 -1000 -1000 -10
47 6430 car 0 0 -1 408.82907824563955 184.8300603689062 455.3133414892507 217.75342572357513 -1 -1 -1 -1000 -1000 -1000 -10
47 6429 car 0 0 -1 223.78817053310578 191.3831212546316 339.40102929677084 253.87414893568376 -1 -1 -1 -1000 -1000 -1000 -10
47 6406 car 0 0 -1 -49.405639196982676 221.3090697383802 122.61352657539406 337.8283675808463 -1 -1 -1 -1000 -1000 -1000 -10
48 6433 car 0 0 -1 563.8105478840766 181.25186122524053 607.6517357216337 223.88931100858832 -1 -1 -1 -1000 -1000 -1000 -10
48 6431 car 0 0 -1 331.6516621609403 187.8525699894321 405.2236040322756 233.52994113329234 -1 -1 -1 -1000 -1000 -1000 -10
48 6430 car 0 0 -1 402.3521783631542 183.3774853832578 452.88190314074683 218.6501464509712 -1 -1 -1 -1000 -1000 -1000 -10
48 6429 car 0 0 -1 189.9712316646661 192.3335388803476 319.4321562335616 259.6890703473408 -1 -1 -1 -1000 -1000 -1000 -10
49 6433 car 0 0 -1 564.2343744254092 181.02732794108454 607.1551152416207 223.09773601792358 -1 -1 -1 -1000 -1000 -1000 -10
49 6431 car 0 0 -1 318.101590791485 186.32386772961925 398.906895841704 235.25724716415684 -1 -1 -1 -1000 -1000 -1000 -10
49 6430 car 0 0 -1 394.76185744432695 181.5963015834885 447.6071384943428 218.82631939785156 -1 -1 -1 -1000 -1000 -1000 -10
49 6429 car 0 0 -1 150.45850114304804 193.27760671865593 296.102374134151 267.0458737834033 -1 -1 -1 -1000 -1000 -1000 -10
50 6433 car 0 0 -1 564.0313420249211 181.51216880484972 606.6989617982986 223.01199843284192 -1 -1 -1 -1000 -1000 -1000 -10
50 6432 car 0 0 -1 441.12312093164127 185.86365135693475 476.2951422278563 210.76693821440742 -1 -1 -1 -1000 -1000 -1000 -10
50 6431 car 0 0 -1 301.7023760413905 187.53181348379468 388.03639753323114 238.69560727268123 -1 -1 -1 -1000 -1000 -1000 -10
50 6430 car 0 0 -1 390.2098055624447 182.2243577158445 443.8355323017759 220.8892291678292 -1 -1 -1 -1000 -1000 -1000 -10
50 6429 car 0 0 -1 99.90961093049488 195.6110958316209 267.4242045245661 278.15760067704895 -1 -1 -1 -1000 -1000 -1000 -10
51 6433 car 0 0 -1 564.0013139079217 182.45916450057965 606.5530106943359 223.61979170099576 -1 -1 -1 -1000 -1000 -1000 -10
51 6432 car 0 0 -1 439.3276812982301 187.335828397785 475.4738077955328 212.36744450092965 -1 -1 -1 -1000 -1000 -1000 -10
51 6431 car 0 0 -1 282.8358626109837 189.8019973510263 376.96389863194116 244.68590592313674 -1 -1 -1 -1000 -1000 -1000 -10
51 6430 car 0 0 -1 384.8291224248649 184.8571318460599 438.58740075212444 223.18661699205737 -1 -1 -1 -1000 -1000 -1000 -10
51 6429 car 0 0 -1 37.3946674086764 199.55394514151115 232.996419958596 292.80881633523074 -1 -1 -1 -1000 -1000 -1000 -10
52 6433 car 0 0 -1 565.2115256529137 182.8887204083247 607.3666055092278 223.76694258824173 -1 -1 -1 -1000 -1000 -1000 -10
52 6432 car 0 0 -1 437.0525581025579 189.65156457341922 472.28679155716543 215.15949168269518 -1 -1 -1 -1000 -1000 -1000 -10
52 6431 car 0 0 -1 260.1448211042766 191.32731892567637 362.8398547768312 250.08498064447144 -1 -1 -1 -1000 -1000 -1000 -10
52 6430 car 0 0 -1 376.4011455769051 186.83087675970472 431.5848555332232 225.64368020096862 -1 -1 -1 -1000 -1000 -1000 -10
52 6429 car 0 0 -1 0.5299895160881221 206.22843704540236 205.44288079254585 309.857812994546 -1 -1 -1 -1000 -1000 -1000 -10
53 6433 car 0 0 -1 566.7328093417327 181.80501196316027 607.9622106078878 222.3792655318387 -1 -1 -1 -1000 -1000 -1000 -10
53 6432 car 0 0 -1 433.17288045619694 189.4852604921307 469.00544530719355 215.21100669210057 -1 -1 -1 -1000 -1000 -1000 -10
53 6431 car 0 0 -1 234.04778183168844 190.9003266893684 346.35869204419896 254.2964417484784 -1 -1 -1 -1000 -1000 -1000 -10
53 6430 car 0 0 -1 368.11366267536096 187.76043516546653 425.92449276224306 227.63813264831143 -1 -1 -1 -1000 -1000 -1000 -10
53 6429 car 0 0 -1 -22.956007180002644 211.20756760570427 171.6343317867272 323.3536406104343 -1 -1 -1 -1000 -1000 -1000 -10
54 6433 car 0 0 -1 566.884844330597 180.7696769754406 607.2781962058981 219.84512301515835 -1 -1 -1 -1000 -1000 -1000 -10
54 6432 car 0 0 -1 430.10631528719705 189.18552345322868 466.91893303714085 214.77456499297418 -1 -1 -1 -1000 -1000 -1000 -10
54 6431 car 0 0 -1 197.97213692348305 190.20000264971173 325.3909849225455 259.56409759614814 -1 -1 -1 -1000 -1000 -1000 -10
54 6430 car 0 0 -1 357.4764066548461 187.92632120916016 417.9826887116325 228.5255792102023 -1 -1 -1 -1000 -1000 -1000 -10
54 6429 car 0 0 -1 -40.749052358151566 213.8029466381112 122.57591433805723 328.830958032842 -1 -1 -1 -1000 -1000 -1000 -10
55 6433 car 0 0 -1 567.5293067552183 180.8021786205787 607.1027583953959 219.15885434646836 -1 -1 -1 -1000 -1000 -1000 -10
55 6432 car 0 0 -1 425.6639478358365 189.56380380994204 463.69431985616137 216.0495949517025 -1 -1 -1 -1000 -1000 -1000 -10
55 6431 car 0 0 -1 156.19168216364466 190.55538887610342 303.5246882260609 267.96610701325403 -1 -1 -1 -1000 -1000 -1000 -10
55 6430 car 0 0 -1 344.56032262414266 187.80266130011898 409.3040362830042 230.29512203611307 -1 -1 -1 -1000 -1000 -1000 -10
56 6433 car 0 0 -1 568.3243457688179 181.95528303803098 607.1457947944939 220.4064003380248 -1 -1 -1 -1000 -1000 -1000 -10
56 6432 car 0 0 -1 420.4084602679022 191.65177689182283 459.69966215990985 217.8097707892886 -1 -1 -1 -1000 -1000 -1000 -10
56 6431 car 0 0 -1 102.33907045782006 193.01879721491608 273.2514282925546 279.7052378783549 -1 -1 -1 -1000 -1000 -1000 -10
56 6430 car 0 0 -1 330.2579939933929 188.6651600465366 400.9024002892136 233.88353259167374 -1 -1 -1 -1000 -1000 -1000 -10
57 6433 car 0 0 -1 569.3924137959552 183.6659447279616 607.7014163672866 222.22495534517103 -1 -1 -1 -1000 -1000 -1000 -10
57 6432 car 0 0 -1 414.16636894439506 192.37706735022056 456.75817743260376 219.8052467640489 -1 -1 -1 -1000 -1000 -1000 -10
57 6431 car 0 0 -1 39.351363126375276 197.7516268042433 240.03710327432978 297.0055468011739 -1 -1 -1 -1000 -1000 -1000 -10
57 6430 car 0 0 -1 313.1088140175926 189.0717818978252 389.1653361369761 237.05103868646387 -1 -1 -1 -1000 -1000 -1000 -10
58 6433 car 0 0 -1 570.6908246949085 185.55448184943015 608.964239190946 224.2726488547966 -1 -1 -1 -1000 -1000 -1000 -10
58 6432 car 0 0 -1 407.0490061863743 189.40322665472195 454.08363494667026 220.55015062840113 -1 -1 -1 -1000 -1000 -1000 -10
58 6431 car 0 0 -1 3.041533490283072 201.96063439912126 210.49570871139025 311.95237147096935 -1 -1 -1 -1000 -1000 -1000 -10
58 6430 car 0 0 -1 303.90613493227283 187.69673588625903 380.01506626063144 237.17144082515784 -1 -1 -1 -1000 -1000 -1000 -10
59 6433 car 0 0 -1 572.3027175821733 184.95977190880936 610.2575064318517 223.76408149440587 -1 -1 -1 -1000 -1000 -1000 -10
59 6432 car 0 0 -1 399.85564439648147 191.38188362886515 449.3356125944581 222.20607768133053 -1 -1 -1 -1000 -1000 -1000 -10
59 6431 car 0 0 -1 -19.959484618859364 202.8383658869804 175.35904551271832 320.76417541938105 -1 -1 -1 -1000 -1000 -1000 -10
60 6435 car 0 0 -1 236.11539248505605 187.04424039721349 348.39254949304865 250.93775114930068 -1 -1 -1 -1000 -1000 -1000 -10
60 6433 car 0 0 -1 573.1446280184537 183.87135470915476 611.1515899958326 222.49544325729246 -1 -1 -1 -1000 -1000 -1000 -10
60 6432 car 0 0 -1 392.6873717501311 189.74925397826289 445.0482077009241 221.98156350111108 -1 -1 -1 -1000 -1000 -1000 -10
60 6431 car 0 0 -1 -38.65729739620859 205.90429756841783 124.15415372790874 327.63508855830275 -1 -1 -1 -1000 -1000 -1000 -10
61 6435 car 0 0 -1 202.69519726249843 185.1036666678332 327.9356099950798 254.9135045691992 -1 -1 -1 -1000 -1000 -1000 -10
61 6433 car 0 0 -1 574.1142185863653 182.50490237942498 612.1153092128534 220.39451176104123 -1 -1 -1 -1000 -1000 -1000 -10
61 6432 car 0 0 -1 385.6910559239076 187.45453256042316 441.425385140249 221.62614707641 -1 -1 -1 -1000 -1000 -1000 -10
62 6435 car 0 0 -1 161.31374260798287 184.3199979820833 304.5913392406624 263.10832139995995 -1 -1 -1 -1000 -1000 -1000 -10
62 6433 car 0 0 -1 575.8913292507846 180.68253587214568 612.984391251231 217.69611557100077 -1 -1 -1 -1000 -1000 -1000 -10
62 6432 car 0 0 -1 377.1255382813507 186.0829403447937 437.13961409404703 222.61236179178746 -1 -1 -1 -1000 -1000 -1000 -10
63 6435 car 0 0 -1 108.87910718411443 183.01228345397772 277.3097808675258 273.95135315390837 -1 -1 -1 -1000 -1000 -1000 -10
63 6433 car 0 0 -1 577.8762298785331 179.94338515367372 615.1920516542199 216.08663058337874 -1 -1 -1 -1000 -1000 -1000 -10
63 6432 car 0 0 -1 367.1082980261147 184.69271493529538 431.554418860872 223.20295335680714 -1 -1 -1 -1000 -1000 -1000 -10
64 6435 car 0 0 -1 41.66192427971109 184.48379669583838 242.14628406528706 290.3830969008959 -1 -1 -1 -1000 -1000 -1000 -10
64 6433 car 0 0 -1 579.0464410312153 179.81082033312381 616.2373517822278 215.33784956450975 -1 -1 -1 -1000 -1000 -1000 -10
64 6432 car 0 0 -1 357.3905259873876 186.70950466523382 426.5508115862732 225.96734373961303 -1 -1 -1 -1000 -1000 -1000 -10
65 6435 car 0 0 -1 -3.54560811085841 190.914560116841 209.77262950546148 310.0489140272155 -1 -1 -1 -1000 -1000 -1000 -10
65 6433 car 0 0 -1 581.5199640911367 180.71146802982204 617.7783630986446 216.0277246842996 -1 -1 -1 -1000 -1000 -1000 -10
65 6432 car 0 0 -1 343.69999479992026 188.78297040546727 418.22980577161064 230.15361358542185 -1 -1 -1 -1000 -1000 -1000 -10
66 6435 car 0 0 -1 -28.89359707666182 199.5903896556478 173.89931113022362 329.461945985794 -1 -1 -1 -1000 -1000 -1000 -10
66 6433 car 0 0 -1 583.2534942356325 181.5486513271099 618.826595310704 216.4423630030604 -1 -1 -1 -1000 -1000 -1000 -10
66 6432 car 0 0 -1 327.8019174070447 192.54457917218915 408.72872369663514 235.7482290187249 -1 -1 -1 -1000 -1000 -1000 -10
67 6435 car 0 0 -1 -46.719792884340585 209.80968474959786 122.22623219110406 345.1944100188381 -1 -1 -1 -1000 -1000 -1000 -10
67 6433 car 0 0 -1 585.0066811244718 180.4756855023259 620.6562824044207 214.81862161023096 -1 -1 -1 -1000 -1000 -1000 -10
67 6432 car 0 0 -1 309.57132088563804 192.36338793399847 399.0242448479591 238.20083810630229 -1 -1 -1 -1000 -1000 -1000 -10
68 6433 car 0 0 -1 586.5701027088612 177.63418716159885 621.7063696293415 211.55884998749696 -1 -1 -1 -1000 -1000 -1000 -10
68 6432 car 0 0 -1 287.1978862684258 190.12542645754706 386.17981391785395 239.3788196422501 -1 -1 -1 -1000 -1000 -1000 -10
69 6433 car 0 0 -1 587.699058602771 174.09654261537273 622.1858206701497 207.70720769471504 -1 -1 -1 -1000 -1000 -1000 -10
69 6432 car 0 0 -1 275.29064073298355 189.11533038824092 376.59408792269176 240.5973241954075 -1 -1 -1 -1000 -1000 -1000 -10
70 6433 car 0 0 -1 588.4148323255804 173.7232237649461 622.6956525006474 206.5482134687311 -1 -1 -1 -1000 -1000 -1000 -10
71 6436 car 0 0 -1 164.62998328142328 194.93432813094591 331.08823153187245 267.5360126435485 -1 -1 -1 -1000 -1000 -1000 -10
71 6433 car 0 0 -1 589.1711814764424 176.888264696373 623.0193829931486 209.147558157046 -1 -1 -1 -1000 -1000 -1000 -10
72 6436 car 0 0 -1 105.80770913198835 199.61773127689258 301.9548557413586 284.1408811826737 -1 -1 -1 -1000 -1000 -1000 -10
72 6433 car 0 0 -1 589.347214168192 180.09935993704656 622.602952945267 211.94161139962435 -1 -1 -1 -1000 -1000 -1000 -10
73 6436 car 0 0 -1 30.82827286963368 203.64290949410892 265.2179271187869 302.19747197670495 -1 -1 -1 -1000 -1000 -1000 -10
73 6433 car 0 0 -1 589.3294445512165 181.40506941775553 621.8789404024135 212.9331198207611 -1 -1 -1 -1000 -1000 -1000 -10
74 6436 car 0 0 -1 -12.732086442840497 210.11201997120583 234.78653163870956 321.58589161507217 -1 -1 -1 -1000 -1000 -1000 -10
74 6433 car 0 0 -1 589.2462703954043 180.8848449663987 621.0312030608397 212.44029480387115 -1 -1 -1 -1000 -1000 -1000 -10
75 6436 car 0 0 -1 -34.926501199568946 216.46480612717045 194.79020927734123 333.6590111081726 -1 -1 -1 -1000 -1000 -1000 -10
75 6433 car 0 0 -1 588.7220304462419 179.69179891775994 619.9231314992987 210.7281684729733 -1 -1 -1 -1000 -1000 -1000 -10
76 6436 car 0 0 -1 -50.20734646491278 208.55322472575992 137.74494750426518 326.3584474822741 -1 -1 -1 -1000 -1000 -1000 -10
76 6433 car 0 0 -1 587.5316420954109 179.7803601133776 618.5853759402391 210.16906152748285 -1 -1 -1 -1000 -1000 -1000 -10
77 6433 car 0 0 -1 585.9867354675491 179.62261683783706 617.2633789438994 210.15385749700673 -1 -1 -1 -1000 -1000 -1000 -10
78 6433 car 0 0 -1 585.6329309636969 179.56136888342283 616.5137632037374 210.15534169510553 -1 -1 -1 -1000 -1000 -1000 -10
79 6437 DontCare 0 0 -1 425.6272537259075 164.81407477695205 470.16706706358525 194.9063293691322 -1 -1 -1 -1000 -1000 -1000 -10
79 6433 car 0 0 -1 584.3085625654701 179.97795264334925 614.8899077132044 210.35144403140484 -1 -1 -1 -1000 -1000 -1000 -10
80 6437 DontCare 0 0 -1 422.837246142004 164.21976833472308 466.63454055362683 194.80259820888494 -1 -1 -1 -1000 -1000 -1000 -10
80 6433 car 0 0 -1 583.3799903610925 179.70734022886026 614.0569885598197 210.23188322315596 -1 -1 -1 -1000 -1000 -1000 -10
81 6437 DontCare 0 0 -1 419.64232995735057 162.79666843560443 462.2614097805368 193.89166601936472 -1 -1 -1 -1000 -1000 -1000 -10
81 6433 car 0 0 -1 582.4987823986506 177.99337243966843 612.3727889313499 208.02836633874628 -1 -1 -1 -1000 -1000 -1000 -10
82 6437 DontCare 0 0 -1 414.4185784953677 160.67027752431474 456.0612963585837 190.38086178156695 -1 -1 -1 -1000 -1000 -1000 -10
82 6433 car 0 0 -1 581.0465130378981 175.19546823199613 610.3261664426306 204.30811755514304 -1 -1 -1 -1000 -1000 -1000 -10
83 6437 DontCare 0 0 -1 411.31757953011163 157.01047846242693 457.34398152639176 187.97587215571707 -1 -1 -1 -1000 -1000 -1000 -10
83 6433 car 0 0 -1 579.1437298389335 172.12852578630776 608.3761469842366 201.75325432299655 -1 -1 -1 -1000 -1000 -1000 -10
84 6437 DontCare 0 0 -1 408.0155328434915 156.3458273551331 456.1977040643141 187.84362849001775 -1 -1 -1 -1000 -1000 -1000 -10
84 6433 car 0 0 -1 577.7994830840059 170.24211815003332 606.9909633766877 200.24655470904372 -1 -1 -1 -1000 -1000 -1000 -10
85 6433 car 0 0 -1 576.6760756935241 170.19679189668847 605.8149309522564 199.63373572080457 -1 -1 -1 -1000 -1000 -1000 -10
86 6433 car 0 0 -1 576.0831847426577 171.70923072976873 604.9011855119659 201.0168558018983 -1 -1 -1 -1000 -1000 -1000 -10
87 6437 DontCare 0 0 -1 392.3640260939636 160.49825944481734 449.42913105534865 196.05850811982413 -1 -1 -1 -1000 -1000 -1000 -10
87 6433 car 0 0 -1 575.2850720794843 173.85117645206842 603.8684759076166 202.49723670717898 -1 -1 -1 -1000 -1000 -1000 -10
88 6437 DontCare 0 0 -1 386.64194765292683 162.64393376102137 445.9048863633089 199.2892209305875 -1 -1 -1 -1000 -1000 -1000 -10
88 6433 car 0 0 -1 575.3044746917966 176.03705184129655 603.1496918840681 204.20912551449044 -1 -1 -1 -1000 -1000 -1000 -10
89 6437 DontCare 0 0 -1 382.0235857570468 164.59508892576778 443.3213373154481 201.95084465323 -1 -1 -1 -1000 -1000 -1000 -10
89 6433 car 0 0 -1 576.0665342998172 178.39333472840298 603.3741781683161 206.48081702874828 -1 -1 -1 -1000 -1000 -1000 -10
90 6437 DontCare 0 0 -1 375.3938999471206 164.0418080983313 440.27495270695164 202.29628275663103 -1 -1 -1 -1000 -1000 -1000 -10
90 6433 car 0 0 -1 575.9996472351193 178.50584356189373 603.190314501466 206.2588941937913 -1 -1 -1 -1000 -1000 -1000 -10
91 6437 DontCare 0 0 -1 367.56325532231125 162.16630159062322 438.1508764176826 202.1480878769496 -1 -1 -1 -1000 -1000 -1000 -10
91 6433 car 0 0 -1 575.6471177184093 178.61177687439096 602.1934934853617 206.11530309619332 -1 -1 -1 -1000 -1000 -1000 -10
92 6437 DontCare 0 0 -1 357.80365551524915 161.0169670690388 434.642061316427 203.1678733511476 -1 -1 -1 -1000 -1000 -1000 -10
92 6433 car 0 0 -1 575.6244236250402 179.95263099468264 601.7008457611832 207.269537662677 -1 -1 -1 -1000 -1000 -1000 -10
93 6437 DontCare 0 0 -1 350.70459227905894 162.85145902702038 433.011075135831 206.41527209198102 -1 -1 -1 -1000 -1000 -1000 -10
93 6433 car 0 0 -1 575.8723044733521 180.951316793347 601.882295540597 207.8529028861038 -1 -1 -1 -1000 -1000 -1000 -10
94 6437 DontCare 0 0 -1 343.6963034580486 164.16452798179714 430.45098788360775 208.94590361631978 -1 -1 -1 -1000 -1000 -1000 -10
94 6433 car 0 0 -1 575.7014592241097 182.02858460522916 602.2168310183362 208.63462581046784 -1 -1 -1 -1000 -1000 -1000 -10
95 6437 DontCare 0 0 -1 333.73604882953765 163.76648997431477 427.97210330849674 210.79293446041038 -1 -1 -1 -1000 -1000 -1000 -10
95 6433 car 0 0 -1 576.0008028388827 183.11550093645707 602.6056300455732 209.5117077024222 -1 -1 -1 -1000 -1000 -1000 -10
96 6437 DontCare 0 0 -1 323.1559323847652 162.66432140333137 423.75588292014453 211.15698807826112 -1 -1 -1 -1000 -1000 -1000 -10
96 6433 car 0 0 -1 576.2733287081887 182.31265734578216 603.2212205583442 208.56359947410533 -1 -1 -1 -1000 -1000 -1000 -10
97 6437 DontCare 0 0 -1 311.79797445939374 159.59934243386078 420.7081156977993 210.74395193408589 -1 -1 -1 -1000 -1000 -1000 -10
97 6433 car 0 0 -1 576.7640272391831 181.5828688140183 603.6947244212546 208.0016493663456 -1 -1 -1 -1000 -1000 -1000 -10
98 6437 DontCare 0 0 -1 299.9768099516583 157.68455856075997 418.28181425088326 211.3267761593093 -1 -1 -1 -1000 -1000 -1000 -10
98 6433 car 0 0 -1 576.9541401079417 181.27554995725149 603.8721726952773 207.81821142600546 -1 -1 -1 -1000 -1000 -1000 -10
99 6437 DontCare 0 0 -1 284.369389255745 155.42985716522765 413.99160683483103 212.43289494996247 -1 -1 -1 -1000 -1000 -1000 -10
99 6433 car 0 0 -1 578.1052906267055 180.51761286489057 604.7366605363195 207.14057531710807 -1 -1 -1 -1000 -1000 -1000 -10
100 6437 DontCare 0 0 -1 267.3519892645901 153.08182693047834 409.61106353882144 213.0694687127863 -1 -1 -1 -1000 -1000 -1000 -10
100 6433 car 0 0 -1 578.4903607307111 179.57393019902608 605.745498658465 206.2883141277787 -1 -1 -1 -1000 -1000 -1000 -10
101 6437 DontCare 0 0 -1 247.23005962117526 149.83527323946626 402.70720699528516 213.12486907495204 -1 -1 -1 -1000 -1000 -1000 -10
101 6433 car 0 0 -1 580.0587062649121 178.41032591883746 607.2085386829953 204.89372580315197 -1 -1 -1 -1000 -1000 -1000 -10
102 6437 DontCare 0 0 -1 223.90086860379387 146.28661820320715 396.25425342760894 213.55621652534532 -1 -1 -1 -1000 -1000 -1000 -10
102 6433 car 0 0 -1 581.2893383114216 177.10997973299848 608.3838503790681 203.97033742963467 -1 -1 -1 -1000 -1000 -1000 -10
103 6437 DontCare 0 0 -1 196.5837169285183 142.87436620715266 388.3307338318588 215.14813098353068 -1 -1 -1 -1000 -1000 -1000 -10
103 6433 car 0 0 -1 581.7776430817703 176.8223716907725 608.8126258997429 203.41189974390448 -1 -1 -1 -1000 -1000 -1000 -10
104 6437 DontCare 0 0 -1 166.00692711198639 139.99065234148958 379.7146156819612 217.97166323881453 -1 -1 -1 -1000 -1000 -1000 -10
104 6433 car 0 0 -1 581.6109299031375 176.86737705372462 608.078523410463 202.42218036836675 -1 -1 -1 -1000 -1000 -1000 -10
105 6437 DontCare 0 0 -1 125.49928270505295 138.05255702397315 367.54608884675326 221.7835042014062 -1 -1 -1 -1000 -1000 -1000 -10
105 6433 car 0 0 -1 582.1139740271445 175.9857232248814 607.854644791336 201.07240335191264 -1 -1 -1 -1000 -1000 -1000 -10
106 6438 DontCare 0 0 -1 673.3431423373429 165.3986730167823 699.1962962930036 212.92364968669574 -1 -1 -1 -1000 -1000 -1000 -10
106 6437 DontCare 0 0 -1 80.92453576110594 134.3373843069274 355.6031358326428 225.5827174797696 -1 -1 -1 -1000 -1000 -1000 -10
106 6433 car 0 0 -1 583.2312636503304 174.6635039097346 608.7159244305476 199.6723348806748 -1 -1 -1 -1000 -1000 -1000 -10
107 6438 DontCare 0 0 -1 680.4842768902648 163.38183552277687 706.089894370659 213.29594271362734 -1 -1 -1 -1000 -1000 -1000 -10
107 6437 DontCare 0 0 -1 42.16015376016085 131.53119222477335 348.404505378703 229.68313940189705 -1 -1 -1 -1000 -1000 -1000 -10
107 6433 car 0 0 -1 584.1529889038135 173.99926655743766 609.1724640124038 198.6760708745168 -1 -1 -1 -1000 -1000 -1000 -10
108 6438 DontCare 0 0 -1 688.0376752167855 159.903480424157 715.4346860820586 215.5077156038584 -1 -1 -1 -1000 -1000 -1000 -10
108 6437 DontCare 0 0 -1 20.394972235924314 128.5364550234777 345.27280577064323 231.28045860937803 -1 -1 -1 -1000 -1000 -1000 -10
108 6433 car 0 0 -1 584.7570703950655 173.35533666095913 609.7172469807758 198.06508323271734 -1 -1 -1 -1000 -1000 -1000 -10
109 6438 DontCare 0 0 -1 695.9951129665386 156.94319844819788 725.2939887487613 218.73031839485392 -1 -1 -1 -1000 -1000 -1000 -10
109 6437 DontCare 0 0 -1 6.741161314471526 126.71791382420547 342.6962445119665 234.45646660910597 -1 -1 -1 -1000 -1000 -1000 -10
109 6433 car 0 0 -1 585.1706740729883 172.4763154150859 610.3647620084982 197.21999128038695 -1 -1 -1 -1000 -1000 -1000 -10
110 6438 pedestrian 0 0 -1 707.8682692558613 156.9230438763544 737.6426418304296 221.58717376397337 -1 -1 -1 -1000 -1000 -1000 -10
110 6437 DontCare 0 0 -1 -1.58079446716593 124.35753294589693 338.72109561523735 234.1865860333279 -1 -1 -1 -1000 -1000 -1000 -10
110 6433 car 0 0 -1 585.2866937206363 172.13635159811355 610.6521404580731 196.90507806335035 -1 -1 -1 -1000 -1000 -1000 -10
111 6438 pedestrian 0 0 -1 720.4531582856346 156.0791127572329 752.167675087215 226.83768740861797 -1 -1 -1 -1000 -1000 -1000 -10
111 6437 DontCare 0 0 -1 -8.115820233934329 123.46876782335792 331.938535376892 237.8485252763049 -1 -1 -1 -1000 -1000 -1000 -10
111 6433 car 0 0 -1 585.1260368797339 172.63171672217447 610.3410741647328 197.41105483688318 -1 -1 -1 -1000 -1000 -1000 -10
112 6438 DontCare 0 0 -1 735.0292167334518 155.05321649343185 770.9912340702564 235.47178527863943 -1 -1 -1 -1000 -1000 -1000 -10
112 6437 DontCare 0 0 -1 -13.383573225059877 123.78373918027395 320.35241930891493 242.36562059301113 -1 -1 -1 -1000 -1000 -1000 -10
112 6433 car 0 0 -1 585.2574462960032 174.23766676380603 610.6517574723345 199.31022275302968 -1 -1 -1 -1000 -1000 -1000 -10
113 6438 DontCare 0 0 -1 754.9171650326574 156.45541740571068 795.3034390853851 246.11584107750988 -1 -1 -1 -1000 -1000 -1000 -10
113 6437 DontCare 0 0 -1 -17.30912569118098 123.79678078465199 306.0753925311194 245.45241659019095 -1 -1 -1 -1000 -1000 -1000 -10
113 6433 car 0 0 -1 586.0741214505734 174.79473654232865 611.873683321193 200.0944598260409 -1 -1 -1 -1000 -1000 -1000 -10
114 6438 DontCare 0 0 -1 777.6372947983044 150.77790960369 828.53408244887 258.21307074064964 -1 -1 -1 -1000 -1000 -1000 -10
114 6437 DontCare 0 0 -1 -21.476589891434685 124.2484728309276 289.01295624598026 249.32347541059983 -1 -1 -1 -1000 -1000 -1000 -10
114 6433 car 0 0 -1 584.7090218786549 176.16698506741074 610.2730491072629 200.4845249875175 -1 -1 -1 -1000 -1000 -1000 -10
115 6437 DontCare 0 0 -1 -25.044578707921247 124.63499878200824 268.9422042619751 253.0959639622889 -1 -1 -1 -1000 -1000 -1000 -10
115 6433 car 0 0 -1 584.071469430601 177.64578261428053 609.1529349915753 201.5520901018223 -1 -1 -1 -1000 -1000 -1000 -10
116 6437 DontCare 0 0 -1 -27.830746129974358 125.01040302238036 246.54602530702036 255.55951983685097 -1 -1 -1 -1000 -1000 -1000 -10
116 6433 car 0 0 -1 583.4565419886001 179.8825152795717 608.4717696777614 204.03135969967155 -1 -1 -1 -1000 -1000 -1000 -10
117 6437 DontCare 0 0 -1 -32.20123055603456 123.62580520296952 216.98974631333505 256.76785368472196 -1 -1 -1 -1000 -1000 -1000 -10
117 6433 car 0 0 -1 583.2376330559036 179.89488793737118 608.1945571108859 203.95112323995804 -1 -1 -1 -1000 -1000 -1000 -10
118 6437 DontCare 0 0 -1 -36.20780967828854 118.65402052060264 183.74059743803133 254.76670628518147 -1 -1 -1 -1000 -1000 -1000 -10
118 6433 car 0 0 -1 583.3379779244501 179.12277002194875 608.5270745547507 202.82873105084158 -1 -1 -1 -1000 -1000 -1000 -10
119 6437 DontCare 0 0 -1 -41.014170573821126 115.3993537054982 143.7574080426107 253.4757540184325 -1 -1 -1 -1000 -1000 -1000 -10
119 6433 car 0 0 -1 583.3344188942137 179.05568418072636 608.6948208347114 202.79749223152095 -1 -1 -1 -1000 -1000 -1000 -10
120 6433 car 0 0 -1 583.9194093145004 179.82236536752356 609.4180131050284 203.86487700475254 -1 -1 -1 -1000 -1000 -1000 -10
121 6446 car 0 0 -1 418.1612550216552 180.03790491485483 463.96480298160674 211.0584932773346 -1 -1 -1 -1000 -1000 -1000 -10
121 6433 car 0 0 -1 584.1104353213394 180.2408831390177 609.7254003290547 204.7715510002341 -1 -1 -1 -1000 -1000 -1000 -10
122 6447 car 0 0 -1 392.89498799620833 179.11944977185388 453.0896495100138 212.6607411635388 -1 -1 -1 -1000 -1000 -1000 -10
122 6446 car 0 0 -1 406.66766283148957 180.15583038533714 455.40653160087504 213.42103449361326 -1 -1 -1 -1000 -1000 -1000 -10
122 6433 car 0 0 -1 584.1554410746711 179.8712305266988 609.8695686389177 205.0255598537222 -1 -1 -1 -1000 -1000 -1000 -10
123 6447 car 0 0 -1 384.70541138121314 177.719447340042 447.1523345270672 213.81132433409624 -1 -1 -1 -1000 -1000 -1000 -10
123 6433 car 0 0 -1 584.5152421434211 178.1830739299505 610.8270509452332 203.55550425118278 -1 -1 -1 -1000 -1000 -1000 -10
124 6447 car 0 0 -1 369.0519465388079 175.28797251277226 434.706007449023 214.53706873320422 -1 -1 -1 -1000 -1000 -1000 -10
124 6433 car 0 0 -1 584.9669384982848 175.55319243389707 611.5002387668309 201.86573116160955 -1 -1 -1 -1000 -1000 -1000 -10
125 6446 car 0 0 -1 348.2069500634365 175.9568607461757 416.91334820622836 220.72077891893016 -1 -1 -1 -1000 -1000 -1000 -10
125 6433 car 0 0 -1 585.127915469008 176.51568690605941 611.7676012430616 202.9932407918278 -1 -1 -1 -1000 -1000 -1000 -10
126 6446 car 0 0 -1 322.62684864119103 178.30934953197414 400.9541344934686 228.68723554409502 -1 -1 -1 -1000 -1000 -1000 -10
126 6433 car 0 0 -1 585.7872576009323 176.4087455188922 612.5164224273188 203.27707031370812 -1 -1 -1 -1000 -1000 -1000 -10
127 6446 car 0 0 -1 286.7098919900923 179.15490855704704 378.8301394668092 236.22498438071838 -1 -1 -1 -1000 -1000 -1000 -10
127 6433 car 0 0 -1 586.1903769949505 175.845240573529 613.2726323365126 203.28686691393932 -1 -1 -1 -1000 -1000 -1000 -10
128 6446 car 0 0 -1 240.29251388140577 180.9315062820538 351.4256703137219 246.13226657050487 -1 -1 -1 -1000 -1000 -1000 -10
128 6433 car 0 0 -1 586.9174179704621 175.1868437026939 614.2325991607363 202.4897966616912 -1 -1 -1 -1000 -1000 -1000 -10
129 6448 DontCare 0 0 -1 452.57016070432263 170.05353210800664 492.58026284832346 204.40727243707326 -1 -1 -1 -1000 -1000 -1000 -10
129 6446 car 0 0 -1 235.5991136133623 175.19694298247506 343.3527939996086 237.42395724875635 -1 -1 -1 -1000 -1000 -1000 -10
129 6433 car 0 0 -1 586.7045947813178 174.79323650916362 614.4655462019723 201.70645525404692 -1 -1 -1 -1000 -1000 -1000 -10
130 6448 DontCare 0 0 -1 443.68862792355884 168.326197590433 485.3961389206161 204.70615619447474 -1 -1 -1 -1000 -1000 -1000 -10
130 6446 DontCare 0 0 -1 207.51141643752652 172.01482859511145 321.048934510632 237.73873567451204 -1 -1 -1 -1000 -1000 -1000 -10
130 6433 car 0 0 -1 587.3425930908611 174.24870170250009 615.7019380950323 201.18048646740888 -1 -1 -1 -1000 -1000 -1000 -10
131 6449 car 0 0 -1 -19.972656949842786 194.15418425193536 195.95464732521907 315.9400988120811 -1 -1 -1 -1000 -1000 -1000 -10
131 6448 DontCare 0 0 -1 435.1257348266101 165.76534282033347 481.3964668983776 206.16312420035868 -1 -1 -1 -1000 -1000 -1000 -10
131 6446 DontCare 0 0 -1 163.7493469244473 171.10269231251078 289.9817289541611 243.41114253607122 -1 -1 -1 -1000 -1000 -1000 -10
131 6433 car 0 0 -1 587.9300695565748 174.04097589313645 616.4514936896205 200.98106903795573 -1 -1 -1 -1000 -1000 -1000 -10
132 6448 DontCare 0 0 -1 424.14355806217634 164.89337381788292 475.0155845523209 208.95437207659373 -1 -1 -1 -1000 -1000 -1000 -10
132 6446 DontCare 0 0 -1 108.55228563315417 170.60521259415395 252.9020343743855 251.51231775618845 -1 -1 -1 -1000 -1000 -1000 -10
132 6433 car 0 0 -1 588.4006509764282 173.78794629476712 616.4900514873897 200.45768888047704 -1 -1 -1 -1000 -1000 -1000 -10
133 6448 DontCare 0 0 -1 412.889152880727 163.12166788505354 467.4943485538421 210.00018802432433 -1 -1 -1 -1000 -1000 -1000 -10
133 6446 DontCare 0 0 -1 36.50896416711247 170.02229292781098 204.24714253416983 263.3427723697625 -1 -1 -1 -1000 -1000 -1000 -10
133 6433 car 0 0 -1 588.4724479869184 173.39017140746975 615.9886887106387 199.31554425270687 -1 -1 -1 -1000 -1000 -1000 -10
134 6448 car 0 0 -1 398.65830240398515 163.4996661516327 458.40311335823407 214.23295954331337 -1 -1 -1 -1000 -1000 -1000 -10
134 6446 DontCare 0 0 -1 -5.070660330139091 174.49198436488493 160.65430032698276 278.5807607659242 -1 -1 -1 -1000 -1000 -1000 -10
134 6433 car 0 0 -1 588.6057689691127 173.3714943431436 615.6898989195129 198.74783033457172 -1 -1 -1 -1000 -1000 -1000 -10
135 6448 DontCare 0 0 -1 381.6992696994817 165.51589355370598 447.8241813558731 220.0108691934624 -1 -1 -1 -1000 -1000 -1000 -10
135 6433 car 0 0 -1 589.9797925420011 175.32962336345378 616.7410745675862 200.30211244937135 -1 -1 -1 -1000 -1000 -1000 -10
136 6448 DontCare 0 0 -1 360.76939713071016 167.42301763592533 435.1078073710241 225.630842499237 -1 -1 -1 -1000 -1000 -1000 -10
136 6433 car 0 0 -1 590.7310183475967 178.36435179544907 617.5369817653578 203.58946422822407 -1 -1 -1 -1000 -1000 -1000 -10
137 6448 DontCare 0 0 -1 335.2708871767595 168.09071632524203 419.5322746900722 231.67669632780374 -1 -1 -1 -1000 -1000 -1000 -10
137 6433 car 0 0 -1 590.8291619281487 179.66600649789896 617.4058424128729 205.32577796501184 -1 -1 -1 -1000 -1000 -1000 -10
138 6448 DontCare 0 0 -1 302.8760988891146 167.23168826944857 400.9915430420814 237.59681991566947 -1 -1 -1 -1000 -1000 -1000 -10
138 6433 car 0 0 -1 591.0820088333307 180.07594551331323 617.7612250673958 206.0770592758526 -1 -1 -1 -1000 -1000 -1000 -10
139 6448 DontCare 0 0 -1 260.82964852963676 166.07994975584245 376.79055710154535 246.45926438407747 -1 -1 -1 -1000 -1000 -1000 -10
139 6433 car 0 0 -1 590.5315706415895 180.3510843810489 617.2979529917466 206.86858132000174 -1 -1 -1 -1000 -1000 -1000 -10
140 6448 DontCare 0 0 -1 202.05071481336805 163.01322741398224 344.2201236097326 256.9007550347944 -1 -1 -1 -1000 -1000 -1000 -10
140 6433 car 0 0 -1 590.7570937105335 179.74990707581821 617.306105840929 206.63353361869474 -1 -1 -1 -1000 -1000 -1000 -10
141 6448 DontCare 0 0 -1 120.11006438263028 158.0961397292096 300.9614870661135 271.6476888965275 -1 -1 -1 -1000 -1000 -1000 -10
141 6433 car 0 0 -1 590.8746258397948 179.63500668465355 617.276439597897 207.05211417187326 -1 -1 -1 -1000 -1000 -1000 -10
142 6453 car 0 0 -1 432.6901522822687 184.4699265497656 469.1678975602917 209.73187406135554 -1 -1 -1 -1000 -1000 -1000 -10
142 6448 DontCare 0 0 -1 40.80506914079909 157.4989524437545 254.30307355339016 296.5685158737614 -1 -1 -1 -1000 -1000 -1000 -10
142 6433 car 0 0 -1 590.5048838764977 179.30978757879748 617.0562450759295 206.87200894437368 -1 -1 -1 -1000 -1000 -1000 -10
143 6453 car 0 0 -1 421.1312732713374 184.32482558421484 461.25869111630294 210.5028294021882 -1 -1 -1 -1000 -1000 -1000 -10
143 6433 car 0 0 -1 589.7150861231939 178.53887663483212 616.3752346235974 206.20656827285623 -1 -1 -1 -1000 -1000 -1000 -10
144 6453 car 0 0 -1 409.1072261916978 183.77216062633414 453.90321702257063 212.0041690855552 -1 -1 -1 -1000 -1000 -1000 -10
144 6433 car 0 0 -1 589.3865371713229 176.47775858927193 616.1408426866973 203.3655728996806 -1 -1 -1 -1000 -1000 -1000 -10
145 6453 car 0 0 -1 395.4249332357097 183.2900371322563 443.20168226597065 212.03609280240315 -1 -1 -1 -1000 -1000 -1000 -10
145 6433 car 0 0 -1 588.6207753615187 175.65478061757983 615.4463933228723 201.6953898566635 -1 -1 -1 -1000 -1000 -1000 -10
146 6453 car 0 0 -1 375.4358722056511 184.46894257770842 424.58927027768516 215.65252763738303 -1 -1 -1 -1000 -1000 -1000 -10
146 6433 car 0 0 -1 588.3283120543175 175.02377125363188 615.1800890705721 200.75337610232828 -1 -1 -1 -1000 -1000 -1000 -10
147 6453 car 0 0 -1 356.85974473695376 186.24800454242563 412.48953948449173 220.38208023111292 -1 -1 -1 -1000 -1000 -1000 -10
147 6433 car 0 0 -1 588.2114865313988 174.38661107673477 615.0824683006097 200.16900687954876 -1 -1 -1 -1000 -1000 -1000 -10
148 6453 car 0 0 -1 330.6219047801542 187.17253821009598 395.9726139426999 225.82563278494735 -1 -1 -1 -1000 -1000 -1000 -10
148 6433 car 0 0 -1 588.1638528747505 174.58405604183054 615.0471869542312 200.1281634510765 -1 -1 -1 -1000 -1000 -1000 -10
149 6455 car 0 0 -1 436.6075626408746 181.12189106964465 470.5004869089026 207.64929563900554 -1 -1 -1 -1000 -1000 -1000 -10
149 6453 car 0 0 -1 296.76912343108035 189.83100857262806 374.15467207256023 234.1439528968386 -1 -1 -1 -1000 -1000 -1000 -10
149 6433 car 0 0 -1 587.9671890221318 175.77102256286346 614.5893131112498 200.86783105350335 -1 -1 -1 -1000 -1000 -1000 -10
150 6455 car 0 0 -1 428.7246625535231 183.86818397959382 467.0016814218336 211.47677933077892 -1 -1 -1 -1000 -1000 -1000 -10
150 6453 car 0 0 -1 254.69541409282013 194.16923064728945 348.07484414866684 245.06531204389324 -1 -1 -1 -1000 -1000 -1000 -10
150 6433 car 0 0 -1 587.0443971944952 177.0957316457144 614.0174835216534 202.1455746650347 -1 -1 -1 -1000 -1000 -1000 -10
151 6455 car 0 0 -1 416.52750347800674 185.2439733208095 457.3526661635946 214.8155256624946 -1 -1 -1 -1000 -1000 -1000 -10
151 6453 car 0 0 -1 196.83766028167972 195.9651557829726 312.9555882741465 256.73530759171314 -1 -1 -1 -1000 -1000 -1000 -10
151 6433 car 0 0 -1 586.4563767030439 177.61141789793274 613.4119859392518 202.62480129434417 -1 -1 -1 -1000 -1000 -1000 -10
152 6455 car 0 0 -1 401.5895415773352 181.55734345004385 446.9852513509597 213.1392847585031 -1 -1 -1 -1000 -1000 -1000 -10
152 6453 car 0 0 -1 122.25469433410052 195.9083055361078 267.9390878972953 267.5721949180814 -1 -1 -1 -1000 -1000 -1000 -10
152 6433 car 0 0 -1 586.234327753749 174.70616607529485 613.1773856256733 199.69316617465552 -1 -1 -1 -1000 -1000 -1000 -10
153 6455 car 0 0 -1 386.0919645783487 180.206360204694 436.9773065185777 213.91810645072113 -1 -1 -1 -1000 -1000 -1000 -10
153 6453 car 0 0 -1 39.80717129975805 200.5906060042288 212.72808112473854 285.6884511396987 -1 -1 -1 -1000 -1000 -1000 -10
153 6433 car 0 0 -1 586.7498030965104 171.65257802471203 613.730213403573 197.40987874442553 -1 -1 -1 -1000 -1000 -1000 -10
154 6455 car 0 0 -1 367.18013257858496 181.29003306593188 423.5049584791432 217.39272623989393 -1 -1 -1 -1000 -1000 -1000 -10
154 6453 car 0 0 -1 -9.767945050864796 211.19786058771385 154.62293747195756 306.22437085932694 -1 -1 -1 -1000 -1000 -1000 -10
154 6433 car 0 0 -1 585.6123233001588 171.39087099835245 613.4097530751981 197.49971951212382 -1 -1 -1 -1000 -1000 -1000 -10
155 6455 car 0 0 -1 345.1957069681681 184.56472477107488 408.79074201270157 223.85437104028168 -1 -1 -1 -1000 -1000 -1000 -10
155 6433 car 0 0 -1 585.314170819659 172.31352093056114 613.1503361609027 198.3777450269577 -1 -1 -1 -1000 -1000 -1000 -10
156 6455 car 0 0 -1 319.64710411192743 186.86699835482813 391.5281296994465 230.39670970259368 -1 -1 -1 -1000 -1000 -1000 -10
156 6433 car 0 0 -1 584.4719729215611 173.29158247041016 613.1572184661821 199.3318983720465 -1 -1 -1 -1000 -1000 -1000 -10
157 6455 car 0 0 -1 288.22349175985295 189.76239108344407 370.0726599786041 237.96747503356573 -1 -1 -1 -1000 -1000 -1000 -10
157 6433 car 0 0 -1 585.9662824243851 174.74259429944277 614.4513267279767 200.48482008217775 -1 -1 -1 -1000 -1000 -1000 -10
158 6456 car 0 0 -1 425.7447067377183 184.47643012302487 465.1917328435454 213.50874055700646 -1 -1 -1 -1000 -1000 -1000 -10
158 6455 car 0 0 -1 245.62843557663655 194.5068329954507 343.04373287900864 249.5244772107802 -1 -1 -1 -1000 -1000 -1000 -10
158 6433 car 0 0 -1 586.5667730461039 176.3241909883608 614.9150629212565 202.38510893693913 -1 -1 -1 -1000 -1000 -1000 -10
159 6456 car 0 0 -1 415.33954702247576 186.18948316991276 454.8388474634283 215.59750190452053 -1 -1 -1 -1000 -1000 -1000 -10
159 6455 car 0 0 -1 187.00100157696102 197.84996953942382 307.6765455013559 261.9667379513555 -1 -1 -1 -1000 -1000 -1000 -10
159 6433 car 0 0 -1 586.8239251704058 177.14254292206704 615.0635982613524 202.89745241952414 -1 -1 -1 -1000 -1000 -1000 -10
160 6456 car 0 0 -1 404.92765871110726 184.9035910139038 449.2845265187376 216.82193396523041 -1 -1 -1 -1000 -1000 -1000 -10
160 6455 car 0 0 -1 104.86043143658893 200.52236082573828 258.94169344591774 277.4462481458026 -1 -1 -1 -1000 -1000 -1000 -10
160 6433 car 0 0 -1 586.9410067742506 177.06060277035908 615.1006888919624 202.8668910133108 -1 -1 -1 -1000 -1000 -1000 -10
161 6456 car 0 0 -1 392.0309419158549 181.9636902612078 441.0207897891037 217.29759554423973 -1 -1 -1 -1000 -1000 -1000 -10
161 6455 car 0 0 -1 29.79359122079738 207.10455872266402 203.95890310475107 298.3012234827342 -1 -1 -1 -1000 -1000 -1000 -10
161 6433 car 0 0 -1 586.3742947821202 176.0563265117527 614.4825005223547 201.34295332388749 -1 -1 -1 -1000 -1000 -1000 -10
162 6456 car 0 0 -1 378.4887385868149 181.73575465740325 431.149610647664 218.67284113027685 -1 -1 -1 -1000 -1000 -1000 -10
162 6455 car 0 0 -1 -14.60586490424447 214.61316228222995 142.8812880749386 312.5942742091263 -1 -1 -1 -1000 -1000 -1000 -10
162 6433 car 0 0 -1 586.5197738777588 175.93104492531668 615.1267212357202 201.12497076932485 -1 -1 -1 -1000 -1000 -1000 -10
163 6456 car 0 0 -1 360.5499371524145 182.95679387299663 416.6985060093566 222.61038292519703 -1 -1 -1 -1000 -1000 -1000 -10
163 6433 car 0 0 -1 587.2803980465795 177.30783556810366 616.5313496748491 202.72521000314737 -1 -1 -1 -1000 -1000 -1000 -10
164 6456 car 0 0 -1 340.3425546309551 185.60969052919816 400.83701272973644 227.1738221280206 -1 -1 -1 -1000 -1000 -1000 -10
164 6433 car 0 0 -1 587.2851901344093 178.42241671926098 616.7313291544856 203.99126420295903 -1 -1 -1 -1000 -1000 -1000 -10
165 6456 car 0 0 -1 314.37182737432454 185.5797546148522 385.5319622957031 231.7577059570726 -1 -1 -1 -1000 -1000 -1000 -10
165 6433 car 0 0 -1 587.4269987585725 178.81960907028167 617.2883603993467 204.50398424380012 -1 -1 -1 -1000 -1000 -1000 -10
166 6457 car 0 0 -1 56.16085927823319 191.14291808667974 97.62462591885033 215.60708220610474 -1 -1 -1 -1000 -1000 -1000 -10
166 6456 car 0 0 -1 281.1681080331346 185.76473860898287 364.39381239321136 237.13402804853817 -1 -1 -1 -1000 -1000 -1000 -10
166 6433 car 0 0 -1 586.9462474416165 178.67248970927628 617.4138629495279 204.99926115598387 -1 -1 -1 -1000 -1000 -1000 -10
167 6458 DontCare 0 0 -1 425.6871529619303 175.64502585822277 466.60468874548343 209.82796204711713 -1 -1 -1 -1000 -1000 -1000 -10
167 6457 car 0 0 -1 43.23575813618411 192.54784782302664 84.61114296780161 216.89761233644504 -1 -1 -1 -1000 -1000 -1000 -10
167 6456 car 0 0 -1 239.8385083339464 185.42578945084225 338.8236061371295 244.71216218234147 -1 -1 -1 -1000 -1000 -1000 -10
167 6433 car 0 0 -1 586.942653426828 178.96297382863148 617.2810170087844 205.46371510238188 -1 -1 -1 -1000 -1000 -1000 -10
168 6458 DontCare 0 0 -1 415.0321062829618 173.75077631008256 458.58659645688425 210.21343340546306 -1 -1 -1 -1000 -1000 -1000 -10
168 6457 car 0 0 -1 30.409701679918392 190.71601278743523 72.82958075630495 215.5901530256074 -1 -1 -1 -1000 -1000 -1000 -10
168 6456 car 0 0 -1 184.85409633015894 184.94453836211534 304.087308762071 253.69273910453097 -1 -1 -1 -1000 -1000 -1000 -10
168 6433 car 0 0 -1 587.4026988250087 177.27977096476198 617.3894472226868 203.08653131333867 -1 -1 -1 -1000 -1000 -1000 -10
169 6460 DontCare 0 0 -1 404.1700488864557 171.63408353543036 449.8114118285249 207.69112794810837 -1 -1 -1 -1000 -1000 -1000 -10
169 6458 car 0 0 -1 404.03623424581485 171.34063068482135 449.56663063443045 209.00132903677826 -1 -1 -1 -1000 -1000 -1000 -10
169 6457 car 0 0 -1 17.032310169345177 187.74688289153084 63.47979199945887 213.86816504275475 -1 -1 -1 -1000 -1000 -1000 -10
169 6456 car 0 0 -1 109.95662766927944 183.36794681472668 258.8192434656463 264.8704532402439 -1 -1 -1 -1000 -1000 -1000 -10
169 6433 car 0 0 -1 586.5679087442851 174.3536331393014 616.5766965374243 200.73471676753553 -1 -1 -1 -1000 -1000 -1000 -10
170 6460 DontCare 0 0 -1 391.6454824370795 169.6812834501862 441.46621768571526 208.03873498312973 -1 -1 -1 -1000 -1000 -1000 -10
170 6458 car 0 0 -1 392.1532330813319 169.66799900251277 441.21750328533176 208.78609656213268 -1 -1 -1 -1000 -1000 -1000 -10
170 6456 car 0 0 -1 33.84721149404608 187.07916544181256 204.97509441886695 283.4946156587318 -1 -1 -1 -1000 -1000 -1000 -10
170 6433 car 0 0 -1 585.2863711780535 172.34031100326857 614.7431634897923 198.86917257839255 -1 -1 -1 -1000 -1000 -1000 -10
171 6458 DontCare 0 0 -1 379.5127875009715 169.79325090156675 432.2122889141216 210.18643809132453 -1 -1 -1 -1000 -1000 -1000 -10
171 6456 car 0 0 -1 -12.291840396335985 195.1398890133196 144.32886593951326 299.26682528551316 -1 -1 -1 -1000 -1000 -1000 -10
172 6459 car 0 0 -1 535.607893311762 178.02490985843912 566.0326240723751 203.07022810450457 -1 -1 -1 -1000 -1000 -1000 -10
172 6458 DontCare 0 0 -1 363.56599895805994 171.25704847916427 422.6348283838156 215.52445124911844 -1 -1 -1 -1000 -1000 -1000 -10
173 6459 car 0 0 -1 533.3663571548723 179.82601859287422 565.5431156922705 206.5792619676264 -1 -1 -1 -1000 -1000 -1000 -10
173 6458 DontCare 0 0 -1 345.02537028516906 173.04905585065046 410.9670791308781 220.9482836680084 -1 -1 -1 -1000 -1000 -1000 -10
173 6433 car 0 0 -1 581.8302097377444 175.91658026426632 609.40899911392 200.83548950244688 -1 -1 -1 -1000 -1000 -1000 -10
174 6461 car 0 0 -1 450.20784883805015 180.3653730273043 481.7067552603461 205.08470629671754 -1 -1 -1 -1000 -1000 -1000 -10
174 6459 car 0 0 -1 531.1640952792052 180.54376925433857 564.8349076693573 209.0360275051423 -1 -1 -1 -1000 -1000 -1000 -10
174 6458 DontCare 0 0 -1 322.5347739436676 173.86687802932914 396.96034261852253 226.08810134757567 -1 -1 -1 -1000 -1000 -1000 -10
174 6433 car 0 0 -1 581.6682649075015 176.53390365522046 608.8394525168633 200.28534909158924 -1 -1 -1 -1000 -1000 -1000 -10
175 6461 car 0 0 -1 442.74903195023364 179.9278043212136 475.4241791083683 204.92553104057595 -1 -1 -1 -1000 -1000 -1000 -10
175 6459 car 0 0 -1 528.7174538330814 178.64826877651132 562.9067708022931 208.4266708211053 -1 -1 -1 -1000 -1000 -1000 -10
175 6458 DontCare 0 0 -1 296.7556424380934 173.15747034956362 380.0718699096952 230.26301011340817 -1 -1 -1 -1000 -1000 -1000 -10
175 6433 car 0 0 -1 581.2553158649903 176.04214683591198 608.3539470330761 199.55959715331488 -1 -1 -1 -1000 -1000 -1000 -10
176 6461 car 0 0 -1 436.47858877829646 178.92138640916028 470.54956639610526 204.11598422095153 -1 -1 -1 -1000 -1000 -1000 -10
176 6459 car 0 0 -1 525.6924720953547 178.1750991970361 561.0663253890581 208.60174448028744 -1 -1 -1 -1000 -1000 -1000 -10
176 6458 DontCare 0 0 -1 265.1982272360523 171.06019456077195 358.89248035322487 233.57448108842516 -1 -1 -1 -1000 -1000 -1000 -10
176 6433 car 0 0 -1 581.1088689921834 174.82359164904568 608.157426445025 198.45077636600547 -1 -1 -1 -1000 -1000 -1000 -10
177 6461 car 0 0 -1 427.8687042903689 179.21559774442278 465.945672794795 205.3467292147323 -1 -1 -1 -1000 -1000 -1000 -10
177 6459 car 0 0 -1 522.0258172958567 177.6876115948843 559.0354753840694 209.6048731121969 -1 -1 -1 -1000 -1000 -1000 -10
177 6458 DontCare 0 0 -1 225.2360631040401 169.1877825230644 335.3105396661226 240.41986959940118 -1 -1 -1 -1000 -1000 -1000 -10
177 6433 car 0 0 -1 581.0558196457268 173.89534097645253 608.0792365830098 197.869906023209 -1 -1 -1 -1000 -1000 -1000 -10
178 6461 car 0 0 -1 416.83617457950925 181.36819545207052 455.39592901684625 207.20847894909352 -1 -1 -1 -1000 -1000 -1000 -10
178 6459 car 0 0 -1 519.3791791922173 177.9471160086332 557.7115767316249 210.83293830209664 -1 -1 -1 -1000 -1000 -1000 -10
178 6458 DontCare 0 0 -1 173.206719082652 169.46802074129565 304.9190893725721 249.76971602551984 -1 -1 -1 -1000 -1000 -1000 -10
178 6433 car 0 0 -1 579.9727450129863 174.09577282883888 607.2485978784816 198.33611399710273 -1 -1 -1 -1000 -1000 -1000 -10
179 6461 car 0 0 -1 406.42209152067767 184.2312121651322 445.60084524464764 209.8607495495525 -1 -1 -1 -1000 -1000 -1000 -10
179 6459 car 0 0 -1 515.7593754550254 178.79104773833873 556.6718992944503 213.15785920028682 -1 -1 -1 -1000 -1000 -1000 -10
179 6458 DontCare 0 0 -1 103.98544845524441 170.9437676872876 262.1085411756926 260.9433080593505 -1 -1 -1 -1000 -1000 -1000 -10
179 6433 car 0 0 -1 579.3436756552902 175.02620714337252 606.5254417180707 198.90324447889668 -1 -1 -1 -1000 -1000 -1000 -10
180 6461 car 0 0 -1 394.82310098687486 186.4803191874163 436.8809398539391 213.61381287991415 -1 -1 -1 -1000 -1000 -1000 -10
180 6459 car 0 0 -1 512.5574215756228 179.93779002934073 554.9641493416104 215.79062488394894 -1 -1 -1 -1000 -1000 -1000 -10
180 6458 DontCare 0 0 -1 35.20707309602585 174.27871066853137 217.69100820556326 279.1262458890575 -1 -1 -1 -1000 -1000 -1000 -10
180 6433 car 0 0 -1 579.5687482542643 176.8608168516232 606.4047819350129 200.74667413046734 -1 -1 -1 -1000 -1000 -1000 -10
181 6461 car 0 0 -1 381.2151415491749 191.17900266871746 426.8374164494555 219.74157569897935 -1 -1 -1 -1000 -1000 -1000 -10
181 6459 car 0 0 -1 508.0911077929422 183.65010442105051 553.1235640887901 221.30968459082857 -1 -1 -1 -1000 -1000 -1000 -10
181 6458 DontCare 0 0 -1 -6.530442329515708 183.63681600592486 171.8358094278916 300.38322955531504 -1 -1 -1 -1000 -1000 -1000 -10
181 6433 car 0 0 -1 578.6215636144977 179.95993100949647 605.5285252213644 204.64239993650045 -1 -1 -1 -1000 -1000 -1000 -10
182 6461 car 0 0 -1 364.91239335476126 194.34587182076208 413.68298163954995 224.47020384868685 -1 -1 -1 -1000 -1000 -1000 -10
182 6459 car 0 0 -1 503.91893358053585 185.80643322979148 550.47583097611 225.18095250476688 -1 -1 -1 -1000 -1000 -1000 -10
182 6433 car 0 0 -1 578.270116820085 183.12509731896557 605.1833863797441 207.87547193849923 -1 -1 -1 -1000 -1000 -1000 -10
183 6461 car 0 0 -1 346.76097077012383 196.13451870620457 400.306788315136 228.14307096925944 -1 -1 -1 -1000 -1000 -1000 -10
183 6459 car 0 0 -1 499.62422317364496 187.08885521695572 548.4172632962549 228.05608455589618 -1 -1 -1 -1000 -1000 -1000 -10
183 6433 car 0 0 -1 578.5780510656926 184.59685660703562 605.2302841836132 208.8477742832757 -1 -1 -1 -1000 -1000 -1000 -10
184 6461 car 0 0 -1 326.01743680755277 194.6852379826105 386.8617978920743 230.2090789710229 -1 -1 -1 -1000 -1000 -1000 -10
184 6459 car 0 0 -1 495.6161881655842 186.32512421296377 546.901531463385 229.03371186408526 -1 -1 -1 -1000 -1000 -1000 -10
184 6433 car 0 0 -1 579.3580368039222 183.29386803911595 605.8276740926538 207.97955842690683 -1 -1 -1 -1000 -1000 -1000 -10
185 6461 car 0 0 -1 299.33207218962576 193.65310799207933 371.2664891764462 233.96621972853254 -1 -1 -1 -1000 -1000 -1000 -10
185 6459 car 0 0 -1 490.61481236755 183.47899144996373 545.4065488803844 229.32233562716917 -1 -1 -1 -1000 -1000 -1000 -10
185 6433 car 0 0 -1 578.9007118340153 181.11903259446936 604.9480114062981 205.59959277955332 -1 -1 -1 -1000 -1000 -1000 -10
186 6461 car 0 0 -1 267.14290001382994 193.17123332011968 350.43491351833325 237.97128916214618 -1 -1 -1 -1000 -1000 -1000 -10
186 6459 car 0 0 -1 484.5798684331903 181.44094176909516 542.0110053166927 229.6968783497614 -1 -1 -1 -1000 -1000 -1000 -10
186 6433 car 0 0 -1 579.1225684646497 179.22150428410424 605.4572815974866 202.65308002309905 -1 -1 -1 -1000 -1000 -1000 -10
187 6461 car 0 0 -1 228.28963937075844 193.12426300677575 325.8624959540323 244.42933206222037 -1 -1 -1 -1000 -1000 -1000 -10
187 6459 car 0 0 -1 479.4955089973935 180.42935544566424 540.4127873869884 231.95864474750599 -1 -1 -1 -1000 -1000 -1000 -10
187 6433 car 0 0 -1 579.9765313211585 178.2044626073571 606.7452305275469 201.19953148178823 -1 -1 -1 -1000 -1000 -1000 -10
188 6461 car 0 0 -1 177.22498811933056 196.05878493105206 293.5801758642715 255.43375424285364 -1 -1 -1 -1000 -1000 -1000 -10
188 6459 car 0 0 -1 473.586909203562 181.77921712952846 537.4847520545306 236.16549600401802 -1 -1 -1 -1000 -1000 -1000 -10
188 6433 car 0 0 -1 581.4684374486349 178.84517869847375 608.5548949318691 202.09939216117382 -1 -1 -1 -1000 -1000 -1000 -10
189 6461 car 0 0 -1 110.53222862077835 199.38563268925077 253.47441560775258 268.86668396001676 -1 -1 -1 -1000 -1000 -1000 -10
189 6459 car 0 0 -1 465.48086886324205 181.58958350533152 534.6664465056058 240.3450796997476 -1 -1 -1 -1000 -1000 -1000 -10
189 6433 car 0 0 -1 581.9838613747027 179.04602148378422 609.3002342216046 202.4874608127414 -1 -1 -1 -1000 -1000 -1000 -10
190 6468 car 0 0 -1 298.2450884630489 187.2316269610262 360.38043812311105 224.9039661005144 -1 -1 -1 -1000 -1000 -1000 -10
190 6461 car 0 0 -1 39.05054998240972 202.7674360414 204.97255756534855 284.5655507104209 -1 -1 -1 -1000 -1000 -1000 -10
190 6459 car 0 0 -1 455.2789648540743 181.58092299379186 530.6103838608578 245.02057212596142 -1 -1 -1 -1000 -1000 -1000 -10
190 6433 car 0 0 -1 582.5879449270689 178.47321795375973 609.7982990254576 202.04391137951689 -1 -1 -1 -1000 -1000 -1000 -10
191 6468 car 0 0 -1 270.4954362373989 185.94166352179622 340.61173905003164 227.2000441180428 -1 -1 -1 -1000 -1000 -1000 -10
191 6459 car 0 0 -1 444.8099850206049 180.4230456674117 528.1159546590462 249.1881071257182 -1 -1 -1 -1000 -1000 -1000 -10
191 6433 car 0 0 -1 583.5579227333395 176.19172231039843 609.8698516563405 199.59165852413602 -1 -1 -1 -1000 -1000 -1000 -10
192 6468 car 0 0 -1 237.4554808395859 185.52600861221111 317.427551981418 230.90633850346654 -1 -1 -1 -1000 -1000 -1000 -10
192 6459 car 0 0 -1 431.50568230915337 178.99933211686684 523.2365834796349 253.62621781560804 -1 -1 -1 -1000 -1000 -1000 -10
192 6433 car 0 0 -1 584.8797716357768 174.73296474268133 610.8080423423186 198.00127517894228 -1 -1 -1 -1000 -1000 -1000 -10
193 6470 DontCare 0 0 -1 674.8871255350551 163.6333447054265 712.9110726826826 221.26125287564207 -1 -1 -1 -1000 -1000 -1000 -10
193 6468 car 0 0 -1 198.14777163344561 185.6917773642901 291.1711723712616 236.83526685489664 -1 -1 -1 -1000 -1000 -1000 -10
193 6459 car 0 0 -1 415.1408438195563 178.83689848322103 515.6379446228158 259.97942674982875 -1 -1 -1 -1000 -1000 -1000 -10
193 6433 car 0 0 -1 586.584367426586 173.29620471214784 613.0704615355068 197.03240753584063 -1 -1 -1 -1000 -1000 -1000 -10
194 6470 DontCare 0 0 -1 685.7563237967842 161.31140463626076 729.6146781264587 227.09654983277636 -1 -1 -1 -1000 -1000 -1000 -10
194 6468 car 0 0 -1 147.32925286103244 189.6824394463163 256.82452818563564 248.26322896177348 -1 -1 -1 -1000 -1000 -1000 -10
194 6459 car 0 0 -1 394.81598644894285 180.44787266362596 507.91880648393993 270.8380072531233 -1 -1 -1 -1000 -1000 -1000 -10
194 6433 car 0 0 -1 586.5205347234768 173.911263509951 613.4074178224538 197.98247117654327 -1 -1 -1 -1000 -1000 -1000 -10
195 6472 pedestrian 0 0 -1 700.0333595659234 164.87687359145662 731.283379693543 233.26189860360176 -1 -1 -1 -1000 -1000 -1000 -10
195 6470 DontCare 0 0 -1 687.3476500341831 162.3629776182831 742.356726988204 236.22933544280906 -1 -1 -1 -1000 -1000 -1000 -10
195 6468 car 0 0 -1 84.38206246008856 195.50158912814928 215.31205191318594 261.53747005234874 -1 -1 -1 -1000 -1000 -1000 -10
195 6459 car 0 0 -1 370.59459522849073 184.17612242305864 500.03240925876463 285.7597518710844 -1 -1 -1 -1000 -1000 -1000 -10
195 6433 car 0 0 -1 587.8355347338264 176.74066740734304 615.3003045369745 201.33869219630805 -1 -1 -1 -1000 -1000 -1000 -10
196 6473 car 0 0 -1 821.0162123444073 171.26303607942512 920.2608421416368 214.6762875987421 -1 -1 -1 -1000 -1000 -1000 -10
196 6472 pedestrian 0 0 -1 703.575190472107 165.97545109638017 734.3008121079894 237.42418724559295 -1 -1 -1 -1000 -1000 -1000 -10
196 6470 DontCare 0 0 -1 691.2303327261201 161.9431971302572 756.2756008118271 241.90121756470523 -1 -1 -1 -1000 -1000 -1000 -10
196 6468 car 0 0 -1 17.858707633704086 201.46436756832878 166.36709394416184 275.80203944466916 -1 -1 -1 -1000 -1000 -1000 -10
196 6467 pedestrian 0 0 -1 687.5467144584348 171.39160259862325 731.0468581439865 233.85949198388414 -1 -1 -1 -1000 -1000 -1000 -10
196 6459 car 0 0 -1 339.29845050155865 187.29759073671084 489.46928670886126 302.9911173900674 -1 -1 -1 -1000 -1000 -1000 -10
196 6433 car 0 0 -1 589.4125887967406 178.1926576853332 616.1895706700406 202.870568548268 -1 -1 -1 -1000 -1000 -1000 -10
197 6470 DontCare 0 0 -1 699.8716187126466 156.36433887509173 774.2609664318273 245.47969512978239 -1 -1 -1 -1000 -1000 -1000 -10
197 6468 car 0 0 -1 -19.245355568127707 203.9995415353978 116.09374311748499 282.3611865635814 -1 -1 -1 -1000 -1000 -1000 -10
197 6459 car 0 0 -1 296.1317955556458 187.58882516626153 475.0780454370588 322.4190070436791 -1 -1 -1 -1000 -1000 -1000 -10
197 6433 car 0 0 -1 591.0163813174564 176.94397967175388 616.7687879798033 200.91399089307862 -1 -1 -1 -1000 -1000 -1000 -10
198 6470 DontCare 0 0 -1 710.0620584493026 154.67376119207458 792.8246825282222 249.04104598679865 -1 -1 -1 -1000 -1000 -1000 -10
198 6459 car 0 0 -1 232.60518265600885 186.44633872741872 454.88735050220623 348.08042231624347 -1 -1 -1 -1000 -1000 -1000 -10
198 6433 car 0 0 -1 592.3384462429067 174.03091505186447 618.142211123793 198.25805090148626 -1 -1 -1 -1000 -1000 -1000 -10
199 6470 DontCare 0 0 -1 717.4990560552387 153.34487708182567 812.0308043419711 255.6689379357148 -1 -1 -1 -1000 -1000 -1000 -10
199 6459 car 0 0 -1 132.56245750886103 181.48416942887542 417.10355387311154 363.5849731475557 -1 -1 -1 -1000 -1000 -1000 -10
199 6433 car 0 0 -1 594.0765085806395 172.25251052059775 619.9160251269157 196.66851806251714 -1 -1 -1 -1000 -1000 -1000 -10
200 6472 DontCare 0 0 -1 741.9832127387992 157.40526041711271 830.1200065012458 272.7786338679708 -1 -1 -1 -1000 -1000 -1000 -10
200 6470 DontCare 0 0 -1 744.4562555457167 159.7969409891684 834.3911720245017 265.8108068015266 -1 -1 -1 -1000 -1000 -1000 -10
200 6467 pedestrian 0 0 -1 705.5037222184241 171.91544052391058 747.3698391134027 248.41593750642036 -1 -1 -1 -1000 -1000 -1000 -10
200 6459 car 0 0 -1 67.35150794910237 177.5121267267059 395.91086405499004 370.87589394253087 -1 -1 -1 -1000 -1000 -1000 -10
200 6433 car 0 0 -1 595.5279551216772 174.3048474756621 621.6674317153461 198.29624804756457 -1 -1 -1 -1000 -1000 -1000 -10
201 6472 DontCare 0 0 -1 751.422255462326 154.3103343102929 842.6947449410658 278.5116243456768 -1 -1 -1 -1000 -1000 -1000 -10
201 6470 DontCare 0 0 -1 764.8991271452487 159.98574795509148 873.3385979807622 279.59896937367466 -1 -1 -1 -1000 -1000 -1000 -10
201 6467 pedestrian 0 0 -1 713.9173358112062 173.82795563148682 752.78198804935 253.10724727803063 -1 -1 -1 -1000 -1000 -1000 -10
201 6459 car 0 0 -1 25.942552189560928 178.3557615930667 369.9372530091606 375.6448806985151 -1 -1 -1 -1000 -1000 -1000 -10
201 6433 car 0 0 -1 596.3056303912616 176.57014894195746 622.1123597196128 200.54065918485853 -1 -1 -1 -1000 -1000 -1000 -10
202 6472 DontCare 0 0 -1 784.0985671070298 148.37298054583525 910.5259746965869 297.9618032874329 -1 -1 -1 -1000 -1000 -1000 -10
202 6470 DontCare 0 0 -1 774.8966361468545 156.24672232268733 893.875389308912 289.68399047876267 -1 -1 -1 -1000 -1000 -1000 -10
202 6467 pedestrian 0 0 -1 727.5723034062839 174.60836859666628 766.0619450417846 259.9022982683076 -1 -1 -1 -1000 -1000 -1000 -10
202 6459 car 0 0 -1 -5.5153465121540535 188.13038329267394 328.06210968145746 381.8107067585436 -1 -1 -1 -1000 -1000 -1000 -10
202 6433 car 0 0 -1 598.8703190239718 176.81598116148524 624.9794610402154 200.7764020924251 -1 -1 -1 -1000 -1000 -1000 -10
203 6477 car 0 0 -1 391.9378470311427 184.7576825588549 442.6670239706847 215.88691531499742 -1 -1 -1 -1000 -1000 -1000 -10
203 6472 DontCare 0 0 -1 826.9086636887098 145.14716785577872 988.3027695114413 324.58501689631686 -1 -1 -1 -1000 -1000 -1000 -10
203 6470 DontCare 0 0 -1 789.8207176673949 157.4763844872032 911.8280570011763 305.07105803182594 -1 -1 -1 -1000 -1000 -1000 -10
203 6433 car 0 0 -1 599.7930142613558 176.46395723057287 626.1306040521705 200.69215794706736 -1 -1 -1 -1000 -1000 -1000 -10
204 6479 car 0 0 -1 -13.603787680615476 214.55636452127115 118.31564774028976 306.91980017531034 -1 -1 -1 -1000 -1000 -1000 -10
204 6477 car 0 0 -1 373.87366099890534 187.58124533291755 428.0926208106317 220.93091387208244 -1 -1 -1 -1000 -1000 -1000 -10
204 6472 DontCare 0 0 -1 831.6972459559853 145.68555494423381 990.8611007329695 336.47349178169566 -1 -1 -1 -1000 -1000 -1000 -10
204 6470 pedestrian 0 0 -1 820.280873140364 156.76988853416515 935.9781575004002 317.0553568288493 -1 -1 -1 -1000 -1000 -1000 -10
204 6433 car 0 0 -1 601.3409066701757 177.0808372417095 627.8566235093889 201.7711201951392 -1 -1 -1 -1000 -1000 -1000 -10
205 6477 car 0 0 -1 355.3334608411573 192.6815222142724 413.90492386019747 227.95446968841887 -1 -1 -1 -1000 -1000 -1000 -10
205 6472 pedestrian 0 0 -1 878.8438006419248 152.08715992377805 1022.5286898506637 354.128428532944 -1 -1 -1 -1000 -1000 -1000 -10
205 6470 pedestrian 0 0 -1 809.2997539274704 168.51090148189508 908.9376547079587 328.2090568538363 -1 -1 -1 -1000 -1000 -1000 -10
205 6433 car 0 0 -1 601.5557530755004 180.35089554116917 627.6500412949827 205.35574425710848 -1 -1 -1 -1000 -1000 -1000 -10
206 6481 DontCare 0 0 -1 922.5244025378122 115.7325483166006 1231.0386088967473 377.5990237762494 -1 -1 -1 -1000 -1000 -1000 -10
206 6477 car 0 0 -1 325.53958318132186 194.03338530924654 399.44013685546986 235.30076958010844 -1 -1 -1 -1000 -1000 -1000 -10
206 6470 pedestrian 0 0 -1 840.9013586892244 183.8468656303969 935.3964448108717 351.73798167061534 -1 -1 -1 -1000 -1000 -1000 -10
206 6433 car 0 0 -1 602.4997203153976 182.9568879675372 628.5702585124084 208.47139181651838 -1 -1 -1 -1000 -1000 -1000 -10
207 6481 DontCare 0 0 -1 991.6632651591831 112.55273041185966 1257.204099303758 365.29009942448766 -1 -1 -1 -1000 -1000 -1000 -10
207 6477 car 0 0 -1 292.4555272412212 194.81919550563558 374.2774315658077 239.9588812985492 -1 -1 -1 -1000 -1000 -1000 -10
207 6433 car 0 0 -1 602.8721624004589 182.4408065862485 628.9089307237449 208.0699335686442 -1 -1 -1 -1000 -1000 -1000 -10
208 6481 DontCare 0 0 -1 1039.5613271471782 155.85870107323865 1261.4115255080499 376.9788345668344 -1 -1 -1 -1000 -1000 -1000 -10
208 6477 car 0 0 -1 250.71773428966463 194.53035832447748 345.1017580076887 245.30687297617695 -1 -1 -1 -1000 -1000 -1000 -10
208 6433 car 0 0 -1 602.5733993963852 180.35912324547516 628.8577817442686 206.07772022568 -1 -1 -1 -1000 -1000 -1000 -10
209 6483 car 0 0 -1 276.6894200585537 187.62180216113197 345.2549609152467 229.02279571272155 -1 -1 -1 -1000 -1000 -1000 -10
209 6477 car 0 0 -1 198.09922633397682 193.8821321038866 313.21420181350527 252.9427623854395 -1 -1 -1 -1000 -1000 -1000 -10
209 6433 car 0 0 -1 602.4116145890044 178.4821233359958 628.8850247321635 204.53719612493742 -1 -1 -1 -1000 -1000 -1000 -10
210 6483 car 0 0 -1 232.91290692313098 187.3665819048837 316.4697250956195 234.6574604353788 -1 -1 -1 -1000 -1000 -1000 -10
210 6477 car 0 0 -1 128.90961636943322 196.22117099859219 270.5569907407952 264.3308350501262 -1 -1 -1 -1000 -1000 -1000 -10
210 6433 car 0 0 -1 602.4948587735541 177.53223069008948 629.3700970882403 203.56152884419868 -1 -1 -1 -1000 -1000 -1000 -10
211 6483 car 0 0 -1 174.64627608107475 187.94945379886957 278.3806547633571 244.75913935222536 -1 -1 -1 -1000 -1000 -1000 -10
211 6477 car 0 0 -1 39.43739396043158 200.65565400805622 208.73929704475 280.6934212799408 -1 -1 -1 -1000 -1000 -1000 -10
211 6433 car 0 0 -1 601.825970095671 177.52085042998965 629.0140290289714 204.07896195776777 -1 -1 -1 -1000 -1000 -1000 -10
212 6485 car 0 0 -1 438.2448426794658 179.99912068098922 473.034816838824 205.64547719286355 -1 -1 -1 -1000 -1000 -1000 -10
212 6483 car 0 0 -1 103.68000187058065 186.50840523224963 232.59571265714277 253.77125776250472 -1 -1 -1 -1000 -1000 -1000 -10
212 6477 car 0 0 -1 -11.737944512218206 208.2123942659536 147.46973716820565 295.14031912966624 -1 -1 -1 -1000 -1000 -1000 -10
212 6433 car 0 0 -1 600.9041372615354 177.07972552074415 628.3024073656311 203.47261550452424 -1 -1 -1 -1000 -1000 -1000 -10
213 6485 car 0 0 -1 425.2976865313972 182.1036580491589 461.5835551507878 208.09101200285832 -1 -1 -1 -1000 -1000 -1000 -10
213 6483 car 0 0 -1 24.104243887808167 188.48478750662395 176.32616475961206 265.4275711152318 -1 -1 -1 -1000 -1000 -1000 -10
213 6433 car 0 0 -1 600.9467549285027 176.85623493809348 628.2556232717764 203.91694682921147 -1 -1 -1 -1000 -1000 -1000 -10
214 6485 car 0 0 -1 411.8700146685419 180.54582349161512 452.09580414526476 208.52570695834373 -1 -1 -1 -1000 -1000 -1000 -10
214 6483 car 0 0 -1 -20.156705840400043 191.4620716673073 119.88729916664411 272.49062731730845 -1 -1 -1 -1000 -1000 -1000 -10
214 6433 car 0 0 -1 600.3690172889158 174.6062937101315 627.589892319907 201.90785868939886 -1 -1 -1 -1000 -1000 -1000 -10
215 6485 car 0 0 -1 395.90579115992807 181.4721232308115 440.540092216439 211.55357282854087 -1 -1 -1 -1000 -1000 -1000 -10
215 6433 car 0 0 -1 599.8914790273168 174.31731592470152 627.5917097701572 201.81157676133358 -1 -1 -1 -1000 -1000 -1000 -10
216 6485 car 0 0 -1 377.3704958462534 185.00380345556738 426.67478244092075 216.37723726113194 -1 -1 -1 -1000 -1000 -1000 -10
216 6433 car 0 0 -1 599.7226484308061 176.30921142376081 626.9575661273276 203.39603096358877 -1 -1 -1 -1000 -1000 -1000 -10
217 6485 car 0 0 -1 355.10791731174925 187.12225389413948 410.1806526818474 220.5517897241677 -1 -1 -1 -1000 -1000 -1000 -10
217 6433 car 0 0 -1 599.7416957344207 177.94049351403117 626.6310821830276 204.99260758738677 -1 -1 -1 -1000 -1000 -1000 -10
218 6485 car 0 0 -1 329.2049753335827 188.06345129071136 391.85264901275895 224.45830929900896 -1 -1 -1 -1000 -1000 -1000 -10
218 6433 car 0 0 -1 599.8086840157034 177.94949823004765 626.4459411490589 204.97582756540044 -1 -1 -1 -1000 -1000 -1000 -10
219 6485 car 0 0 -1 298.68060936268034 188.90529072603476 369.6218197477326 227.9314004685266 -1 -1 -1 -1000 -1000 -1000 -10
219 6433 car 0 0 -1 600.3233258338435 177.1599040152331 626.5059297615785 203.9013366617321 -1 -1 -1 -1000 -1000 -1000 -10
220 6485 car 0 0 -1 260.9825018709187 188.93403642478762 342.9832284959801 232.01931205199628 -1 -1 -1 -1000 -1000 -1000 -10
220 6433 car 0 0 -1 600.152918574971 174.60387457188781 626.2746347378475 201.40246101889667 -1 -1 -1 -1000 -1000 -1000 -10
221 6485 car 0 0 -1 213.00551557712814 190.39714989196693 310.0150244704297 238.55880502516726 -1 -1 -1 -1000 -1000 -1000 -10
221 6433 car 0 0 -1 600.2721509994474 172.99534383423872 626.6217209471354 199.839768340531 -1 -1 -1 -1000 -1000 -1000 -10
222 6485 car 0 0 -1 149.28950280056102 193.79439141579093 266.5255035461008 249.83663461838745 -1 -1 -1 -1000 -1000 -1000 -10
222 6433 car 0 0 -1 599.8313443293504 172.992179208155 626.61949245417 199.87301987471568 -1 -1 -1 -1000 -1000 -1000 -10
223 6485 car 0 0 -1 62.94193678616617 200.66921927573372 210.0663563456043 267.2620102118337 -1 -1 -1 -1000 -1000 -1000 -10
223 6433 car 0 0 -1 600.0294204448578 175.64397085920604 626.8719404443013 202.81705519366187 -1 -1 -1 -1000 -1000 -1000 -10
224 6485 car 0 0 -1 6.282773764117863 210.31553045259102 154.476327305646 284.1527886807735 -1 -1 -1 -1000 -1000 -1000 -10
224 6433 car 0 0 -1 600.2559919506391 178.19449529115758 627.4371795436771 206.12675523482432 -1 -1 -1 -1000 -1000 -1000 -10
225 6433 car 0 0 -1 600.1217502335041 179.48501927409197 627.2527515893239 207.69523867890385 -1 -1 -1 -1000 -1000 -1000 -10
226 6433 car 0 0 -1 600.253737020667 179.30413108135704 627.6187667106182 207.7275594150494 -1 -1 -1 -1000 -1000 -1000 -10
227 6433 car 0 0 -1 599.6444674247733 179.6470440655863 627.176789473754 207.94851741003882 -1 -1 -1 -1000 -1000 -1000 -10
228 6487 car 0 0 -1 430.9753979981578 188.4802843933175 461.7933207996278 211.04883692103527 -1 -1 -1 -1000 -1000 -1000 -10
228 6433 car 0 0 -1 598.7604065139768 181.21255014610273 626.4179067918041 209.70049544173827 -1 -1 -1 -1000 -1000 -1000 -10
229 6487 car 0 0 -1 421.61283947212564 188.39716772532847 454.50952101764244 211.99635720951858 -1 -1 -1 -1000 -1000 -1000 -10
229 6433 car 0 0 -1 598.4020619491542 182.22576381705028 626.1480956837789 210.57494031443133 -1 -1 -1 -1000 -1000 -1000 -10
230 6487 car 0 0 -1 410.33819697358024 187.37091002804496 446.6579328908206 211.8313333305404 -1 -1 -1 -1000 -1000 -1000 -10
230 6433 car 0 0 -1 598.0755838209512 180.1548331918681 625.6136755125727 208.40413565006705 -1 -1 -1 -1000 -1000 -1000 -10
231 6490 car 0 0 -1 451.54619797621774 183.54159511518833 487.75146999555955 210.41921001546064 -1 -1 -1 -1000 -1000 -1000 -10
231 6487 car 0 0 -1 397.983415079721 185.8373444261916 437.02818048143433 211.50104731966118 -1 -1 -1 -1000 -1000 -1000 -10
231 6433 car 0 0 -1 598.1609390089924 178.76114263449278 625.8192513806738 206.93718157018003 -1 -1 -1 -1000 -1000 -1000 -10
232 6490 car 0 0 -1 441.8762375186117 182.08904774768354 479.28155580899636 210.02862033844752 -1 -1 -1 -1000 -1000 -1000 -10
232 6487 car 0 0 -1 384.1446265998624 185.72920879656039 426.58577669473783 212.25084976072498 -1 -1 -1 -1000 -1000 -1000 -10
232 6433 car 0 0 -1 598.1723785064498 178.2414072717835 625.9183407497057 206.3645192457928 -1 -1 -1 -1000 -1000 -1000 -10
233 6490 car 0 0 -1 429.45529564293366 181.81088042126248 470.55023310460905 212.1811823372346 -1 -1 -1 -1000 -1000 -1000 -10
233 6487 car 0 0 -1 369.4092565468261 185.11077071389408 416.9505843968709 213.08272154123622 -1 -1 -1 -1000 -1000 -1000 -10
233 6433 car 0 0 -1 597.9859273241727 177.25777893729673 625.5260905624332 205.07016123706245 -1 -1 -1 -1000 -1000 -1000 -10
234 6490 car 0 0 -1 411.7006709933826 181.03960340025964 457.57705446600016 214.32821351583237 -1 -1 -1 -1000 -1000 -1000 -10
234 6487 car 0 0 -1 351.41972770415333 183.82625136146754 403.95546030963084 213.76255123559054 -1 -1 -1 -1000 -1000 -1000 -10
234 6433 car 0 0 -1 597.3310727672563 175.2505827424936 624.7186932307175 203.10594836411363 -1 -1 -1 -1000 -1000 -1000 -10
235 6490 car 0 0 -1 392.38424411448534 182.0417442080822 445.4739867740399 218.7641413853446 -1 -1 -1 -1000 -1000 -1000 -10
235 6487 car 0 0 -1 330.60865187965913 184.9934358685006 388.7753626738958 217.6234315453519 -1 -1 -1 -1000 -1000 -1000 -10
235 6433 car 0 0 -1 597.1072094670276 174.47642060734648 624.3834948026531 202.3635431585369 -1 -1 -1 -1000 -1000 -1000 -10
236 6490 car 0 0 -1 369.4557243883424 184.54718374576933 429.27396103510335 224.3811166628037 -1 -1 -1 -1000 -1000 -1000 -10
236 6487 car 0 0 -1 306.31126815042194 188.46173709341477 370.06483212165483 223.2253245224202 -1 -1 -1 -1000 -1000 -1000 -10
236 6433 car 0 0 -1 597.6565616785792 176.3128297088509 624.8606730429076 203.67002686461856 -1 -1 -1 -1000 -1000 -1000 -10
237 6490 car 0 0 -1 340.5379853263014 186.9221961782733 408.35999195435477 230.3116563633171 -1 -1 -1 -1000 -1000 -1000 -10
237 6487 car 0 0 -1 278.14735121765693 190.30150784177908 352.6937921648141 229.32569405690822 -1 -1 -1 -1000 -1000 -1000 -10
237 6433 car 0 0 -1 597.4378201388714 177.27620890518432 624.8506651273341 204.5276784463864 -1 -1 -1 -1000 -1000 -1000 -10
238 6491 car 0 0 -1 457.7523928517557 183.0295004124482 492.2592585058332 208.95249113406695 -1 -1 -1 -1000 -1000 -1000 -10
238 6490 car 0 0 -1 304.14754892913487 189.50158881935116 383.22129248109485 238.06007019804085 -1 -1 -1 -1000 -1000 -1000 -10
238 6487 car 0 0 -1 241.62476852400397 191.8474582182133 326.6009834481393 235.26826044220522 -1 -1 -1 -1000 -1000 -1000 -10
238 6433 car 0 0 -1 597.7569677960018 177.3981812098012 625.0638923582349 205.1015277984188 -1 -1 -1 -1000 -1000 -1000 -10
239 6491 car 0 0 -1 447.95219878779113 182.39518855049863 484.87979115563377 209.9632381100427 -1 -1 -1 -1000 -1000 -1000 -10
239 6490 car 0 0 -1 254.6466599862141 191.16068602328244 349.2044082008787 247.4119350865367 -1 -1 -1 -1000 -1000 -1000 -10
239 6487 car 0 0 -1 198.9062468023823 193.78250813987697 299.10545814836195 242.57170403383097 -1 -1 -1 -1000 -1000 -1000 -10
239 6433 car 0 0 -1 597.8997126637786 177.45989074994745 625.1239522853579 204.68557611508223 -1 -1 -1 -1000 -1000 -1000 -10
240 6491 car 0 0 -1 435.72813858859337 182.82622825035338 475.2654110784667 211.8645781031331 -1 -1 -1 -1000 -1000 -1000 -10
240 6490 car 0 0 -1 186.4362697956368 194.34252388964745 304.31663897282834 260.06651740411945 -1 -1 -1 -1000 -1000 -1000 -10
240 6487 car 0 0 -1 145.4580020682347 195.12346689432178 268.00051888933035 251.75369641805548 -1 -1 -1 -1000 -1000 -1000 -10
240 6433 car 0 0 -1 597.9709275315378 176.9447103716508 625.1296641881917 203.82518393492532 -1 -1 -1 -1000 -1000 -1000 -10
241 6491 car 0 0 -1 423.61441494267257 182.7979908537871 468.0753311163731 214.02513409347335 -1 -1 -1 -1000 -1000 -1000 -10
241 6487 car 0 0 -1 69.89785227970224 200.0602930759103 230.58905355072932 272.59102013261906 -1 -1 -1 -1000 -1000 -1000 -10
241 6433 car 0 0 -1 598.007885772099 175.91685407814413 625.121557280955 203.08739870326212 -1 -1 -1 -1000 -1000 -1000 -10
242 6491 car 0 0 -1 407.59567970817443 183.70651048753473 456.41511241391174 217.3032630120153 -1 -1 -1 -1000 -1000 -1000 -10
242 6487 car 0 0 -1 8.969211622001126 211.7093200932194 175.67340278731317 299.4933557649317 -1 -1 -1 -1000 -1000 -1000 -10
242 6433 car 0 0 -1 598.0326809651233 175.29695379332682 625.107255556534 202.41295354705355 -1 -1 -1 -1000 -1000 -1000 -10
243 6491 car 0 0 -1 390.4303057005636 184.88393390770008 443.20316653092493 220.97413133469198 -1 -1 -1 -1000 -1000 -1000 -10
243 6433 car 0 0 -1 598.4935430497117 176.75528352308314 625.2701190314631 203.56174827574634 -1 -1 -1 -1000 -1000 -1000 -10
244 6491 car 0 0 -1 369.7306479489529 187.32151236388057 427.93666953330387 226.308968219853 -1 -1 -1 -1000 -1000 -1000 -10
244 6433 car 0 0 -1 598.719075823893 177.72259170329514 625.2822968420007 204.83097964920344 -1 -1 -1 -1000 -1000 -1000 -10
245 6491 car 0 0 -1 341.26762925743066 188.2933633266991 408.47919415217524 231.42887063835602 -1 -1 -1 -1000 -1000 -1000 -10
245 6433 car 0 0 -1 598.5733636731824 177.8582299335299 625.5182813497446 204.9296207428161 -1 -1 -1 -1000 -1000 -1000 -10
246 6491 car 0 0 -1 305.3684310324576 189.83092895244235 384.29066665838764 237.3400897259776 -1 -1 -1 -1000 -1000 -1000 -10
246 6433 car 0 0 -1 598.723069236026 176.05701866475545 625.4025372152605 203.0992719124065 -1 -1 -1 -1000 -1000 -1000 -10
247 6491 car 0 0 -1 259.41441216096825 191.83989106632876 352.68111906333456 245.89722242647278 -1 -1 -1 -1000 -1000 -1000 -10
247 6433 car 0 0 -1 598.5530455201815 175.8257821695156 625.5850185755396 202.5639024834938 -1 -1 -1 -1000 -1000 -1000 -10
248 6491 car 0 0 -1 198.90395667486473 195.48781187796294 314.30345506747824 258.5313564307563 -1 -1 -1 -1000 -1000 -1000 -10
248 6433 car 0 0 -1 598.4275166178923 176.57683421034395 625.714796295601 203.38092220469346 -1 -1 -1 -1000 -1000 -1000 -10
249 6491 car 0 0 -1 109.43546628269836 199.2268787625768 259.3721911932547 276.42048556141367 -1 -1 -1 -1000 -1000 -1000 -10
249 6433 car 0 0 -1 598.509043153903 176.85107532483448 626.2545774307742 203.7058810160318 -1 -1 -1 -1000 -1000 -1000 -10
250 6491 car 0 0 -1 29.035346536966344 208.53141621610507 196.90045112533903 301.07943951024765 -1 -1 -1 -1000 -1000 -1000 -10
250 6433 car 0 0 -1 599.0804252016816 176.94761813245088 627.1603629917983 203.83846272637783 -1 -1 -1 -1000 -1000 -1000 -10
251 6491 car 0 0 -1 -22.045422416760445 223.51547383849237 116.39169923925722 319.42953069215713 -1 -1 -1 -1000 -1000 -1000 -10
251 6433 car 0 0 -1 599.236968443353 177.77185107436765 627.5675116447975 204.9625183535336 -1 -1 -1 -1000 -1000 -1000 -10
252 6433 car 0 0 -1 599.2483610969254 178.83174335032248 627.7709018708055 206.50751054431498 -1 -1 -1 -1000 -1000 -1000 -10
253 6433 car 0 0 -1 599.2218450485187 179.77178648776524 627.8789352639852 207.8029285832251 -1 -1 -1 -1000 -1000 -1000 -10
254 6433 car 0 0 -1 599.1895196480203 179.44857504272343 627.9418802336294 207.73985167544723 -1 -1 -1 -1000 -1000 -1000 -10
255 6433 car 0 0 -1 599.1611175571661 179.279742515798 627.9814654909158 207.7613077447136 -1 -1 -1 -1000 -1000 -1000 -10
256 6433 car 0 0 -1 598.6925448612959 178.5593590549763 627.8336660255765 207.18529686858756 -1 -1 -1 -1000 -1000 -1000 -10
257 6433 car 0 0 -1 598.7301391193627 177.46652568503225 627.5601484742111 205.92276072747688 -1 -1 -1 -1000 -1000 -1000 -10
258 6433 car 0 0 -1 598.5267771082472 175.22059624686239 627.6729090666795 203.5485210497976 -1 -1 -1 -1000 -1000 -1000 -10
259 6433 car 0 0 -1 598.120563346265 173.30968436934188 628.0440333529705 201.83464476941072 -1 -1 -1 -1000 -1000 -1000 -10
260 6433 car 0 0 -1 598.1023403334316 173.17326423312727 628.0483746753712 201.82706374330832 -1 -1 -1 -1000 -1000 -1000 -10
261 6433 car 0 0 -1 598.1895314701776 174.78151976449374 627.3353065454139 203.26460158269765 -1 -1 -1 -1000 -1000 -1000 -10
262 6433 car 0 0 -1 598.2643587338648 176.6709143470884 627.641050894947 205.01919964904164 -1 -1 -1 -1000 -1000 -1000 -10
263 6433 car 0 0 -1 597.6326599676057 177.4152741898985 627.1774751777024 205.66690408944035 -1 -1 -1 -1000 -1000 -1000 -10
264 6433 car 0 0 -1 597.0120892957178 176.65603276242146 626.1390913554116 205.0978150004632 -1 -1 -1 -1000 -1000 -1000 -10
265 6433 car 0 0 -1 596.2197459669032 175.18716316464725 625.0572138460525 202.95916769956727 -1 -1 -1 -1000 -1000 -1000 -10
266 6433 car 0 0 -1 596.1378503172299 173.96264772068125 625.0429015682461 200.94581736344585 -1 -1 -1 -1000 -1000 -1000 -10
267 6433 car 0 0 -1 596.1085727355138 172.72406624299398 625.035034106026 199.70783547129102 -1 -1 -1 -1000 -1000 -1000 -10
268 6433 car 0 0 -1 595.1919038829668 171.97084038494978 624.6970150307606 199.5154257445211 -1 -1 -1 -1000 -1000 -1000 -10
269 6433 car 0 0 -1 594.5707735473542 174.07475949640542 624.218484094143 202.01100035928414 -1 -1 -1 -1000 -1000 -1000 -10
270 6433 car 0 0 -1 593.8360364820356 177.81961490809474 623.912794440584 206.84366069514292 -1 -1 -1 -1000 -1000 -1000 -10
271 6433 car 0 0 -1 593.0362104701198 179.84584826730816 623.6948389086574 209.9539460859791 -1 -1 -1 -1000 -1000 -1000 -10
272 6433 car 0 0 -1 591.5647122254138 180.5988960764724 622.9171692704258 211.7829740397133 -1 -1 -1 -1000 -1000 -1000 -10
273 6433 car 0 0 -1 591.178000427826 180.36014482154485 622.4444847798106 211.76801404641833 -1 -1 -1 -1000 -1000 -1000 -10
274 6433 car 0 0 -1 590.7737941039268 179.60391959024062 622.5201399877951 211.1873915554688 -1 -1 -1 -1000 -1000 -1000 -10
275 6433 car 0 0 -1 590.5361221617 179.28596633178682 622.6320269897947 210.99482838999478 -1 -1 -1 -1000 -1000 -1000 -10
276 6433 car 0 0 -1 588.796351073762 177.9068102999881 620.6034444382899 209.6990823322969 -1 -1 -1 -1000 -1000 -1000 -10
277 6433 car 0 0 -1 588.0077622477435 175.94756151542055 619.3324347283618 207.53677688519588 -1 -1 -1 -1000 -1000 -1000 -10
278 6433 car 0 0 -1 587.1703227438492 174.79427953308902 618.142984988819 206.49597998374907 -1 -1 -1 -1000 -1000 -1000 -10
279 6433 car 0 0 -1 586.911837369275 174.156741942048 617.6270797702412 205.67567944516676 -1 -1 -1 -1000 -1000 -1000 -10
280 6433 car 0 0 -1 587.3015672750938 173.76833269793917 617.5613506041951 204.88748217800457 -1 -1 -1 -1000 -1000 -1000 -10
281 6433 car 0 0 -1 587.0852626384658 173.07478814154362 617.2812394354632 203.89188004826562 -1 -1 -1 -1000 -1000 -1000 -10
282 6433 car 0 0 -1 586.7430883864702 173.03302683372493 617.4336137833452 203.90865797013947 -1 -1 -1 -1000 -1000 -1000 -10
283 6433 car 0 0 -1 586.079993706184 172.84090888251313 617.4040631733703 203.471499989635 -1 -1 -1 -1000 -1000 -1000 -10
284 6433 car 0 0 -1 586.1628935991374 172.18542247524545 617.6763809870419 202.64694789387636 -1 -1 -1 -1000 -1000 -1000 -10
285 6433 car 0 0 -1 586.1618331253027 172.58362050970644 617.8129396213725 202.92358754610345 -1 -1 -1 -1000 -1000 -1000 -10
286 6433 car 0 0 -1 586.5821082669404 172.9328323405418 618.0641858420825 203.45232079396854 -1 -1 -1 -1000 -1000 -1000 -10
287 6433 car 0 0 -1 587.0252433725846 172.98213128780745 617.8773589994883 204.35853006731006 -1 -1 -1 -1000 -1000 -1000 -10
288 6433 car 0 0 -1 587.4656674963941 173.81701373018578 618.1545841160254 206.3685743275121 -1 -1 -1 -1000 -1000 -1000 -10
289 6433 car 0 0 -1 588.3032813458964 174.34872957309764 618.8307531706229 207.5436230541279 -1 -1 -1 -1000 -1000 -1000 -10
290 6433 car 0 0 -1 588.3873512446693 173.2900190893809 619.3246819563359 206.15479002959898 -1 -1 -1 -1000 -1000 -1000 -10
291 6433 car 0 0 -1 588.1714935631729 172.14789870027684 619.1411828449901 204.50248032406145 -1 -1 -1 -1000 -1000 -1000 -10
292 6433 car 0 0 -1 587.8139626379473 170.564997301608 619.3459731901701 202.5385791142238 -1 -1 -1 -1000 -1000 -1000 -10
293 6433 car 0 0 -1 588.6345820621094 170.92663560169854 620.3265448724466 202.06227661072438 -1 -1 -1 -1000 -1000 -1000 -10
294 6433 car 0 0 -1 588.7580088762089 171.98592631086512 620.270979226004 202.81915273460982 -1 -1 -1 -1000 -1000 -1000 -10
295 6433 car 0 0 -1 589.2832936698215 172.61932663927686 620.391301493417 203.4995835448136 -1 -1 -1 -1000 -1000 -1000 -10
296 6433 car 0 0 -1 589.9975532253026 173.0367383251643 620.543315244381 204.2041128613346 -1 -1 -1 -1000 -1000 -1000 -10
297 6433 car 0 0 -1 590.3705532691554 172.96184720851437 620.5009722216819 204.0878526433952 -1 -1 -1 -1000 -1000 -1000 -10
298 6433 car 0 0 -1 591.2050610021313 172.94088607758516 621.0323086637743 204.03600563571655 -1 -1 -1 -1000 -1000 -1000 -10
299 6433 car 0 0 -1 591.7493810196767 174.0062598035131 621.6293310310667 204.80266902986256 -1 -1 -1 -1000 -1000 -1000 -10
300 6433 car 0 0 -1 592.5687551355478 173.84413877668564 622.4854122744777 204.42498615906814 -1 -1 -1 -1000 -1000 -1000 -10
301 6433 car 0 0 -1 592.4269562550315 174.27334777099384 622.6470380791271 204.40965456067136 -1 -1 -1 -1000 -1000 -1000 -10
302 6433 car 0 0 -1 592.7691117134244 174.67962747008215 622.9320674010825 204.78151031103243 -1 -1 -1 -1000 -1000 -1000 -10
303 6433 car 0 0 -1 593.0837584984727 174.84054788665992 623.4765833876438 204.91798182050087 -1 -1 -1 -1000 -1000 -1000 -10
304 6433 car 0 0 -1 593.4354292415313 175.52699214015198 623.4528133780697 205.5850174253546 -1 -1 -1 -1000 -1000 -1000 -10
305 6499 DontCare 0 0 -1 84.52810031476207 189.22145467650978 152.50950088884764 253.110113902926 -1 -1 -1 -1000 -1000 -1000 -10
305 6433 car 0 0 -1 593.6349280046473 176.41264447337088 623.3782937545697 206.45620613392109 -1 -1 -1 -1000 -1000 -1000 -10
306 6433 car 0 0 -1 593.7586610015424 176.75359702597027 623.3020328532812 206.78643878083497 -1 -1 -1 -1000 -1000 -1000 -10
307 6433 car 0 0 -1 593.5690046916218 176.26476276290157 623.5095581706967 206.2920849017779 -1 -1 -1 -1000 -1000 -1000 -10
308 6433 car 0 0 -1 593.4273564053983 176.6988836312217 623.6577699943539 206.72224981523954 -1 -1 -1 -1000 -1000 -1000 -10
309 6433 car 0 0 -1 593.4968491938182 178.7243519627765 624.2103604951324 208.74605604413267 -1 -1 -1 -1000 -1000 -1000 -10
310 6433 car 0 0 -1 593.4392431562816 179.49833510283727 624.5053141377908 209.51883354962925 -1 -1 -1 -1000 -1000 -1000 -10
311 6433 car 0 0 -1 593.8014856504902 179.79481114927384 624.8532931527101 209.8132443236615 -1 -1 -1 -1000 -1000 -1000 -10
312 6433 car 0 0 -1 593.322378278658 179.90845964543507 624.3637622753005 209.92537152326793 -1 -1 -1 -1000 -1000 -1000 -10
313 6433 car 0 0 -1 592.9669308838166 180.57260548287283 623.7291515011863 210.5871797176105 -1 -1 -1 -1000 -1000 -1000 -10
