0 6591 car 0 0 -1 284.0 183.0 527.0 287.0 -1 -1 -1 -1000 -1000 -1000 -10
1 6591 car 0 0 -1 219.08412944813634 184.40752936263627 481.16210170764236 296.09498320017775 -1 -1 -1 -1000 -1000 -1000 -10
2 6591 car 0 0 -1 142.27315724806638 183.7115317305138 432.62725722825985 305.8700365561379 -1 -1 -1 -1000 -1000 -1000 -10
3 6591 car 0 0 -1 43.605902180004705 189.1596278666025 356.55076836793415 322.0476089739725 -1 -1 -1 -1000 -1000 -1000 -10
4 6591 car 0 0 -1 -11.96924476718658 192.7441794210274 315.5017965396335 336.29214286554225 -1 -1 -1 -1000 -1000 -1000 -10
5 6591 car 0 0 -1 -38.50299102253153 194.78599960187893 265.26277634989265 340.5950303190231 -1 -1 -1 -1000 -1000 -1000 -10
6 6591 car 0 0 -1 -55.192746451510715 204.65718520420683 201.35483870378383 349.9044472111899 -1 -1 -1 -1000 -1000 -1000 -10
7 6591 car 0 0 -1 -67.96327346701402 209.7250222695178 119.29569637804069 347.5191611243887 -1 -1 -1 -1000 -1000 -1000 -10
9 6592 car 0 0 -1 1047.7530441420854 184.05895231718387 1179.2665486080364 219.68204374885727 -1 -1 -1 -1000 -1000 -1000 -10
10 6592 car 0 0 -1 1016.5357278797835 181.0765358477993 1148.9648501906938 217.2544147594875 -1 -1 -1 -1000 -1000 -1000 -10
11 6592 car 0 0 -1 993.5547690188405 178.38543660111353 1115.7431003584516 213.81843559077376 -1 -1 -1 -1000 -1000 -1000 -10
12 6592 car 0 0 -1 956.8178245137518 179.11544415629896 1078.029290598423 215.69363136710558 -1 -1 -1 -1000 -1000 -1000 -10
13 6592 car 0 0 -1 944.4525234736216 179.63586163979403 1054.4704168229696 214.76787988888287 -1 -1 -1 -1000 -1000 -1000 -10
16 6592 car 0 0 -1 870.8769611052795 178.3406542858025 974.0293006027349 210.693542675017 -1 -1 -1 -1000 -1000 -1000 -10
17 6592 car 0 0 -1 849.7341759725965 176.51200063980886 950.652863882806 208.61411278856392 -1 -1 -1 -1000 -1000 -1000 -10
18 6592 car 0 0 -1 829.6621764866185 176.593868968869 927.4686652670295 208.4622006350582 -1 -1 -1 -1000 -1000 -1000 -10
19 6592 car 0 0 -1 815.5257671667117 174.7420322123679 909.9387654423132 206.40710100749547 -1 -1 -1 -1000 -1000 -1000 -10
20 6592 car 0 0 -1 800.7586600006372 173.80290228303747 889.4528739554665 204.62396544485702 -1 -1 -1 -1000 -1000 -1000 -10
21 6592 car 0 0 -1 787.0365003197636 174.10596390130934 870.4087650720772 203.99620165674116 -1 -1 -1 -1000 -1000 -1000 -10
22 6592 car 0 0 -1 774.9408379296759 174.37890590018642 855.7930689433464 203.64872816910744 -1 -1 -1 -1000 -1000 -1000 -10
23 6592 car 0 0 -1 761.9303582759002 174.94104648590684 837.8589219177569 203.1006111553677 -1 -1 -1 -1000 -1000 -1000 -10
24 6592 car 0 0 -1 750.0503575319508 174.70875974091538 823.5825594822313 202.73195689270958 -1 -1 -1 -1000 -1000 -1000 -10
25 6592 car 0 0 -1 739.6372877757061 174.50425612822508 809.6040397732387 202.09995986164327 -1 -1 -1 -1000 -1000 -1000 -10
26 6592 car 0 0 -1 729.0560939367567 173.69688793403367 796.4177320146791 200.69907554619272 -1 -1 -1 -1000 -1000 -1000 -10
27 6592 car 0 0 -1 719.9034871057318 173.5284934657986 783.9177390105974 200.05762369639916 -1 -1 -1 -1000 -1000 -1000 -10
28 6592 car 0 0 -1 712.872127498138 173.20997144943777 773.2522719545246 198.8198413114618 -1 -1 -1 -1000 -1000 -1000 -10
29 6592 car 0 0 -1 705.2684502559919 173.27728297949872 762.711858549435 198.18680011423308 -1 -1 -1 -1000 -1000 -1000 -10
30 6592 car 0 0 -1 698.0699045224524 173.72715551857144 752.1992001910069 197.54630762896696 -1 -1 -1 -1000 -1000 -1000 -10
31 6592 car 0 0 -1 691.5651978846244 173.212965795572 743.0337852605022 196.74002569560744 -1 -1 -1 -1000 -1000 -1000 -10
32 6592 car 0 0 -1 685.9799708361961 172.93923858373523 735.6006327018274 196.53247280003433 -1 -1 -1 -1000 -1000 -1000 -10
33 6592 car 0 0 -1 680.301568590619 172.65343657733382 727.9736101840136 196.02136804671107 -1 -1 -1 -1000 -1000 -1000 -10
34 6592 car 0 0 -1 675.3647314840147 172.15251576755227 721.3706468253473 195.60457746805875 -1 -1 -1 -1000 -1000 -1000 -10
35 6592 car 0 0 -1 670.6209197775493 171.7863606780569 713.9575914513134 195.00657535290907 -1 -1 -1 -1000 -1000 -1000 -10
36 6592 car 0 0 -1 667.5416791028011 172.15247140379805 707.7848272278542 194.92259288512238 -1 -1 -1 -1000 -1000 -1000 -10
37 6592 car 0 0 -1 665.0451431949681 172.20525412694596 702.746326648109 194.36198452071508 -1 -1 -1 -1000 -1000 -1000 -10
38 6593 car 0 0 -1 1025.8914808709017 177.0815622076372 1222.0947444453652 386.3008537698776 -1 -1 -1 -1000 -1000 -1000 -10
38 6592 car 0 0 -1 663.2876776654018 173.25402870363382 698.8646579552139 194.39732552315752 -1 -1 -1 -1000 -1000 -1000 -10
39 6593 car 0 0 -1 975.8158700595255 173.4759008595173 1219.2939350344918 389.76802371781866 -1 -1 -1 -1000 -1000 -1000 -10
39 6592 car 0 0 -1 661.378052987218 174.11800624758513 694.5759102720536 193.9608162758401 -1 -1 -1 -1000 -1000 -1000 -10
40 6593 car 0 0 -1 934.7508253913553 173.13286579928695 1218.3749547590978 388.6832952533824 -1 -1 -1 -1000 -1000 -1000 -10
41 6593 car 0 0 -1 899.0194737880288 175.44663917027134 1219.2690708302116 389.687038515128 -1 -1 -1 -1000 -1000 -1000 -10
42 6593 car 0 0 -1 859.4484930801284 177.95848651975317 1189.8031899601144 385.52080444225976 -1 -1 -1 -1000 -1000 -1000 -10
43 6593 car 0 0 -1 822.7622822999476 175.66605870705777 1137.8647298227343 369.256198560161 -1 -1 -1 -1000 -1000 -1000 -10
44 6594 car 0 0 -1 1106.4385505372272 180.51808237676485 1229.0423799317803 335.55395026604015 -1 -1 -1 -1000 -1000 -1000 -10
44 6593 car 0 0 -1 793.7614221275753 172.46239278579498 1085.3893006133042 350.1924000522411 -1 -1 -1 -1000 -1000 -1000 -10
45 6594 car 0 0 -1 1072.1801349617267 173.25701790649777 1226.5757589422678 331.3568071016998 -1 -1 -1 -1000 -1000 -1000 -10
45 6593 car 0 0 -1 771.6147280658598 171.34693819862096 1036.2726309180548 332.5867733405868 -1 -1 -1 -1000 -1000 -1000 -10
46 6594 car 0 0 -1 1041.8681230223863 170.3818938002513 1224.4360721001992 320.69000282528594 -1 -1 -1 -1000 -1000 -1000 -10
46 6593 car 0 0 -1 755.9859952668702 171.70279613345855 993.7811777450439 318.2383745782082 -1 -1 -1 -1000 -1000 -1000 -10
47 6594 car 0 0 -1 1013.905142977132 168.53072317872974 1222.5804632421941 309.24470060907356 -1 -1 -1 -1000 -1000 -1000 -10
47 6593 car 0 0 -1 744.1980004215893 172.20648374461106 955.5869346789455 304.8747687979027 -1 -1 -1 -1000 -1000 -1000 -10
48 6594 car 0 0 -1 979.5360058240819 169.08837504483455 1194.5564604019053 296.92880494890784 -1 -1 -1 -1000 -1000 -1000 -10
48 6593 car 0 0 -1 732.9781189374479 173.1964346976999 923.0671064938546 294.0946292360885 -1 -1 -1 -1000 -1000 -1000 -10
49 6594 car 0 0 -1 948.0128033952701 169.04155303669904 1157.2167430331592 285.74062064568545 -1 -1 -1 -1000 -1000 -1000 -10
49 6593 car 0 0 -1 724.459625210938 172.99659643703876 894.6655515194335 282.3949092534075 -1 -1 -1 -1000 -1000 -1000 -10
50 6594 car 0 0 -1 921.1836465470959 169.0695645248993 1119.3858704352708 275.33686986388693 -1 -1 -1 -1000 -1000 -1000 -10
50 6593 car 0 0 -1 716.1355874591612 173.70135220661575 870.484992889738 274.20588007429296 -1 -1 -1 -1000 -1000 -1000 -10
51 6594 car 0 0 -1 899.2364477119098 170.3172693576093 1083.7718309119557 268.0420078148748 -1 -1 -1 -1000 -1000 -1000 -10
51 6593 car 0 0 -1 709.3696800773713 173.76751412062742 849.552540632959 266.37037719963234 -1 -1 -1 -1000 -1000 -1000 -10
52 6594 car 0 0 -1 880.8232414552699 171.74909265293707 1049.9747180793365 260.7756710189263 -1 -1 -1 -1000 -1000 -1000 -10
52 6593 car 0 0 -1 702.7015287077825 173.56737325578854 830.8907217103861 259.33339189394763 -1 -1 -1 -1000 -1000 -1000 -10
53 6594 car 0 0 -1 865.0483790745218 172.62811462310935 1019.5066024566704 254.10647721239945 -1 -1 -1 -1000 -1000 -1000 -10
53 6593 car 0 0 -1 696.717828338351 173.6890995344171 813.0014446532248 253.4566895308542 -1 -1 -1 -1000 -1000 -1000 -10
54 6594 car 0 0 -1 850.545040716677 173.2017198879919 994.566622518221 249.04490403071176 -1 -1 -1 -1000 -1000 -1000 -10
54 6593 car 0 0 -1 691.1164585029732 173.65220212160608 797.1350362895606 247.64948088182098 -1 -1 -1 -1000 -1000 -1000 -10
55 6595 car 0 0 -1 1124.4878934146384 184.70081946379185 1228.0772518863016 351.17577083492927 -1 -1 -1 -1000 -1000 -1000 -10
55 6594 car 0 0 -1 837.9210948677555 173.38506355962335 970.9001215023695 244.18247206854994 -1 -1 -1 -1000 -1000 -1000 -10
55 6593 car 0 0 -1 685.2064678360707 173.2813663033375 783.7040520597488 243.41608959146185 -1 -1 -1 -1000 -1000 -1000 -10
56 6595 car 0 0 -1 1089.0552328567962 175.5478287244468 1225.1988085542823 346.8017352426718 -1 -1 -1 -1000 -1000 -1000 -10
56 6594 car 0 0 -1 825.7536454311002 173.97985506210733 947.9118507882496 240.11605093114207 -1 -1 -1 -1000 -1000 -1000 -10
56 6593 car 0 0 -1 679.5688455201478 173.24822842891479 771.3867090818017 239.306889340679 -1 -1 -1 -1000 -1000 -1000 -10
57 6595 car 0 0 -1 1055.4552829369381 170.74015919172473 1221.4504078088676 327.79096875085816 -1 -1 -1 -1000 -1000 -1000 -10
57 6594 car 0 0 -1 814.9613182137267 174.39855000741545 929.1092622727812 236.6604262417677 -1 -1 -1 -1000 -1000 -1000 -10
57 6593 car 0 0 -1 674.9720435993459 173.36479587305755 760.415031092776 235.2151550600103 -1 -1 -1 -1000 -1000 -1000 -10
58 6595 car 0 0 -1 1026.5498565616376 169.71480838008094 1219.150090868342 315.0907960407478 -1 -1 -1 -1000 -1000 -1000 -10
58 6594 car 0 0 -1 804.8848303375843 175.015171247576 911.6365789393125 233.79825130404083 -1 -1 -1 -1000 -1000 -1000 -10
58 6593 car 0 0 -1 670.8706113977437 173.56619373927145 750.4412915882349 231.09474555224767 -1 -1 -1 -1000 -1000 -1000 -10
59 6596 car 0 0 -1 928.6354197970263 194.6178308873519 1229.2549381585945 377.1528226474882 -1 -1 -1 -1000 -1000 -1000 -10
59 6595 car 0 0 -1 998.0701534151096 169.67029777087473 1218.965627047525 313.1773352575507 -1 -1 -1 -1000 -1000 -1000 -10
59 6594 car 0 0 -1 796.0491567014312 174.80700834167624 895.5763754540133 230.11316870009978 -1 -1 -1 -1000 -1000 -1000 -10
59 6593 car 0 0 -1 668.4835710660161 174.17356946334297 741.8193809927047 228.49172550516914 -1 -1 -1 -1000 -1000 -1000 -10
60 6596 car 0 0 -1 893.2141544301617 184.7779982504947 1229.7361400343875 378.95521504671063 -1 -1 -1 -1000 -1000 -1000 -10
60 6595 car 0 0 -1 973.3849584194813 168.49583227753175 1216.4337795978254 300.3162052145612 -1 -1 -1 -1000 -1000 -1000 -10
60 6594 car 0 0 -1 786.8648499708183 174.93004411436164 880.1791224435374 226.7465609599103 -1 -1 -1 -1000 -1000 -1000 -10
60 6593 car 0 0 -1 663.6476425377072 174.14512066647774 732.9558582671899 225.34162224848245 -1 -1 -1 -1000 -1000 -1000 -10
61 6596 car 0 0 -1 862.2321742477556 184.3318579894448 1228.2549853170012 381.6822730377672 -1 -1 -1 -1000 -1000 -1000 -10
61 6595 car 0 0 -1 950.2995741020432 167.69664003388618 1184.8268689914412 289.66869117392054 -1 -1 -1 -1000 -1000 -1000 -10
61 6594 car 0 0 -1 778.9935489722767 174.46956228463242 866.7483190339066 224.20007205168682 -1 -1 -1 -1000 -1000 -1000 -10
61 6593 car 0 0 -1 660.8875227694605 173.766460507761 726.0340231359094 222.08583966123302 -1 -1 -1 -1000 -1000 -1000 -10
62 6596 car 0 0 -1 839.4408687632899 185.2127322058734 1227.2142846804213 382.7086600835453 -1 -1 -1 -1000 -1000 -1000 -10
62 6595 car 0 0 -1 928.9362736801485 169.39656163658668 1149.8425710483973 284.85539673360944 -1 -1 -1 -1000 -1000 -1000 -10
62 6594 car 0 0 -1 770.7879454316837 174.69729521727263 854.2150027304974 221.68558886505363 -1 -1 -1 -1000 -1000 -1000 -10
62 6593 car 0 0 -1 657.8213962506712 174.48988123806757 719.0092888426449 220.0855464721346 -1 -1 -1 -1000 -1000 -1000 -10
63 6596 car 0 0 -1 802.8592322170352 187.5567936533613 1178.6523110526562 381.27813505605843 -1 -1 -1 -1000 -1000 -1000 -10
63 6595 car 0 0 -1 903.8880427255885 168.74611709408381 1111.4513884211738 272.747549885303 -1 -1 -1 -1000 -1000 -1000 -10
63 6594 car 0 0 -1 764.0815097928604 174.50936543820222 841.6354740725786 219.21340641939605 -1 -1 -1 -1000 -1000 -1000 -10
63 6593 car 0 0 -1 655.6885447010832 174.50659922334165 712.7637574813025 217.78298346113155 -1 -1 -1 -1000 -1000 -1000 -10
64 6596 car 0 0 -1 772.4161311391396 185.9143526128758 1119.8335128419703 368.87839818784784 -1 -1 -1 -1000 -1000 -1000 -10
64 6595 car 0 0 -1 885.3211845190378 167.9786806460014 1077.9834580187687 258.5244730515238 -1 -1 -1 -1000 -1000 -1000 -10
64 6594 car 0 0 -1 756.3707072267287 174.30437281775906 829.3039381742026 217.2465465679986 -1 -1 -1 -1000 -1000 -1000 -10
64 6593 car 0 0 -1 653.0665493312063 174.82061262875615 706.9968113807447 216.05937151594625 -1 -1 -1 -1000 -1000 -1000 -10
65 6596 car 0 0 -1 748.6665124231552 182.4488975858232 1060.9085390339312 350.429592433747 -1 -1 -1 -1000 -1000 -1000 -10
65 6595 car 0 0 -1 853.4498355147002 171.97336550298047 1039.178822927639 258.41140936102596 -1 -1 -1 -1000 -1000 -1000 -10
65 6594 car 0 0 -1 750.2256037948421 174.71619345788005 818.9075698814434 215.47788749457092 -1 -1 -1 -1000 -1000 -1000 -10
65 6593 car 0 0 -1 650.4411314305005 175.00143884874825 701.202445522863 214.16530483473042 -1 -1 -1 -1000 -1000 -1000 -10
66 6596 car 0 0 -1 732.0933201015262 179.88238616278608 1008.9212278414857 333.10695995498685 -1 -1 -1 -1000 -1000 -1000 -10
66 6595 car 0 0 -1 836.6161030400866 172.96946007310015 1009.811377243689 252.6351919889761 -1 -1 -1 -1000 -1000 -1000 -10
66 6594 car 0 0 -1 743.9966541517102 174.70891699805057 809.2612937104046 213.79588663544413 -1 -1 -1 -1000 -1000 -1000 -10
66 6593 car 0 0 -1 648.265856893283 175.75729859346959 695.5538011419001 212.83940929683715 -1 -1 -1 -1000 -1000 -1000 -10
67 6596 car 0 0 -1 722.1183160603323 179.63187751970827 965.5947027393238 316.9744876377255 -1 -1 -1 -1000 -1000 -1000 -10
67 6595 car 0 0 -1 824.5906402213639 173.00291183437807 983.5411994710848 247.14408909552768 -1 -1 -1 -1000 -1000 -1000 -10
67 6594 car 0 0 -1 737.2684719662955 173.97554006716746 799.7060148408734 212.07313295355 -1 -1 -1 -1000 -1000 -1000 -10
67 6593 car 0 0 -1 646.2073389805614 175.682172937003 690.6244814203699 210.8815632650321 -1 -1 -1 -1000 -1000 -1000 -10
68 6596 car 0 0 -1 711.8282892648643 178.86722511224698 928.8641713531568 304.68523150533986 -1 -1 -1 -1000 -1000 -1000 -10
68 6595 car 0 0 -1 806.4903184555178 173.63532489059233 955.2959874386065 242.7272326176322 -1 -1 -1 -1000 -1000 -1000 -10
68 6594 car 0 0 -1 732.1776356584596 174.3793223514429 793.4058886626563 211.45285055711253 -1 -1 -1 -1000 -1000 -1000 -10
68 6593 car 0 0 -1 644.5305659647973 175.86619606382433 686.2421098146311 209.36521290239276 -1 -1 -1 -1000 -1000 -1000 -10
69 6596 car 0 0 -1 703.3218542600356 178.65188450255465 895.9105316922868 293.1059493885989 -1 -1 -1 -1000 -1000 -1000 -10
69 6595 car 0 0 -1 797.3263890258876 172.78066504846703 933.7879069237953 237.83274482454397 -1 -1 -1 -1000 -1000 -1000 -10
69 6594 car 0 0 -1 727.4512224933593 175.1193893511359 786.6778968893303 211.9760435097117 -1 -1 -1 -1000 -1000 -1000 -10
69 6593 car 0 0 -1 643.118847342762 176.57546650730688 682.559547147209 208.21749602201209 -1 -1 -1 -1000 -1000 -1000 -10
70 6596 car 0 0 -1 695.853327896611 177.5791325578705 869.7994667043346 282.8631868011272 -1 -1 -1 -1000 -1000 -1000 -10
70 6595 car 0 0 -1 789.0030419568201 173.23931007064058 913.4660495204295 234.0910713123902 -1 -1 -1 -1000 -1000 -1000 -10
70 6594 car 0 0 -1 722.6698496963552 173.98896378675025 781.8554668663035 209.2318632813393 -1 -1 -1 -1000 -1000 -1000 -10
70 6593 car 0 0 -1 639.86191138948 176.1414460131777 677.2917749420595 206.66006321610462 -1 -1 -1 -1000 -1000 -1000 -10
71 6596 car 0 0 -1 689.51914507324 176.86654389555366 846.7230317332758 273.7432288971792 -1 -1 -1 -1000 -1000 -1000 -10
71 6595 car 0 0 -1 781.269565047061 173.5886948179374 894.5653644671572 230.09659983213427 -1 -1 -1 -1000 -1000 -1000 -10
71 6593 car 0 0 -1 637.4579341808048 175.83512273234166 673.6262972486629 205.63956371111172 -1 -1 -1 -1000 -1000 -1000 -10
72 6599 car 0 0 -1 961.5859155456565 180.25049705149854 1227.8526420916228 381.26751198755585 -1 -1 -1 -1000 -1000 -1000 -10
72 6596 car 0 0 -1 683.268242588404 177.06367580885546 826.9866097071161 266.8585954643379 -1 -1 -1 -1000 -1000 -1000 -10
72 6595 car 0 0 -1 772.6363322694148 173.50440924062815 876.6481766267797 226.38883390028184 -1 -1 -1 -1000 -1000 -1000 -10
72 6593 car 0 0 -1 635.4893666078217 175.25116304835828 670.4468050888092 204.51816318512292 -1 -1 -1 -1000 -1000 -1000 -10
73 6599 car 0 0 -1 923.6216760035118 175.46789092549517 1225.4820730399101 383.6002521386958 -1 -1 -1 -1000 -1000 -1000 -10
73 6596 car 0 0 -1 678.3308658212594 176.58380776945404 809.0811454873811 259.89069804752916 -1 -1 -1 -1000 -1000 -1000 -10
73 6595 car 0 0 -1 764.4164950670062 173.44985362690298 861.5125391186924 223.22684032926517 -1 -1 -1 -1000 -1000 -1000 -10
73 6593 car 0 0 -1 633.3057053455329 174.61366968511172 666.561713446644 202.6747353431247 -1 -1 -1 -1000 -1000 -1000 -10
74 6599 car 0 0 -1 889.1028480655957 172.7512061013905 1223.7661044389517 384.2011468010853 -1 -1 -1 -1000 -1000 -1000 -10
74 6596 car 0 0 -1 673.275973232846 176.39790620021947 791.7614554995808 253.61978864355788 -1 -1 -1 -1000 -1000 -1000 -10
74 6595 car 0 0 -1 756.9935469808382 173.50472819988906 845.4832783952814 220.1661418568032 -1 -1 -1 -1000 -1000 -1000 -10
74 6593 car 0 0 -1 631.6600667718935 175.08238850756632 663.6609549481418 201.94232610220362 -1 -1 -1 -1000 -1000 -1000 -10
75 6599 car 0 0 -1 861.8762826481072 174.00578229021232 1223.9012522608753 385.3276500910107 -1 -1 -1 -1000 -1000 -1000 -10
75 6596 car 0 0 -1 668.361261519568 176.09473016748044 778.263829103732 248.47392783643753 -1 -1 -1 -1000 -1000 -1000 -10
75 6595 car 0 0 -1 749.368147023657 173.58203639253446 830.8648474064453 217.79305269492244 -1 -1 -1 -1000 -1000 -1000 -10
76 6599 car 0 0 -1 837.6279425762083 173.74637854050792 1223.742768589497 385.0554166639093 -1 -1 -1 -1000 -1000 -1000 -10
76 6598 DontCare 0 0 -1 939.258141606663 -26.813404831572882 1220.4246671434391 375.7936401676996 -1 -1 -1 -1000 -1000 -1000 -10
76 6596 car 0 0 -1 663.8024910468191 175.35179685494447 765.8482070852458 243.49935816912958 -1 -1 -1 -1000 -1000 -1000 -10
76 6595 car 0 0 -1 739.4070882773201 173.4916751245844 818.3783000571789 215.85031504123913 -1 -1 -1 -1000 -1000 -1000 -10
77 6601 car 0 0 -1 634.8065934368077 178.1843808598516 662.374020758448 199.76742004405392 -1 -1 -1 -1000 -1000 -1000 -10
77 6599 car 0 0 -1 801.6244196951558 174.32090838753098 1177.9269491363623 376.7215196558419 -1 -1 -1 -1000 -1000 -1000 -10
77 6598 DontCare 0 0 -1 919.9533215618666 -26.22731094676243 1225.5045391049455 356.4372196284562 -1 -1 -1 -1000 -1000 -1000 -10
77 6596 car 0 0 -1 659.6767113210767 174.5044203995816 754.1269676462935 239.15846923704896 -1 -1 -1 -1000 -1000 -1000 -10
77 6595 car 0 0 -1 732.458507626721 173.0138981689724 807.2259338217261 213.75285183214316 -1 -1 -1 -1000 -1000 -1000 -10
78 6601 car 0 0 -1 633.608745055709 177.9468270769471 659.4900344915475 198.35005433945457 -1 -1 -1 -1000 -1000 -1000 -10
78 6599 car 0 0 -1 771.0435895494944 172.35346807847762 1117.891560108791 360.295047427226 -1 -1 -1 -1000 -1000 -1000 -10
78 6598 DontCare 0 0 -1 906.805984177665 -24.506639149530116 1229.2695276116115 340.0746443040757 -1 -1 -1 -1000 -1000 -1000 -10
78 6596 car 0 0 -1 656.4130442184124 174.22228897956177 743.8347391578183 235.08349987970422 -1 -1 -1 -1000 -1000 -1000 -10
78 6595 car 0 0 -1 727.4338296816215 172.82225970738315 797.6811601842546 211.79240838651438 -1 -1 -1 -1000 -1000 -1000 -10
79 6601 car 0 0 -1 632.1763576073549 177.39413979505488 656.8843943623322 197.6953524712109 -1 -1 -1 -1000 -1000 -1000 -10
79 6599 car 0 0 -1 748.7272272949645 170.63651086443062 1061.0099377916863 342.6242038193825 -1 -1 -1 -1000 -1000 -1000 -10
79 6598 DontCare 0 0 -1 887.5895420156629 -19.23781987472114 1230.1250094362504 327.0036312753206 -1 -1 -1 -1000 -1000 -1000 -10
79 6596 car 0 0 -1 653.3944150909535 173.94814355370315 735.3942266652004 231.94523037904216 -1 -1 -1 -1000 -1000 -1000 -10
79 6595 car 0 0 -1 724.2781991075764 173.39390881715065 789.4858419727615 210.49249582094814 -1 -1 -1 -1000 -1000 -1000 -10
80 6601 car 0 0 -1 630.4244922447887 177.1026707778249 653.883332064121 196.9189681245629 -1 -1 -1 -1000 -1000 -1000 -10
80 6599 car 0 0 -1 732.4675813433479 170.28992263798176 1011.1603100517337 324.6728745252266 -1 -1 -1 -1000 -1000 -1000 -10
80 6598 DontCare 0 0 -1 865.889826591689 -5.845300996574139 1228.7505634828326 318.9063217872217 -1 -1 -1 -1000 -1000 -1000 -10
80 6596 car 0 0 -1 651.0633786612112 173.6318905874108 727.0184267589226 229.19962376751886 -1 -1 -1 -1000 -1000 -1000 -10
80 6595 car 0 0 -1 718.9989915942629 172.94497360146372 780.178586208664 208.84930087038921 -1 -1 -1 -1000 -1000 -1000 -10
81 6601 car 0 0 -1 628.2086411480772 177.12925636921898 651.8443361531073 197.28849371999337 -1 -1 -1 -1000 -1000 -1000 -10
81 6599 car 0 0 -1 721.8733411317721 170.87221465775332 968.5063680298113 308.91940134983025 -1 -1 -1 -1000 -1000 -1000 -10
81 6598 DontCare 0 0 -1 847.4857784016226 9.440220369146346 1221.638954875736 307.1515908775087 -1 -1 -1 -1000 -1000 -1000 -10
81 6596 car 0 0 -1 648.3663644377154 173.70746279584947 719.8899225260284 226.8228738192507 -1 -1 -1 -1000 -1000 -1000 -10
81 6595 car 0 0 -1 715.4623387957607 172.86431344046488 774.8348895822716 207.57984043157674 -1 -1 -1 -1000 -1000 -1000 -10
82 6599 car 0 0 -1 711.1390009071677 170.1679135146238 932.0931036008681 296.31796049440896 -1 -1 -1 -1000 -1000 -1000 -10
82 6598 DontCare 0 0 -1 822.1290620329855 20.033517459491975 1187.9093162492184 295.4566127558206 -1 -1 -1 -1000 -1000 -1000 -10
82 6596 car 0 0 -1 645.977436720053 174.36317596510054 713.3868764066442 224.78199263771307 -1 -1 -1 -1000 -1000 -1000 -10
82 6595 car 0 0 -1 710.7448397084041 172.91189468070402 766.499187213282 206.4604766712795 -1 -1 -1 -1000 -1000 -1000 -10
83 6599 car 0 0 -1 703.1175827599168 170.17411499096355 899.1309492796895 285.0337962054573 -1 -1 -1 -1000 -1000 -1000 -10
83 6598 DontCare 0 0 -1 799.758869260062 30.60752534851565 1150.4214076894766 286.5691225790115 -1 -1 -1 -1000 -1000 -1000 -10
83 6596 car 0 0 -1 644.5465447853373 174.45534285139303 707.5157211552059 221.74337535960422 -1 -1 -1 -1000 -1000 -1000 -10
83 6595 car 0 0 -1 705.7350912594069 173.51972506271764 758.742506408062 205.51445518317198 -1 -1 -1 -1000 -1000 -1000 -10
84 6599 car 0 0 -1 697.4142383627104 169.87112081527678 873.2585452795779 275.48067115200394 -1 -1 -1 -1000 -1000 -1000 -10
84 6598 DontCare 0 0 -1 783.3048207652748 40.572432502954 1111.3762592392654 279.96131341071464 -1 -1 -1 -1000 -1000 -1000 -10
84 6596 car 0 0 -1 642.4380254588709 174.0344216473385 702.2630004620678 219.25121817329284 -1 -1 -1 -1000 -1000 -1000 -10
84 6595 car 0 0 -1 701.7114925916446 173.2863180829161 753.2481062457737 203.7912881472673 -1 -1 -1 -1000 -1000 -1000 -10
85 6599 car 0 0 -1 690.5101357618441 170.11847814147862 848.170061076075 267.2100077652647 -1 -1 -1 -1000 -1000 -1000 -10
85 6598 DontCare 0 0 -1 769.4842720519306 49.552458137564145 1073.3589553953066 273.00491631080934 -1 -1 -1 -1000 -1000 -1000 -10
85 6596 car 0 0 -1 640.4726509037938 174.12088261685756 696.8168477899693 217.5248679363512 -1 -1 -1 -1000 -1000 -1000 -10
85 6595 car 0 0 -1 697.4998684421078 174.11919170867773 747.9004360510039 203.5362298727769 -1 -1 -1 -1000 -1000 -1000 -10
86 6599 car 0 0 -1 683.9608902294221 170.0778454416577 827.667444182307 259.91545897571683 -1 -1 -1 -1000 -1000 -1000 -10
86 6598 DontCare 0 0 -1 761.5555672569396 59.52579909786469 1041.8297532535973 266.4629788903457 -1 -1 -1 -1000 -1000 -1000 -10
86 6596 car 0 0 -1 639.0985685965466 174.02286064386868 692.6319794968072 215.19800141297645 -1 -1 -1 -1000 -1000 -1000 -10
86 6595 car 0 0 -1 694.4593774248805 174.02858881470297 745.1319018053317 202.64499108854721 -1 -1 -1 -1000 -1000 -1000 -10
87 6599 car 0 0 -1 678.7944116471093 170.16471254371405 808.8716751351895 253.39168577243188 -1 -1 -1 -1000 -1000 -1000 -10
87 6598 DontCare 0 0 -1 755.7238687372392 67.57184856727528 1014.1872162356456 259.7940951524638 -1 -1 -1 -1000 -1000 -1000 -10
87 6596 car 0 0 -1 636.406011287103 174.72006252747786 687.2891713151753 213.66747174239953 -1 -1 -1 -1000 -1000 -1000 -10
88 6603 car 0 0 -1 967.3093705904985 160.93427618811654 1227.9332115288885 378.36657208831446 -1 -1 -1 -1000 -1000 -1000 -10
88 6599 car 0 0 -1 674.0901098440456 170.2269045271695 792.0046973175367 247.22601945575173 -1 -1 -1 -1000 -1000 -1000 -10
88 6598 DontCare 0 0 -1 747.7105529287176 74.5005811682928 984.5839889328217 253.45254084273807 -1 -1 -1 -1000 -1000 -1000 -10
88 6596 car 0 0 -1 634.4664671563362 174.9788622083698 682.7550477466889 212.54534602014635 -1 -1 -1 -1000 -1000 -1000 -10
89 6603 car 0 0 -1 926.884711071495 151.81607104051528 1227.101100394337 382.7227490506204 -1 -1 -1 -1000 -1000 -1000 -10
89 6602 car 0 0 -1 951.3387229263283 178.46998570266237 1039.5487835469946 212.9837070103813 -1 -1 -1 -1000 -1000 -1000 -10
89 6599 car 0 0 -1 668.3816913876357 170.88397758458706 778.2709593426256 243.14698190541185 -1 -1 -1 -1000 -1000 -1000 -10
89 6598 DontCare 0 0 -1 742.8006691751957 82.73247239222913 961.1794799732013 248.0576801066332 -1 -1 -1 -1000 -1000 -1000 -10
89 6596 car 0 0 -1 632.1897772533779 175.20697056896591 679.1344449521056 211.4377316641465 -1 -1 -1 -1000 -1000 -1000 -10
90 6603 car 0 0 -1 892.5275908044249 150.35030816431936 1225.2330917827467 384.9361472409014 -1 -1 -1 -1000 -1000 -1000 -10
90 6599 car 0 0 -1 663.6647738093944 170.09901825244742 765.5782897532871 237.68148975777154 -1 -1 -1 -1000 -1000 -1000 -10
90 6598 DontCare 0 0 -1 737.8391091727715 89.59697778197932 939.4303180845545 242.32060033771478 -1 -1 -1 -1000 -1000 -1000 -10
90 6596 car 0 0 -1 630.9251116868517 174.59494531330458 676.5950832877492 209.2687225479186 -1 -1 -1 -1000 -1000 -1000 -10
91 6603 car 0 0 -1 863.1018500424418 148.3448319786658 1225.525032842803 385.3236686026019 -1 -1 -1 -1000 -1000 -1000 -10
91 6599 car 0 0 -1 660.7577105878115 170.21748523465027 754.9882266620814 233.4246213768277 -1 -1 -1 -1000 -1000 -1000 -10
91 6598 DontCare 0 0 -1 732.9859884384947 96.03404394207945 917.5301750128662 237.62939505893883 -1 -1 -1 -1000 -1000 -1000 -10
91 6596 car 0 0 -1 629.6807928248274 174.94945644037676 673.5560333253129 207.92559680243932 -1 -1 -1 -1000 -1000 -1000 -10
92 6603 car 0 0 -1 838.792250246894 147.97304597855953 1225.5605947444328 384.6709557203011 -1 -1 -1 -1000 -1000 -1000 -10
92 6599 car 0 0 -1 658.7475135499418 170.60919407973643 744.9384759266301 229.68986952786707 -1 -1 -1 -1000 -1000 -1000 -10
92 6598 DontCare 0 0 -1 727.6205082869823 99.79315411953606 900.5677459203395 234.57207556982326 -1 -1 -1 -1000 -1000 -1000 -10
92 6596 car 0 0 -1 628.7237631077036 175.03171816638599 670.6609934309912 206.90497003103513 -1 -1 -1 -1000 -1000 -1000 -10
93 6603 car 0 0 -1 804.0591800725257 150.1128528689096 1182.7703913381351 377.50463656763895 -1 -1 -1 -1000 -1000 -1000 -10
93 6599 car 0 0 -1 655.2600839416011 170.02168210541925 735.5949008087166 225.95692075929776 -1 -1 -1 -1000 -1000 -1000 -10
93 6598 DontCare 0 0 -1 723.0045824028416 103.98429551744198 884.5213625539238 231.95240627889797 -1 -1 -1 -1000 -1000 -1000 -10
93 6596 car 0 0 -1 628.0409999627967 175.12441492799093 668.2709213921609 205.88980553012965 -1 -1 -1 -1000 -1000 -1000 -10
94 6603 car 0 0 -1 773.7308490344783 149.90620178919863 1126.813194508881 360.4009666504601 -1 -1 -1 -1000 -1000 -1000 -10
94 6599 car 0 0 -1 652.8514994835858 170.56363110365476 728.0177271606941 223.25903531236065 -1 -1 -1 -1000 -1000 -1000 -10
94 6598 DontCare 0 0 -1 719.0576394582858 107.46616443590759 870.9610425494457 229.0986289902693 -1 -1 -1 -1000 -1000 -1000 -10
94 6596 car 0 0 -1 625.625614210311 175.64846240572246 663.4941348790995 205.07531150233615 -1 -1 -1 -1000 -1000 -1000 -10
95 6603 car 0 0 -1 751.4018826273208 151.77118513472254 1072.2208270426327 344.3091541706786 -1 -1 -1 -1000 -1000 -1000 -10
95 6599 car 0 0 -1 649.4500315959739 170.90823248284838 719.9403501757221 220.3055351395221 -1 -1 -1 -1000 -1000 -1000 -10
95 6598 DontCare 0 0 -1 714.600000812509 109.9981967276652 856.5567932238307 224.93049039142554 -1 -1 -1 -1000 -1000 -1000 -10
95 6596 car 0 0 -1 624.1521335658849 175.80480335005927 660.5946695156076 203.60912889353574 -1 -1 -1 -1000 -1000 -1000 -10
96 6603 car 0 0 -1 734.642987042006 152.43348717975766 1021.7137083288334 327.2952795602966 -1 -1 -1 -1000 -1000 -1000 -10
96 6599 car 0 0 -1 647.3375548095773 170.88562368348386 713.1442157949555 217.54092111836707 -1 -1 -1 -1000 -1000 -1000 -10
96 6598 DontCare 0 0 -1 709.8322469441653 112.22940160982185 841.2979880575549 220.20103723253519 -1 -1 -1 -1000 -1000 -1000 -10
96 6596 car 0 0 -1 623.3760444173469 175.0963128841146 658.6904584555035 201.9882548088768 -1 -1 -1 -1000 -1000 -1000 -10
97 6603 car 0 0 -1 722.444815929574 154.87164564161134 977.5851667335381 312.40426542614824 -1 -1 -1 -1000 -1000 -1000 -10
97 6599 car 0 0 -1 645.3226583353812 171.07268303979768 705.9320758144668 215.1269856949181 -1 -1 -1 -1000 -1000 -1000 -10
97 6598 DontCare 0 0 -1 706.9881119719983 114.2739829909572 830.6201539465362 217.22906509161922 -1 -1 -1 -1000 -1000 -1000 -10
97 6596 car 0 0 -1 622.4260996437441 175.64304944926423 656.3384925636084 201.86216857863562 -1 -1 -1 -1000 -1000 -1000 -10
98 6604 car 0 0 -1 1001.287339012119 181.9967758965879 1219.888505897287 385.4306588723656 -1 -1 -1 -1000 -1000 -1000 -10
98 6603 car 0 0 -1 713.015372550449 156.06803389449007 940.6818130649438 300.23505048001266 -1 -1 -1 -1000 -1000 -1000 -10
98 6599 car 0 0 -1 638.063939716308 170.93956679262763 691.1617246030463 212.60883943842046 -1 -1 -1 -1000 -1000 -1000 -10
98 6598 DontCare 0 0 -1 702.1025191632277 116.5895490696018 819.3856792342217 214.58359730557316 -1 -1 -1 -1000 -1000 -1000 -10
98 6596 car 0 0 -1 621.3401653885136 175.37437327880713 654.5033157619654 201.0863044738913 -1 -1 -1 -1000 -1000 -1000 -10
99 6604 car 0 0 -1 948.7583925795165 175.5007640586512 1217.7590964869132 387.5296029329614 -1 -1 -1 -1000 -1000 -1000 -10
99 6603 car 0 0 -1 706.7661551426149 157.38939433318382 908.8682336034237 288.50793176111273 -1 -1 -1 -1000 -1000 -1000 -10
99 6598 DontCare 0 0 -1 698.6423221286306 120.20560009527463 809.5129605992325 213.3909295529586 -1 -1 -1 -1000 -1000 -1000 -10
100 6605 car 0 0 -1 651.0093813477422 175.8535139824833 693.9784364631319 209.30909175928545 -1 -1 -1 -1000 -1000 -1000 -10
100 6604 car 0 0 -1 909.5171481005427 175.41323730758495 1219.3611481598864 388.35131344964543 -1 -1 -1 -1000 -1000 -1000 -10
100 6603 car 0 0 -1 700.1981572313408 158.43638560269906 882.3628721440283 279.22455736275026 -1 -1 -1 -1000 -1000 -1000 -10
100 6598 DontCare 0 0 -1 695.4125456141974 122.07019666984513 800.4573142165946 209.94513223829443 -1 -1 -1 -1000 -1000 -1000 -10
101 6606 car 0 0 -1 854.170491364915 176.0350398835995 924.3443397117619 205.91676102030658 -1 -1 -1 -1000 -1000 -1000 -10
101 6605 car 0 0 -1 649.9054198042955 175.90097518429792 690.1864914262895 208.04434788823852 -1 -1 -1 -1000 -1000 -1000 -10
101 6604 car 0 0 -1 873.7809972157947 176.8871690379977 1220.2662227416963 388.85877170059285 -1 -1 -1 -1000 -1000 -1000 -10
101 6603 car 0 0 -1 693.4319097676242 159.87579685295523 858.5102030306854 271.01127636611994 -1 -1 -1 -1000 -1000 -1000 -10
101 6598 DontCare 0 0 -1 692.095645827119 124.28974745249246 791.243184684235 209.03403332183217 -1 -1 -1 -1000 -1000 -1000 -10
102 6606 car 0 0 -1 843.6890457575092 175.57244515626653 923.9743060540083 207.21255312487168 -1 -1 -1 -1000 -1000 -1000 -10
102 6605 car 0 0 -1 644.8693701064633 174.87946436012356 684.8216753056115 206.48241616793172 -1 -1 -1 -1000 -1000 -1000 -10
102 6604 car 0 0 -1 830.2679221749651 178.48522775395884 1175.6244105109743 382.42622366589035 -1 -1 -1 -1000 -1000 -1000 -10
102 6603 car 0 0 -1 688.1848648959887 160.22100301258882 839.1589851471191 263.1474987129772 -1 -1 -1 -1000 -1000 -1000 -10
102 6598 DontCare 0 0 -1 688.1999233879403 126.83085332003776 781.8713477067868 208.90065001040995 -1 -1 -1 -1000 -1000 -1000 -10
103 6606 car 0 0 -1 834.6901372176312 175.70064133048828 918.0149586254695 208.08860853627692 -1 -1 -1 -1000 -1000 -1000 -10
103 6605 car 0 0 -1 642.4564698646585 174.59324495040676 681.2926439465647 205.2962684240988 -1 -1 -1 -1000 -1000 -1000 -10
103 6604 car 0 0 -1 792.5751759698119 175.50707716256335 1115.2805974427724 364.44123922995226 -1 -1 -1 -1000 -1000 -1000 -10
103 6603 car 0 0 -1 683.3403884532354 161.5434387368963 820.3230856911114 256.59479922303257 -1 -1 -1 -1000 -1000 -1000 -10
103 6598 DontCare 0 0 -1 686.6249234835042 130.30061117247186 774.2974157229563 209.51499223536536 -1 -1 -1 -1000 -1000 -1000 -10
104 6607 car 0 0 -1 1048.7161309719127 178.97915189094147 1230.0900098095062 331.99330576843283 -1 -1 -1 -1000 -1000 -1000 -10
104 6605 car 0 0 -1 639.6293840624162 173.97094341652092 677.4566795208925 204.08489383334648 -1 -1 -1 -1000 -1000 -1000 -10
104 6604 car 0 0 -1 765.3086721902682 172.88897028414462 1057.189560970056 345.3816979093806 -1 -1 -1 -1000 -1000 -1000 -10
104 6603 car 0 0 -1 682.3079273267815 162.89969590122354 805.0195505240879 250.86623112848912 -1 -1 -1 -1000 -1000 -1000 -10
104 6598 DontCare 0 0 -1 685.0256759534292 131.8969820481162 767.6756983670956 210.11953683947368 -1 -1 -1 -1000 -1000 -1000 -10
105 6607 car 0 0 -1 1016.2600619439573 173.58136035413327 1225.8745940791407 322.5151600073444 -1 -1 -1 -1000 -1000 -1000 -10
105 6605 car 0 0 -1 637.9362780613751 173.756503519837 674.3218528908205 203.03727134689524 -1 -1 -1 -1000 -1000 -1000 -10
105 6604 car 0 0 -1 746.5378441467589 171.6184697411145 1006.8320112065584 326.2155718343677 -1 -1 -1 -1000 -1000 -1000 -10
105 6603 car 0 0 -1 675.6030376951684 163.99089633053833 789.7782273637662 246.3590557318917 -1 -1 -1 -1000 -1000 -1000 -10
105 6598 DontCare 0 0 -1 681.9892582618915 133.26495837454286 761.5741735117357 211.49093749142895 -1 -1 -1 -1000 -1000 -1000 -10
106 6607 car 0 0 -1 986.1853359252159 170.6814005177872 1222.8594537487634 309.65204779314524 -1 -1 -1 -1000 -1000 -1000 -10
106 6605 car 0 0 -1 636.4907409569864 173.54941006679576 671.5671816994741 202.17851325208494 -1 -1 -1 -1000 -1000 -1000 -10
106 6604 car 0 0 -1 733.068764763413 172.23710671279758 963.1372156271115 311.03682804710496 -1 -1 -1 -1000 -1000 -1000 -10
106 6603 car 0 0 -1 673.0083202970144 164.33424330978949 778.4770720074476 241.6744069569437 -1 -1 -1 -1000 -1000 -1000 -10
106 6598 DontCare 0 0 -1 679.7373050133078 134.32213747771783 756.2149411829998 211.48916089620138 -1 -1 -1 -1000 -1000 -1000 -10
107 6607 car 0 0 -1 956.7179694438188 169.3454362572939 1202.5526038377739 297.2061193956607 -1 -1 -1 -1000 -1000 -1000 -10
107 6605 car 0 0 -1 634.6616840357717 173.97008072907832 668.0592481148722 201.42887275790392 -1 -1 -1 -1000 -1000 -1000 -10
107 6604 car 0 0 -1 722.4241989910383 173.43280459047486 924.2835781840763 296.82963970488765 -1 -1 -1 -1000 -1000 -1000 -10
107 6603 car 0 0 -1 669.8574795266795 164.75130922705847 766.2671748842308 237.1959968007045 -1 -1 -1 -1000 -1000 -1000 -10
107 6598 DontCare 0 0 -1 676.5424947657718 135.40014452773744 751.112821221277 213.33801746455072 -1 -1 -1 -1000 -1000 -1000 -10
108 6607 car 0 0 -1 923.0448795347927 168.30326261347847 1161.5647343961093 284.3639974074821 -1 -1 -1 -1000 -1000 -1000 -10
108 6606 car 0 0 -1 806.3914777992949 172.09328429445446 888.8341202656549 205.12192883038955 -1 -1 -1 -1000 -1000 -1000 -10
108 6605 car 0 0 -1 633.3920031025874 174.02411669702624 664.900427792839 199.9755995932941 -1 -1 -1 -1000 -1000 -1000 -10
108 6604 car 0 0 -1 712.8050462487995 173.15387337988923 893.0704915078729 284.6890868048417 -1 -1 -1 -1000 -1000 -1000 -10
108 6603 car 0 0 -1 665.5007297116571 166.19200551208243 755.2983499718345 233.06820885979872 -1 -1 -1 -1000 -1000 -1000 -10
108 6598 DontCare 0 0 -1 676.010260029128 134.20974368945156 748.1045584806689 206.22699050173105 -1 -1 -1 -1000 -1000 -1000 -10
109 6607 car 0 0 -1 896.1395537696042 169.28056843955008 1119.7359958843151 273.6093233257488 -1 -1 -1 -1000 -1000 -1000 -10
109 6606 car 0 0 -1 806.6664355695885 172.33118044583114 885.3195862334004 204.52330861370274 -1 -1 -1 -1000 -1000 -1000 -10
109 6605 car 0 0 -1 631.991796618851 173.97082785371742 662.8588533924552 198.8931686955412 -1 -1 -1 -1000 -1000 -1000 -10
109 6604 car 0 0 -1 705.3810402454924 174.19477444365268 866.0544083260963 274.72090374631193 -1 -1 -1 -1000 -1000 -1000 -10
109 6603 car 0 0 -1 662.7983656544848 166.97253105581314 747.7385362398579 230.1154718919846 -1 -1 -1 -1000 -1000 -1000 -10
109 6598 DontCare 0 0 -1 674.3321114996222 135.4230076016379 741.7638985993958 203.73990104591599 -1 -1 -1 -1000 -1000 -1000 -10
110 6607 car 0 0 -1 875.9476615618329 170.9912876545232 1081.043638953476 265.5550746442903 -1 -1 -1 -1000 -1000 -1000 -10
110 6606 car 0 0 -1 806.753297051253 172.37637587840862 881.6973645377359 203.70255542538808 -1 -1 -1 -1000 -1000 -1000 -10
110 6605 car 0 0 -1 629.5168088368712 174.14524224240017 659.6233643654637 198.33559702759572 -1 -1 -1 -1000 -1000 -1000 -10
110 6604 car 0 0 -1 699.1150768205439 173.73317036700547 844.7114429774156 266.2600090362606 -1 -1 -1 -1000 -1000 -1000 -10
110 6603 car 0 0 -1 658.1019437501927 167.45902359780825 737.7036268788577 227.0099076655597 -1 -1 -1 -1000 -1000 -1000 -10
110 6598 DontCare 0 0 -1 671.2322228093916 136.3003042343125 735.756429036887 201.130261192186 -1 -1 -1 -1000 -1000 -1000 -10
111 6607 car 0 0 -1 856.6017645105287 171.991977910353 1045.1519836010095 258.70656516407104 -1 -1 -1 -1000 -1000 -1000 -10
111 6606 car 0 0 -1 805.4820901699509 172.48487371558642 879.3239515905868 203.3228710376812 -1 -1 -1 -1000 -1000 -1000 -10
111 6605 car 0 0 -1 626.8264884307554 173.69292232257507 656.4070292154444 197.3767978585021 -1 -1 -1 -1000 -1000 -1000 -10
111 6604 car 0 0 -1 692.6505839816381 173.84191698127057 824.0794631738864 259.16510223913036 -1 -1 -1 -1000 -1000 -1000 -10
111 6603 car 0 0 -1 655.680078953519 167.5778832067883 731.2783801430754 224.0961019218067 -1 -1 -1 -1000 -1000 -1000 -10
111 6598 DontCare 0 0 -1 667.7333343331582 136.9511291396218 730.3533243201259 198.57250536436533 -1 -1 -1 -1000 -1000 -1000 -10
112 6607 car 0 0 -1 840.2004516455758 173.09133739421156 1012.3399419004094 252.54996725798588 -1 -1 -1 -1000 -1000 -1000 -10
112 6606 car 0 0 -1 804.3124407774646 172.6220873069067 876.782304464638 203.10135422160246 -1 -1 -1 -1000 -1000 -1000 -10
112 6605 car 0 0 -1 625.1655279422229 173.46164551832624 654.0383326722491 196.46067904602978 -1 -1 -1 -1000 -1000 -1000 -10
112 6604 car 0 0 -1 686.4995853629113 173.13367160051956 806.4539766860349 252.31607242430715 -1 -1 -1 -1000 -1000 -1000 -10
112 6603 car 0 0 -1 654.712182291061 167.85828188928036 725.6047044200666 221.58278773064808 -1 -1 -1 -1000 -1000 -1000 -10
112 6598 DontCare 0 0 -1 667.1936344662139 138.1576314994955 725.8272921710915 197.275105814805 -1 -1 -1 -1000 -1000 -1000 -10
113 6607 car 0 0 -1 825.3498334426854 172.94858664938437 984.148650064702 247.22162322215843 -1 -1 -1 -1000 -1000 -1000 -10
113 6606 car 0 0 -1 803.1411739461051 172.53600626132146 876.1428844803951 202.52154376245778 -1 -1 -1 -1000 -1000 -1000 -10
113 6605 car 0 0 -1 623.4411729966513 173.9804383802059 651.787715077916 196.18775889495055 -1 -1 -1 -1000 -1000 -1000 -10
113 6604 car 0 0 -1 681.6619534970583 173.16857082380272 791.8967234970702 247.07296454086287 -1 -1 -1 -1000 -1000 -1000 -10
113 6603 car 0 0 -1 652.5463504304444 168.0151007528447 719.4028407589753 218.76873477071607 -1 -1 -1 -1000 -1000 -1000 -10
113 6598 DontCare 0 0 -1 666.6438613302847 139.18948283585354 721.5128832934337 195.59045411722656 -1 -1 -1 -1000 -1000 -1000 -10
114 6607 car 0 0 -1 813.8045901342423 173.61040339161053 959.4926093182978 242.2135607328118 -1 -1 -1 -1000 -1000 -1000 -10
114 6606 car 0 0 -1 799.9752519683451 172.4461369978254 873.6580044084166 203.02113077644643 -1 -1 -1 -1000 -1000 -1000 -10
114 6605 car 0 0 -1 621.6474377614935 174.3172785914876 649.6224270683268 195.97279091298776 -1 -1 -1 -1000 -1000 -1000 -10
114 6604 car 0 0 -1 677.9787815329025 173.38217890702265 778.3994961865101 241.88611277533386 -1 -1 -1 -1000 -1000 -1000 -10
114 6603 car 0 0 -1 651.7183947243698 168.49498997612 714.9746653116301 216.73140452401714 -1 -1 -1 -1000 -1000 -1000 -10
114 6598 DontCare 0 0 -1 664.08751342995 141.3009460943265 716.1397205357306 196.37356046849715 -1 -1 -1 -1000 -1000 -1000 -10
115 6607 car 0 0 -1 802.1867042713178 173.1194816132778 937.3978403781024 238.09659389393397 -1 -1 -1 -1000 -1000 -1000 -10
115 6604 car 0 0 -1 674.0605886036715 173.56523502459527 767.1797566585365 238.08824834303556 -1 -1 -1 -1000 -1000 -1000 -10
115 6603 car 0 0 -1 647.5185979716088 168.49584757228865 708.1223245582031 214.95519826822795 -1 -1 -1 -1000 -1000 -1000 -10
115 6598 DontCare 0 0 -1 661.8451577401947 141.389777862075 713.0379679973646 196.14391084232477 -1 -1 -1 -1000 -1000 -1000 -10
116 6607 car 0 0 -1 791.2876920475238 173.20729170775653 916.7501168847829 234.57896335754478 -1 -1 -1 -1000 -1000 -1000 -10
116 6604 car 0 0 -1 669.9587448296679 173.78117647902047 756.8485205489467 234.1213112013648 -1 -1 -1 -1000 -1000 -1000 -10
116 6603 car 0 0 -1 646.0348550796049 168.8745822694642 705.8013072804418 213.97742851509315 -1 -1 -1 -1000 -1000 -1000 -10
116 6598 DontCare 0 0 -1 657.814173980278 142.278506422616 708.9456460588623 197.08874778654942 -1 -1 -1 -1000 -1000 -1000 -10
117 6607 car 0 0 -1 782.2768468499207 172.8518498017644 898.2036194233119 230.63161870890076 -1 -1 -1 -1000 -1000 -1000 -10
117 6604 car 0 0 -1 667.4612329659044 173.53100108440864 747.6715906328222 229.92029054707572 -1 -1 -1 -1000 -1000 -1000 -10
117 6603 car 0 0 -1 643.3974084750868 168.94278537860322 701.6912747896789 212.4914407414928 -1 -1 -1 -1000 -1000 -1000 -10
117 6598 DontCare 0 0 -1 656.8501892200026 142.61383088325675 705.7321726097256 195.5810219079778 -1 -1 -1 -1000 -1000 -1000 -10
118 6607 car 0 0 -1 773.29653563958 171.9223462119336 881.7142769222646 226.91328013824494 -1 -1 -1 -1000 -1000 -1000 -10
118 6604 car 0 0 -1 664.4098569688675 173.9170453058892 738.7651975822586 226.72041450466776 -1 -1 -1 -1000 -1000 -1000 -10
118 6603 car 0 0 -1 642.320928314045 169.7284588041382 698.6643239328141 211.86472425159582 -1 -1 -1 -1000 -1000 -1000 -10
118 6598 DontCare 0 0 -1 655.3615300476554 143.35226704684771 702.0384148230878 194.40183108404796 -1 -1 -1 -1000 -1000 -1000 -10
119 6607 car 0 0 -1 766.3510273746738 172.47597254422752 867.7812658870505 224.7864594502873 -1 -1 -1 -1000 -1000 -1000 -10
119 6604 car 0 0 -1 660.4487953702856 174.09081079174675 730.6114863511077 224.34600382041393 -1 -1 -1 -1000 -1000 -1000 -10
119 6603 car 0 0 -1 639.7354327403385 170.141619071284 694.3528844989686 210.94646422245373 -1 -1 -1 -1000 -1000 -1000 -10
119 6598 DontCare 0 0 -1 653.399529418865 145.25551387186738 698.4292719612305 194.84118750419407 -1 -1 -1 -1000 -1000 -1000 -10
120 6607 car 0 0 -1 759.5720826899206 173.21149341715997 854.7182431290274 222.34114241624192 -1 -1 -1 -1000 -1000 -1000 -10
120 6604 car 0 0 -1 657.7091621406431 173.05158316102623 723.0399271898715 220.86743972565498 -1 -1 -1 -1000 -1000 -1000 -10
120 6603 car 0 0 -1 638.810189836707 169.9377901477107 690.4505950880846 209.75856452790202 -1 -1 -1 -1000 -1000 -1000 -10
120 6598 DontCare 0 0 -1 652.6691074523337 145.89347909749134 695.9390481603998 193.85170084265056 -1 -1 -1 -1000 -1000 -1000 -10
121 6607 car 0 0 -1 753.0112864102459 174.090789738483 841.7768849850229 219.68582684885115 -1 -1 -1 -1000 -1000 -1000 -10
121 6604 car 0 0 -1 655.0845778083306 173.76288051623158 716.6342906274817 218.55948084062544 -1 -1 -1 -1000 -1000 -1000 -10
121 6603 car 0 0 -1 637.6800567269806 169.99527466074622 686.8970527202409 207.96870108589164 -1 -1 -1 -1000 -1000 -1000 -10
121 6598 DontCare 0 0 -1 650.7376637073106 146.98465521668058 692.4130337087387 194.50935713993422 -1 -1 -1 -1000 -1000 -1000 -10
122 6607 car 0 0 -1 746.7705177111727 174.63641395714194 830.5162151077784 217.96614576375305 -1 -1 -1 -1000 -1000 -1000 -10
122 6604 car 0 0 -1 652.8442344608675 174.64409198342426 710.929166527485 217.18561991141772 -1 -1 -1 -1000 -1000 -1000 -10
122 6603 car 0 0 -1 636.2021188320035 170.49022897188598 683.1025900468545 206.2385837410252 -1 -1 -1 -1000 -1000 -1000 -10
122 6598 DontCare 0 0 -1 649.7205206447543 146.77575369791913 690.2427312456496 192.88883182993754 -1 -1 -1 -1000 -1000 -1000 -10
123 6608 car 0 0 -1 804.9965520100614 175.63913002810222 864.6660543172748 206.51447148692404 -1 -1 -1 -1000 -1000 -1000 -10
123 6607 car 0 0 -1 741.3036097261607 174.97620426302726 820.4747648940596 216.03140097846406 -1 -1 -1 -1000 -1000 -1000 -10
123 6604 car 0 0 -1 649.9963930200421 175.1024057910303 704.9442060190887 215.38024336039203 -1 -1 -1 -1000 -1000 -1000 -10
123 6603 car 0 0 -1 633.6460570775012 171.08833933384804 677.633124750168 205.22160170386658 -1 -1 -1 -1000 -1000 -1000 -10
124 6608 car 0 0 -1 805.7081710268521 174.10432602452926 866.4693277881365 205.3614658017865 -1 -1 -1 -1000 -1000 -1000 -10
124 6607 car 0 0 -1 736.0544106296932 174.94519113540386 810.9326896944826 214.2984185345923 -1 -1 -1 -1000 -1000 -1000 -10
124 6604 car 0 0 -1 648.1217524211576 174.9357526693815 700.1498078941653 213.23537244448988 -1 -1 -1 -1000 -1000 -1000 -10
124 6603 car 0 0 -1 632.0744456490622 172.28737009561874 673.8909790924774 205.16978650888498 -1 -1 -1 -1000 -1000 -1000 -10
125 6608 car 0 0 -1 805.3711743015479 173.4934997670378 866.7679841043309 204.4966034270861 -1 -1 -1 -1000 -1000 -1000 -10
125 6607 car 0 0 -1 730.3279703225817 174.0357125562796 801.4683273178448 212.09968998314153 -1 -1 -1 -1000 -1000 -1000 -10
125 6604 car 0 0 -1 633.7422760473168 172.36766764056165 682.1054547066409 208.69465918136837 -1 -1 -1 -1000 -1000 -1000 -10
125 6598 DontCare 0 0 -1 646.8930249790127 147.69857608805145 682.4773717859158 192.2415229844767 -1 -1 -1 -1000 -1000 -1000 -10
126 6610 DontCare 0 0 -1 1030.2111919928132 121.81750237767619 1228.5467508636505 357.8541081764045 -1 -1 -1 -1000 -1000 -1000 -10
126 6608 car 0 0 -1 803.9135504011001 173.49661825567432 866.7272676271145 204.83680614132453 -1 -1 -1 -1000 -1000 -1000 -10
126 6607 car 0 0 -1 725.8519085026177 173.99029795928095 793.1122175469342 211.0623099327363 -1 -1 -1 -1000 -1000 -1000 -10
126 6604 car 0 0 -1 627.1705786265793 170.79884482021305 671.7057579763239 205.1170532838467 -1 -1 -1 -1000 -1000 -1000 -10
126 6598 DontCare 0 0 -1 646.1018675133762 148.08012302665978 680.4432551973405 191.63870163045718 -1 -1 -1 -1000 -1000 -1000 -10
127 6611 car 0 0 -1 650.9072133068934 176.0499060147566 693.3878075340373 209.01630153482327 -1 -1 -1 -1000 -1000 -1000 -10
127 6610 DontCare 0 0 -1 995.5245407328209 117.55390290793333 1224.0776253091292 346.1981922353832 -1 -1 -1 -1000 -1000 -1000 -10
127 6608 car 0 0 -1 803.9065431426786 173.38342503938983 866.9330156089256 204.41836228333105 -1 -1 -1 -1000 -1000 -1000 -10
127 6607 car 0 0 -1 721.5788544061991 173.84965175600806 785.4204051397546 209.61480013751137 -1 -1 -1 -1000 -1000 -1000 -10
127 6604 car 0 0 -1 623.9601497521351 171.0894129512751 665.080659026918 203.58223255480698 -1 -1 -1 -1000 -1000 -1000 -10
127 6598 DontCare 0 0 -1 645.4067213055547 148.9305154084688 678.8868857340345 192.58287731996643 -1 -1 -1 -1000 -1000 -1000 -10
128 6611 car 0 0 -1 649.5123521784011 176.5169705953937 690.3167487225327 208.16897675117232 -1 -1 -1 -1000 -1000 -1000 -10
128 6610 DontCare 0 0 -1 966.4462871323865 118.92879829294827 1221.7257508878436 331.39058858518206 -1 -1 -1 -1000 -1000 -1000 -10
128 6608 car 0 0 -1 802.2918889193749 173.36189802919674 866.54782563986 204.2960405170057 -1 -1 -1 -1000 -1000 -1000 -10
128 6607 car 0 0 -1 717.9920081435337 173.0514283434339 779.2466112104928 207.99321924266306 -1 -1 -1 -1000 -1000 -1000 -10
128 6604 car 0 0 -1 622.5923873128964 171.16035620066663 660.5749687143513 202.48816036230215 -1 -1 -1 -1000 -1000 -1000 -10
128 6598 DontCare 0 0 -1 643.6316994574744 149.40634481479938 676.7914249014487 193.42019866335542 -1 -1 -1 -1000 -1000 -1000 -10
129 6611 car 0 0 -1 648.4092203791749 176.58095951081825 688.1197385320522 207.30774078320658 -1 -1 -1 -1000 -1000 -1000 -10
129 6610 DontCare 0 0 -1 939.0339635016906 121.99430611614088 1209.4734970152065 315.02244900802503 -1 -1 -1 -1000 -1000 -1000 -10
129 6608 car 0 0 -1 801.5346945366857 173.40863748270513 866.5931549076029 204.23300572226387 -1 -1 -1 -1000 -1000 -1000 -10
129 6607 car 0 0 -1 714.0884878359362 172.76413341927847 772.3018776865905 206.8068135168277 -1 -1 -1 -1000 -1000 -1000 -10
129 6598 car 0 0 -1 633.4747882502188 162.5279318720455 666.8451540859123 201.41930167604633 -1 -1 -1 -1000 -1000 -1000 -10
130 6611 car 0 0 -1 646.24682620508 176.75174401089217 683.5984255773571 206.20667815146876 -1 -1 -1 -1000 -1000 -1000 -10
130 6610 DontCare 0 0 -1 905.5976788697494 126.39345192350603 1170.2091735629538 300.2535028514095 -1 -1 -1 -1000 -1000 -1000 -10
130 6608 car 0 0 -1 800.8090006579198 173.44219753477367 867.0753876745434 204.22158746966593 -1 -1 -1 -1000 -1000 -1000 -10
130 6607 car 0 0 -1 709.8446836845843 173.31789460601107 765.2603707134612 206.4006483009906 -1 -1 -1 -1000 -1000 -1000 -10
131 6611 car 0 0 -1 643.2618954377357 177.27103547244167 680.2859919717947 206.13087622455208 -1 -1 -1 -1000 -1000 -1000 -10
131 6610 DontCare 0 0 -1 878.1859876567542 131.3777236770079 1126.7010542046348 287.95986379303463 -1 -1 -1 -1000 -1000 -1000 -10
131 6608 car 0 0 -1 800.3665413094398 173.48865611591236 867.4442664013541 204.20562244825373 -1 -1 -1 -1000 -1000 -1000 -10
131 6607 car 0 0 -1 706.2189373417355 174.0242866739425 759.310796090306 205.8217361889975 -1 -1 -1 -1000 -1000 -1000 -10
132 6611 car 0 0 -1 638.5250926754437 176.10295445680208 676.1074986334821 204.72565074937103 -1 -1 -1 -1000 -1000 -1000 -10
132 6610 DontCare 0 0 -1 854.82635585832 136.10242458757733 1084.1793855387627 276.2805035985373 -1 -1 -1 -1000 -1000 -1000 -10
132 6608 car 0 0 -1 800.1978825889329 173.02878867765898 868.2596541212068 204.0348161825472 -1 -1 -1 -1000 -1000 -1000 -10
132 6607 car 0 0 -1 702.5755644443261 173.75313604614686 753.3791433917504 204.31277589110263 -1 -1 -1 -1000 -1000 -1000 -10
133 6611 car 0 0 -1 634.7386094848736 175.22030598359754 672.8208204247209 204.03369336563065 -1 -1 -1 -1000 -1000 -1000 -10
133 6610 DontCare 0 0 -1 836.3804246465787 139.1090385072132 1047.4702760922974 267.08459384001105 -1 -1 -1 -1000 -1000 -1000 -10
133 6608 car 0 0 -1 799.7110238329237 173.33823935974232 867.688036588504 204.16058673144835 -1 -1 -1 -1000 -1000 -1000 -10
133 6607 car 0 0 -1 698.9139917557447 173.90841846969212 747.4482082533411 203.5412472322054 -1 -1 -1 -1000 -1000 -1000 -10
134 6611 car 0 0 -1 632.5995835252902 174.75857407423172 670.5800089053166 203.28733913465658 -1 -1 -1 -1000 -1000 -1000 -10
134 6610 DontCare 0 0 -1 821.7949048660018 142.80342380452902 1013.5285875911952 258.78117742898706 -1 -1 -1 -1000 -1000 -1000 -10
134 6608 car 0 0 -1 798.9380388119605 173.32925242255905 866.7675239681198 203.69439904149576 -1 -1 -1 -1000 -1000 -1000 -10
134 6607 car 0 0 -1 695.5706471594367 173.99437752188655 742.438012561726 202.64836762364413 -1 -1 -1 -1000 -1000 -1000 -10
135 6612 DontCare 0 0 -1 635.7603584440207 151.60613262539977 667.1612518172761 196.53846466288422 -1 -1 -1 -1000 -1000 -1000 -10
135 6611 car 0 0 -1 631.9852988961566 175.05651049846256 668.4537817198366 202.58175314056376 -1 -1 -1 -1000 -1000 -1000 -10
135 6610 DontCare 0 0 -1 807.3843532422401 144.69261402498046 984.4839615410232 252.8347734607657 -1 -1 -1 -1000 -1000 -1000 -10
135 6607 car 0 0 -1 692.0643541919652 173.60156816872458 737.4173272847244 201.52820377251228 -1 -1 -1 -1000 -1000 -1000 -10
136 6612 DontCare 0 0 -1 634.5295604177336 154.1588631896349 663.8764034662838 196.46237569642344 -1 -1 -1 -1000 -1000 -1000 -10
136 6611 car 0 0 -1 631.9412884962775 175.84610104455834 667.0028722383692 202.33601558285244 -1 -1 -1 -1000 -1000 -1000 -10
136 6610 DontCare 0 0 -1 795.7189930102535 146.8688721505185 957.8173257957543 246.77864670691744 -1 -1 -1 -1000 -1000 -1000 -10
136 6607 car 0 0 -1 688.7417062005364 173.4354641540009 732.1330376490704 200.5398964965264 -1 -1 -1 -1000 -1000 -1000 -10
137 6611 car 0 0 -1 631.0848146484918 175.53039443035854 664.18184199895 200.91755767888836 -1 -1 -1 -1000 -1000 -1000 -10
137 6610 DontCare 0 0 -1 785.0653133343308 147.78067990093547 934.6059511942849 241.3782777704938 -1 -1 -1 -1000 -1000 -1000 -10
137 6607 car 0 0 -1 685.9084025237973 174.00315183907048 727.575574286029 200.21145113418117 -1 -1 -1 -1000 -1000 -1000 -10
138 6610 DontCare 0 0 -1 774.9109197274131 149.34382779716074 913.1560498195868 237.03149736832674 -1 -1 -1 -1000 -1000 -1000 -10
138 6607 car 0 0 -1 682.9609353811874 173.44273115725974 723.5837475925724 199.02244743128887 -1 -1 -1 -1000 -1000 -1000 -10
139 6610 car 0 0 -1 766.9426767756876 151.24831564710485 894.1925488312444 233.61475609697112 -1 -1 -1 -1000 -1000 -1000 -10
139 6607 car 0 0 -1 681.1669072076969 174.27176318305658 720.4860156205117 198.8288754174623 -1 -1 -1 -1000 -1000 -1000 -10
140 6610 car 0 0 -1 759.0883217910144 152.83313452229189 878.1038983272102 230.97872472712848 -1 -1 -1 -1000 -1000 -1000 -10
140 6608 DontCare 0 0 -1 775.8091939328774 163.2580587146023 880.0264218893055 222.35533562713746 -1 -1 -1 -1000 -1000 -1000 -10
140 6607 car 0 0 -1 678.6237107915618 174.78668966658796 716.3919634447446 198.5988899695717 -1 -1 -1 -1000 -1000 -1000 -10
141 6610 car 0 0 -1 751.865675263573 154.5231368234211 863.0944201960493 227.75154331388728 -1 -1 -1 -1000 -1000 -1000 -10
141 6608 DontCare 0 0 -1 767.1800428377225 162.64647057832207 869.7754238102965 223.2862642550199 -1 -1 -1 -1000 -1000 -1000 -10
141 6607 car 0 0 -1 675.9965128764201 173.43799495943227 712.3346364957732 196.95458709207094 -1 -1 -1 -1000 -1000 -1000 -10
142 6611 car 0 0 -1 622.261819591615 172.22219216012087 652.7186005221704 196.17729786088347 -1 -1 -1 -1000 -1000 -1000 -10
142 6610 car 0 0 -1 744.6644085192618 155.49481111901284 848.0130841626783 225.04578600745563 -1 -1 -1 -1000 -1000 -1000 -10
142 6608 DontCare 0 0 -1 758.5976539932324 161.4008184657082 857.9207351714695 222.73240966732442 -1 -1 -1 -1000 -1000 -1000 -10
142 6607 car 0 0 -1 673.9317682288222 173.44695914132222 708.9439277312788 196.470399502392 -1 -1 -1 -1000 -1000 -1000 -10
143 6610 car 0 0 -1 738.5627192887919 157.018316159152 834.9675924006867 222.3436373514166 -1 -1 -1 -1000 -1000 -1000 -10
143 6608 DontCare 0 0 -1 750.9125597522188 160.90526202576433 847.0622515861439 221.90593296546814 -1 -1 -1 -1000 -1000 -1000 -10
143 6607 car 0 0 -1 671.1521055663464 172.93279397741415 705.4722638492186 195.58455641239553 -1 -1 -1 -1000 -1000 -1000 -10
144 6613 car 0 0 -1 807.9192450587327 171.6767117466912 868.1411373976232 207.25708070372886 -1 -1 -1 -1000 -1000 -1000 -10
144 6610 DontCare 0 0 -1 732.0379665844895 157.15357970515714 823.4883142124053 219.95231654224284 -1 -1 -1 -1000 -1000 -1000 -10
144 6608 car 0 0 -1 743.2248543184975 159.96255925631357 835.6632555948969 220.43627341217518 -1 -1 -1 -1000 -1000 -1000 -10
144 6607 car 0 0 -1 668.8912441151258 173.449593202568 702.4253929681761 195.8242476777334 -1 -1 -1 -1000 -1000 -1000 -10
145 6613 car 0 0 -1 808.4136737550643 172.83306467872666 867.5625561826866 205.65161568646226 -1 -1 -1 -1000 -1000 -1000 -10
145 6610 car 0 0 -1 726.7281926612402 158.29032849649334 813.1003381849482 218.0581501229694 -1 -1 -1 -1000 -1000 -1000 -10
145 6608 DontCare 0 0 -1 736.7391485094745 160.24381086839765 824.7823333812457 219.2374083068642 -1 -1 -1 -1000 -1000 -1000 -10
145 6607 car 0 0 -1 667.9171416629232 173.36126167329718 700.3260635022633 194.9802946471455 -1 -1 -1 -1000 -1000 -1000 -10
146 6613 car 0 0 -1 805.5851827196909 172.70047831047017 867.0907400820129 205.58678257903605 -1 -1 -1 -1000 -1000 -1000 -10
146 6610 car 0 0 -1 722.0754155792293 158.97527033338685 803.5286730331906 215.903049178041 -1 -1 -1 -1000 -1000 -1000 -10
146 6608 DontCare 0 0 -1 731.20248528268 159.80901497708166 814.893140652333 217.42059264958252 -1 -1 -1 -1000 -1000 -1000 -10
146 6607 car 0 0 -1 666.4215937874903 173.47979286681823 697.7109457060624 194.53829948125514 -1 -1 -1 -1000 -1000 -1000 -10
147 6613 car 0 0 -1 803.7115939567382 172.53302306976383 866.3803750467755 204.92673238703213 -1 -1 -1 -1000 -1000 -1000 -10
147 6608 DontCare 0 0 -1 726.1831184070028 159.9982208019555 805.8721687231588 215.74247344080825 -1 -1 -1 -1000 -1000 -1000 -10
147 6607 car 0 0 -1 664.2638220853895 173.643987118261 694.7280654797233 194.2816212031605 -1 -1 -1 -1000 -1000 -1000 -10
148 6613 car 0 0 -1 801.1860825685087 173.07501545334185 865.1904056792055 204.799677198646 -1 -1 -1 -1000 -1000 -1000 -10
148 6608 DontCare 0 0 -1 721.6106010378015 160.6781692499545 796.9417536261966 214.4987245347435 -1 -1 -1 -1000 -1000 -1000 -10
148 6607 car 0 0 -1 662.972222039011 174.0600094713512 691.7331066814371 193.85992861685511 -1 -1 -1 -1000 -1000 -1000 -10
149 6613 car 0 0 -1 799.9211345907108 173.3940021721952 864.4828706166122 204.62082859901903 -1 -1 -1 -1000 -1000 -1000 -10
149 6608 DontCare 0 0 -1 717.1595946085415 160.94943587093456 788.7354416075148 212.75088050820477 -1 -1 -1 -1000 -1000 -1000 -10
149 6607 car 0 0 -1 661.3336425656117 174.8616034341684 689.4047646753214 193.71108568434056 -1 -1 -1 -1000 -1000 -1000 -10
150 6613 car 0 0 -1 798.704811635972 173.5868524106193 863.6729433701892 204.47147162118935 -1 -1 -1 -1000 -1000 -1000 -10
150 6608 DontCare 0 0 -1 711.9259520653344 161.27891176465323 781.0082614076726 211.23048207321364 -1 -1 -1 -1000 -1000 -1000 -10
151 6613 car 0 0 -1 798.2092953652946 173.71167909874808 863.4744107741678 204.35644643325375 -1 -1 -1 -1000 -1000 -1000 -10
151 6608 DontCare 0 0 -1 708.1219162804337 161.53705182027136 773.6369916733759 209.89104823535786 -1 -1 -1 -1000 -1000 -1000 -10
152 6613 car 0 0 -1 797.5566132749988 173.6237310729133 863.2512454549209 203.77782497517035 -1 -1 -1 -1000 -1000 -1000 -10
152 6608 DontCare 0 0 -1 704.7111207701818 161.83916477106095 766.5568956677117 207.91884468698214 -1 -1 -1 -1000 -1000 -1000 -10
153 6613 car 0 0 -1 796.930330319224 174.30799265698042 863.5916680209008 204.16203922506887 -1 -1 -1 -1000 -1000 -1000 -10
153 6608 DontCare 0 0 -1 701.4224112332115 162.84627821823133 760.2494167991399 206.910561091532 -1 -1 -1 -1000 -1000 -1000 -10
154 6613 car 0 0 -1 795.8936396037408 174.61490135081073 863.2452948228282 204.25280568619826 -1 -1 -1 -1000 -1000 -1000 -10
154 6608 DontCare 0 0 -1 697.9121780633827 163.15373047219995 753.876283845429 205.97706690955206 -1 -1 -1 -1000 -1000 -1000 -10
155 6613 car 0 0 -1 794.7501024532133 174.7659493188376 862.5960314634348 204.24683650293804 -1 -1 -1 -1000 -1000 -1000 -10
155 6608 DontCare 0 0 -1 694.4242191714669 163.33302270988418 748.0035206411986 204.93367280631884 -1 -1 -1 -1000 -1000 -1000 -10
156 6613 car 0 0 -1 793.2917231606922 174.8332648657345 862.1104044840278 204.2297412289419 -1 -1 -1 -1000 -1000 -1000 -10
156 6608 DontCare 0 0 -1 691.7647106514692 163.26639750676833 742.7624230883278 203.4161157333703 -1 -1 -1 -1000 -1000 -1000 -10
157 6613 car 0 0 -1 791.7752372548316 174.88099153983637 860.9815133877967 204.19692331760768 -1 -1 -1 -1000 -1000 -1000 -10
157 6608 DontCare 0 0 -1 688.4478060930946 163.9899283181348 738.1067651999324 202.72239193293603 -1 -1 -1 -1000 -1000 -1000 -10
158 6613 car 0 0 -1 790.032804559276 174.90599926457134 859.8182902441795 204.17396313347865 -1 -1 -1 -1000 -1000 -1000 -10
158 6608 DontCare 0 0 -1 685.5181351505029 164.50632108553714 733.0369908105046 202.2220519752936 -1 -1 -1 -1000 -1000 -1000 -10
159 6613 car 0 0 -1 786.8528860020793 175.2567876331654 854.8518673206671 203.82078411207482 -1 -1 -1 -1000 -1000 -1000 -10
159 6608 DontCare 0 0 -1 683.3738275895778 165.17136933635035 729.0581133278413 201.56755254356645 -1 -1 -1 -1000 -1000 -1000 -10
160 6613 car 0 0 -1 784.2183719179538 175.50645286467525 851.2231822763317 203.56741263385308 -1 -1 -1 -1000 -1000 -1000 -10
160 6608 DontCare 0 0 -1 680.8672015487597 165.04085786196111 724.8999265258789 200.44952253048803 -1 -1 -1 -1000 -1000 -1000 -10
161 6613 car 0 0 -1 782.6125739085069 176.15807773973125 848.57078411309 203.55228276159653 -1 -1 -1 -1000 -1000 -1000 -10
161 6608 DontCare 0 0 -1 678.6364497525299 164.5465350548721 720.8871730778383 199.21544583374111 -1 -1 -1 -1000 -1000 -1000 -10
162 6613 car 0 0 -1 779.6263289519859 176.04977481947014 844.8683272129999 203.2606228086409 -1 -1 -1 -1000 -1000 -1000 -10
162 6608 DontCare 0 0 -1 676.5220653864849 165.39403175773677 716.9183839146033 198.9685305906104 -1 -1 -1 -1000 -1000 -1000 -10
163 6613 car 0 0 -1 776.7176732155893 176.03725661769033 841.4498044861294 203.11868290944278 -1 -1 -1 -1000 -1000 -1000 -10
163 6608 DontCare 0 0 -1 674.6464642201664 165.74680386055502 713.3991583107276 198.22151799759348 -1 -1 -1 -1000 -1000 -1000 -10
164 6613 car 0 0 -1 773.6011627494496 175.89532013760925 836.4719215281706 202.56286137014598 -1 -1 -1 -1000 -1000 -1000 -10
164 6608 DontCare 0 0 -1 673.2787894096617 166.53221048407607 710.2613069705045 197.91706340863794 -1 -1 -1 -1000 -1000 -1000 -10
165 6613 car 0 0 -1 770.9980523139069 175.4506359985294 832.861934234447 202.10450547001707 -1 -1 -1 -1000 -1000 -1000 -10
165 6608 DontCare 0 0 -1 672.1262114006165 166.85507123809853 707.246644311884 197.15436942193915 -1 -1 -1 -1000 -1000 -1000 -10
166 6613 car 0 0 -1 767.6592353724407 175.28061364904673 828.8018499384775 201.93015531550182 -1 -1 -1 -1000 -1000 -1000 -10
166 6608 DontCare 0 0 -1 670.3443175860539 166.74213372800025 704.362334752014 196.4761411357675 -1 -1 -1 -1000 -1000 -1000 -10
167 6613 car 0 0 -1 764.1674007604915 175.20919872302525 825.0838844011807 201.87025125737821 -1 -1 -1 -1000 -1000 -1000 -10
167 6608 DontCare 0 0 -1 667.8310423099867 166.1802290032669 700.764678147021 195.48620327697796 -1 -1 -1 -1000 -1000 -1000 -10
168 6613 car 0 0 -1 760.4772806223554 175.1921808413488 820.3731361889667 201.83721031152916 -1 -1 -1 -1000 -1000 -1000 -10
168 6608 DontCare 0 0 -1 665.201083616182 165.59988886885571 697.3587122159898 194.8513961180861 -1 -1 -1 -1000 -1000 -1000 -10
169 6613 car 0 0 -1 757.3694384230082 175.18603501667397 816.5320750244591 201.82429276858917 -1 -1 -1 -1000 -1000 -1000 -10
170 6613 car 0 0 -1 753.361207973026 175.00516385333003 812.2496893603923 201.3652216876452 -1 -1 -1 -1000 -1000 -1000 -10
171 6613 car 0 0 -1 749.8343360083168 174.35331412370195 808.2435920365078 200.5090902518427 -1 -1 -1 -1000 -1000 -1000 -10
172 6613 car 0 0 -1 746.6386317999807 174.15246323949955 803.5665725708166 200.1359233407292 -1 -1 -1 -1000 -1000 -1000 -10
173 6613 car 0 0 -1 743.8175466440589 174.56018578254566 799.6510833471245 200.14169459294482 -1 -1 -1 -1000 -1000 -1000 -10
174 6613 car 0 0 -1 738.8878820787799 174.78139561355428 794.494613675581 200.07916864777215 -1 -1 -1 -1000 -1000 -1000 -10
175 6613 car 0 0 -1 734.4939532929164 174.74701216895647 788.790679753714 199.544574667495 -1 -1 -1 -1000 -1000 -1000 -10
176 6613 car 0 0 -1 731.1701630789595 174.36952485066783 784.5359808943791 199.07603182973693 -1 -1 -1 -1000 -1000 -1000 -10
177 6613 car 0 0 -1 728.4793206381607 174.24806733943348 780.6108281041877 198.87594698054482 -1 -1 -1 -1000 -1000 -1000 -10
178 6613 car 0 0 -1 725.4658174022265 174.04116044009942 776.117950213538 198.33215830792903 -1 -1 -1 -1000 -1000 -1000 -10
179 6613 car 0 0 -1 721.4580362778123 175.10533590162436 771.0234698598455 198.86985154080782 -1 -1 -1 -1000 -1000 -1000 -10
180 6613 car 0 0 -1 717.4585922603565 176.06067681450378 765.9430274804454 199.15531667397602 -1 -1 -1 -1000 -1000 -1000 -10
181 6613 car 0 0 -1 714.0932838068895 175.91463271677597 761.4959027075092 198.51861109010937 -1 -1 -1 -1000 -1000 -1000 -10
182 6613 car 0 0 -1 711.0745564207754 176.3996688074305 756.5589121373192 198.3636423696575 -1 -1 -1 -1000 -1000 -1000 -10
183 6613 car 0 0 -1 707.4948375597294 176.7022326590471 752.1295786868848 198.18761125961979 -1 -1 -1 -1000 -1000 -1000 -10
184 6613 car 0 0 -1 704.2450999098786 177.5301231768231 747.9787820574339 198.66374394296156 -1 -1 -1 -1000 -1000 -1000 -10
185 6613 car 0 0 -1 701.7550423944716 177.90987139502647 744.5561309671572 198.78190323470892 -1 -1 -1 -1000 -1000 -1000 -10
186 6613 car 0 0 -1 699.6719312127708 178.37808591222688 740.667260749704 198.50381148006136 -1 -1 -1 -1000 -1000 -1000 -10
187 6613 car 0 0 -1 697.580841683579 178.6330110996415 736.7639791406235 198.94844358109864 -1 -1 -1 -1000 -1000 -1000 -10
188 6613 car 0 0 -1 694.8425559868338 179.62978447015303 732.8728166834044 200.0988590550361 -1 -1 -1 -1000 -1000 -1000 -10
189 6613 car 0 0 -1 692.6016020824238 180.4250643242468 729.4955394756066 200.7492826681084 -1 -1 -1 -1000 -1000 -1000 -10
190 6613 car 0 0 -1 689.9127365512891 180.75707277297562 725.6993665080643 200.96841608908716 -1 -1 -1 -1000 -1000 -1000 -10
191 6613 car 0 0 -1 686.4214972398806 181.5326690258423 721.1226966178588 201.65482722924693 -1 -1 -1 -1000 -1000 -1000 -10
192 6613 car 0 0 -1 683.5842869621981 180.7712717180932 717.7928867312069 201.09522887219703 -1 -1 -1 -1000 -1000 -1000 -10
193 6613 car 0 0 -1 679.939335752941 181.3408424954167 713.4929894420937 201.27234357477855 -1 -1 -1 -1000 -1000 -1000 -10
194 6617 DontCare 0 0 -1 463.7139454837775 171.9733212558194 495.0388614294146 200.14931089926048 -1 -1 -1 -1000 -1000 -1000 -10
194 6613 car 0 0 -1 676.1798553398575 181.80444333754926 709.2555086828237 201.7186872536266 -1 -1 -1 -1000 -1000 -1000 -10
195 6617 DontCare 0 0 -1 458.92390838398813 172.53368529537792 491.72119528990817 201.17246609344025 -1 -1 -1 -1000 -1000 -1000 -10
195 6613 car 0 0 -1 672.7972301880145 182.6120398752153 705.2475424990473 202.50869843987184 -1 -1 -1 -1000 -1000 -1000 -10
196 6617 DontCare 0 0 -1 455.56869687053444 172.9455695470117 488.4343451215146 201.9602074933166 -1 -1 -1 -1000 -1000 -1000 -10
196 6613 car 0 0 -1 669.1357144147072 183.3715469423793 701.1249586927162 202.9834386608351 -1 -1 -1 -1000 -1000 -1000 -10
197 6617 DontCare 0 0 -1 452.3260033760318 175.2377737748047 484.7756780235882 204.35245946617047 -1 -1 -1 -1000 -1000 -1000 -10
197 6613 car 0 0 -1 665.332997288998 183.88765683384074 696.9939282884394 203.56259505406123 -1 -1 -1 -1000 -1000 -1000 -10
198 6617 DontCare 0 0 -1 448.80246697347684 177.34854122674963 481.3172400034953 206.60263009415516 -1 -1 -1 -1000 -1000 -1000 -10
199 6617 DontCare 0 0 -1 444.3344609680261 177.65541532537466 477.40411032346873 207.7575289532186 -1 -1 -1 -1000 -1000 -1000 -10
200 6617 DontCare 0 0 -1 440.1310707755774 178.11692860741766 473.4230367464488 208.41076098546296 -1 -1 -1 -1000 -1000 -1000 -10
201 6617 DontCare 0 0 -1 434.90027097700795 177.33327491547473 469.21334834064874 208.8548242577813 -1 -1 -1 -1000 -1000 -1000 -10
202 6617 DontCare 0 0 -1 430.6410973503383 176.23748033631907 464.91368069337886 208.43103939354333 -1 -1 -1 -1000 -1000 -1000 -10
203 6617 DontCare 0 0 -1 425.55877111044066 175.15804819669407 460.45487392205956 208.2328375970222 -1 -1 -1 -1000 -1000 -1000 -10
203 6613 car 0 0 -1 643.6231652991682 184.89622222203926 671.0279766907718 203.43137126745827 -1 -1 -1 -1000 -1000 -1000 -10
204 6617 DontCare 0 0 -1 420.92711059178015 174.4564213961313 455.8440140096805 207.7622519253643 -1 -1 -1 -1000 -1000 -1000 -10
204 6613 car 0 0 -1 640.9863154287088 183.37995392098193 668.518145261693 202.30100593773776 -1 -1 -1 -1000 -1000 -1000 -10
205 6617 DontCare 0 0 -1 416.55562128125484 174.09648630491137 452.39487247594366 207.65204078229306 -1 -1 -1 -1000 -1000 -1000 -10
205 6613 car 0 0 -1 638.4091602866182 182.88243226396602 665.416585710588 201.17682536699076 -1 -1 -1 -1000 -1000 -1000 -10
206 6617 DontCare 0 0 -1 411.96475500304814 173.249572233723 449.05105809040015 207.00133073778525 -1 -1 -1 -1000 -1000 -1000 -10
206 6613 car 0 0 -1 636.2876904546468 181.71305302717656 662.9089769244503 199.85458122146986 -1 -1 -1 -1000 -1000 -1000 -10
207 6617 DontCare 0 0 -1 408.84808999779017 172.7459068875519 446.7759719497139 206.2746301814095 -1 -1 -1 -1000 -1000 -1000 -10
207 6613 car 0 0 -1 635.3879369476617 181.12008298654862 661.452632058187 198.87180829954954 -1 -1 -1 -1000 -1000 -1000 -10
208 6617 DontCare 0 0 -1 406.96579810813955 172.76041902982607 445.5084740500008 206.42568236337686 -1 -1 -1 -1000 -1000 -1000 -10
208 6613 car 0 0 -1 634.7048058634911 180.5095896289206 660.6468531491513 198.25628103759698 -1 -1 -1 -1000 -1000 -1000 -10
209 6617 DontCare 0 0 -1 405.26423730148537 171.1330672302225 444.89582453147256 205.53392697964566 -1 -1 -1 -1000 -1000 -1000 -10
209 6613 car 0 0 -1 634.7617869152338 180.10417578357246 660.0553008564324 197.5693995490511 -1 -1 -1 -1000 -1000 -1000 -10
210 6617 DontCare 0 0 -1 404.69794406982055 171.03483768750758 445.37552190281656 205.9510392664034 -1 -1 -1 -1000 -1000 -1000 -10
211 6617 DontCare 0 0 -1 404.5234411938868 171.25216468931785 446.2924958677536 207.12890967953626 -1 -1 -1 -1000 -1000 -1000 -10
212 6617 DontCare 0 0 -1 406.44105132238377 171.17358013414787 449.24955457379457 207.73147208222878 -1 -1 -1 -1000 -1000 -1000 -10
213 6617 DontCare 0 0 -1 409.903157105903 170.89380228737159 454.12426235249586 208.84170320172862 -1 -1 -1 -1000 -1000 -1000 -10
214 6617 DontCare 0 0 -1 415.0625818182614 172.2950128360478 460.504198663175 210.93361398408845 -1 -1 -1 -1000 -1000 -1000 -10
215 6617 DontCare 0 0 -1 421.9421091465606 172.2586808357673 468.26410810920015 211.65552704923257 -1 -1 -1 -1000 -1000 -1000 -10
216 6617 DontCare 0 0 -1 431.63018350331276 173.04847427304117 478.81387552903675 212.38837184160633 -1 -1 -1 -1000 -1000 -1000 -10
217 6617 DontCare 0 0 -1 442.97766701132997 172.25679932221507 491.07290297583467 211.84816940565045 -1 -1 -1 -1000 -1000 -1000 -10
218 6617 DontCare 0 0 -1 456.3605868266092 170.9773958418537 505.7163655607757 211.3450842492456 -1 -1 -1 -1000 -1000 -1000 -10
219 6617 DontCare 0 0 -1 471.3771088387629 169.27480769534387 521.6430129158781 210.46305329673825 -1 -1 -1 -1000 -1000 -1000 -10
220 6617 DontCare 0 0 -1 489.4177195883603 167.41230478173102 540.052256357997 209.43851262070612 -1 -1 -1 -1000 -1000 -1000 -10
221 6617 DontCare 0 0 -1 508.76870165840415 166.36935545040745 560.4791128367641 208.74622500909067 -1 -1 -1 -1000 -1000 -1000 -10
222 6617 DontCare 0 0 -1 529.3495065158745 165.16808006767704 582.173898936604 208.6528215269603 -1 -1 -1 -1000 -1000 -1000 -10
223 6617 DontCare 0 0 -1 551.4458322074605 162.74818031391618 607.0591972359663 207.42292386379717 -1 -1 -1 -1000 -1000 -1000 -10
224 6617 DontCare 0 0 -1 575.1112199779221 160.7313519274669 632.7669985774634 206.78708534878263 -1 -1 -1 -1000 -1000 -1000 -10
225 6617 DontCare 0 0 -1 599.3330808984734 160.56083060456336 658.1682983214945 207.8380503656897 -1 -1 -1 -1000 -1000 -1000 -10
226 6617 DontCare 0 0 -1 624.9074066789083 159.51177685400683 686.0627066358272 208.5944139716717 -1 -1 -1 -1000 -1000 -1000 -10
227 6617 DontCare 0 0 -1 652.1973034887262 159.61189507882307 715.567477519359 210.27241716746 -1 -1 -1 -1000 -1000 -1000 -10
228 6617 DontCare 0 0 -1 680.9108782361852 159.89296499799696 746.7759003083704 212.557959174941 -1 -1 -1 -1000 -1000 -1000 -10
229 6617 DontCare 0 0 -1 711.1962716638565 158.2989494539145 779.4637947981979 213.24461940300975 -1 -1 -1 -1000 -1000 -1000 -10
230 6617 DontCare 0 0 -1 744.3570603599458 156.19937956740245 815.4411658634033 213.1123791102736 -1 -1 -1 -1000 -1000 -1000 -10
231 6617 DontCare 0 0 -1 777.8774423348152 153.514116110779 852.1253576083516 212.43352355253649 -1 -1 -1 -1000 -1000 -1000 -10
232 6617 DontCare 0 0 -1 814.5263743130175 149.40817799942786 892.3411430215621 211.4890095234368 -1 -1 -1 -1000 -1000 -1000 -10
233 6617 DontCare 0 0 -1 852.5829136113815 146.66276162823257 935.545355700555 212.30959262925356 -1 -1 -1 -1000 -1000 -1000 -10
234 6617 DontCare 0 0 -1 893.0403867434625 143.33686579007923 981.7629798845146 213.02124630795907 -1 -1 -1 -1000 -1000 -1000 -10
236 6626 DontCare 0 0 -1 1001.8716251456245 134.90788451604854 1112.622026542011 218.94751819566724 -1 -1 -1 -1000 -1000 -1000 -10
237 6626 DontCare 0 0 -1 1057.293055147709 130.12300191499622 1176.47506267513 222.08513148719123 -1 -1 -1 -1000 -1000 -1000 -10
238 6627 DontCare 0 0 -1 1114.9365456690111 124.19744784997039 1240.1990555904963 224.57956395190467 -1 -1 -1 -1000 -1000 -1000 -10
238 6626 DontCare 0 0 -1 1114.8355770048074 124.14990777622404 1239.9912164504708 223.7805711950183 -1 -1 -1 -1000 -1000 -1000 -10
239 6627 DontCare 0 0 -1 1169.757108342111 126.47497770417118 1263.9915537499567 221.94472470905754 -1 -1 -1 -1000 -1000 -1000 -10
239 6626 DontCare 0 0 -1 1169.0211860724025 131.69859833615288 1267.9110534340675 225.2410165382144 -1 -1 -1 -1000 -1000 -1000 -10
246 6629 DontCare 0 0 -1 56.3037129480678 157.85357460108676 187.42856268146159 218.35124041277314 -1 -1 -1 -1000 -1000 -1000 -10
247 6629 DontCare 0 0 -1 81.16151009372835 157.53171434835232 217.11743062710053 218.88038649642542 -1 -1 -1 -1000 -1000 -1000 -10
248 6629 DontCare 0 0 -1 106.9757342552263 158.10197361931566 248.9681578562553 220.5433943870456 -1 -1 -1 -1000 -1000 -1000 -10
249 6629 DontCare 0 0 -1 129.6701167015818 160.2208504431304 275.1978108624173 222.70748005247358 -1 -1 -1 -1000 -1000 -1000 -10
250 6629 DontCare 0 0 -1 145.2182085552233 159.72614498464776 286.75843016014187 222.48967300823182 -1 -1 -1 -1000 -1000 -1000 -10
251 6629 DontCare 0 0 -1 165.70979112645776 159.43524821203317 308.16832100055774 223.13004395335327 -1 -1 -1 -1000 -1000 -1000 -10
258 6635 DontCare 0 0 -1 154.08737037602924 150.45635389092268 330.7166529349377 222.42023523665904 -1 -1 -1 -1000 -1000 -1000 -10
259 6635 DontCare 0 0 -1 136.17006100305196 149.59056315395583 322.0014595930647 223.85832882264214 -1 -1 -1 -1000 -1000 -1000 -10
260 6635 DontCare 0 0 -1 123.2272668504541 147.12046549457784 315.7046420032755 223.28111592055734 -1 -1 -1 -1000 -1000 -1000 -10
261 6635 DontCare 0 0 -1 108.10352852678743 143.73011698798055 308.6954522047284 222.72541065261308 -1 -1 -1 -1000 -1000 -1000 -10
262 6635 DontCare 0 0 -1 65.78291123383126 141.93572867952503 289.05344211428604 225.33009958560643 -1 -1 -1 -1000 -1000 -1000 -10
263 6635 DontCare 0 0 -1 60.00109130734582 141.46071165792537 285.0726917874445 226.8198120780995 -1 -1 -1 -1000 -1000 -1000 -10
264 6637 DontCare 0 0 -1 709.8293895338247 150.80594895262735 759.7101222834467 209.08391093680828 -1 -1 -1 -1000 -1000 -1000 -10
264 6635 DontCare 0 0 -1 42.25325842192632 140.93254252197477 275.8919310673987 229.77600455222466 -1 -1 -1 -1000 -1000 -1000 -10
265 6635 DontCare 0 0 -1 25.68873801290134 138.3607071716117 272.78153977744984 230.5567622693029 -1 -1 -1 -1000 -1000 -1000 -10
266 6635 DontCare 0 0 -1 5.856436203565437 133.5791789253916 262.91872491963227 230.01938856707932 -1 -1 -1 -1000 -1000 -1000 -10
267 6635 DontCare 0 0 -1 -6.628603939758463 126.02983449871587 253.91535895714242 227.01902714445336 -1 -1 -1 -1000 -1000 -1000 -10
268 6635 DontCare 0 0 -1 -10.944100206463915 121.82054565516634 248.30925404904212 223.37707224199974 -1 -1 -1 -1000 -1000 -1000 -10
269 6635 DontCare 0 0 -1 -12.486505198070418 121.21781884923197 244.842498226898 225.65230004843679 -1 -1 -1 -1000 -1000 -1000 -10
