0 7036 DontCare 0 0 -1 0.0 188.0 35.0 239.0 -1 -1 -1 -1000 -1000 -1000 -10
0 7035 car 0 0 -1 423.0 180.0 462.0 205.0 -1 -1 -1 -1000 -1000 -1000 -10
0 7034 car 0 0 -1 347.0 181.0 394.0 209.0 -1 -1 -1 -1000 -1000 -1000 -10
0 7033 car 0 0 -1 603.0 175.0 686.0 238.0 -1 -1 -1 -1000 -1000 -1000 -10
1 7035 car 0 0 -1 416.6306020017179 180.45625118514752 457.8668854354679 207.40807042289273 -1 -1 -1 -1000 -1000 -1000 -10
1 7034 car 0 0 -1 338.16390410949003 180.61331353717893 385.6501662422689 210.34146033216777 -1 -1 -1 -1000 -1000 -1000 -10
1 7033 car 0 0 -1 597.7352419658032 174.91670473767482 678.8526977326903 237.12852139297826 -1 -1 -1 -1000 -1000 -1000 -10
2 7035 car 0 0 -1 405.3214380282104 181.18884653601515 450.25642029338815 210.53414107653992 -1 -1 -1 -1000 -1000 -1000 -10
2 7034 car 0 0 -1 326.53040492783026 180.26643591891815 378.60465730217555 212.570958339313 -1 -1 -1 -1000 -1000 -1000 -10
2 7033 car 0 0 -1 595.5972586717913 176.04256746601285 675.3031651736377 237.6984286000288 -1 -1 -1 -1000 -1000 -1000 -10
3 7035 car 0 0 -1 394.3756272058181 182.999391767901 445.7157403594431 216.1305698236108 -1 -1 -1 -1000 -1000 -1000 -10
3 7034 car 0 0 -1 312.0213263611423 182.34957813086362 368.7267932997232 216.6813325260731 -1 -1 -1 -1000 -1000 -1000 -10
3 7033 car 0 0 -1 593.0479250070828 178.64365244104582 671.9466525907721 239.6397656251864 -1 -1 -1 -1000 -1000 -1000 -10
4 7035 car 0 0 -1 380.7741144459733 182.45368123071836 439.5544116547669 219.30563222373087 -1 -1 -1 -1000 -1000 -1000 -10
4 7034 car 0 0 -1 295.9241400792339 182.97067771181264 356.5307999431318 219.20516271661 -1 -1 -1 -1000 -1000 -1000 -10
4 7033 car 0 0 -1 590.1507475546346 180.0314001131926 668.0939693316152 240.19914363179265 -1 -1 -1 -1000 -1000 -1000 -10
5 7035 car 0 0 -1 361.3964037809727 183.11139801700537 427.059365018633 223.6439616050288 -1 -1 -1 -1000 -1000 -1000 -10
5 7034 car 0 0 -1 277.6495162242846 183.38543389768688 343.4416896979638 222.5381087407393 -1 -1 -1 -1000 -1000 -1000 -10
5 7033 car 0 0 -1 588.72344424906 180.47464110409442 666.2238701252301 240.24070437863315 -1 -1 -1 -1000 -1000 -1000 -10
6 7035 car 0 0 -1 338.5021790453818 183.48926412799176 413.80869945065774 229.00264661462518 -1 -1 -1 -1000 -1000 -1000 -10
6 7034 car 0 0 -1 257.3948006332134 184.2130823665336 328.6843675183056 226.35518373941605 -1 -1 -1 -1000 -1000 -1000 -10
6 7033 car 0 0 -1 585.7917543565661 180.72953626325892 661.9366822485663 240.04340994427042 -1 -1 -1 -1000 -1000 -1000 -10
7 7035 car 0 0 -1 309.8599799516395 186.9807908345691 394.70116552967875 237.01918340543668 -1 -1 -1 -1000 -1000 -1000 -10
7 7034 car 0 0 -1 233.10320693263643 185.88460987787286 314.1047139182082 232.38658843691357 -1 -1 -1 -1000 -1000 -1000 -10
7 7033 car 0 0 -1 582.5399558583916 181.5799414344484 658.7409646887951 241.21076579643838 -1 -1 -1 -1000 -1000 -1000 -10
8 7035 car 0 0 -1 270.3245785950676 188.9908919832057 371.79126527020594 245.75118697384812 -1 -1 -1 -1000 -1000 -1000 -10
8 7034 car 0 0 -1 201.612811739939 187.6508686662849 292.5753115569865 237.99489856879597 -1 -1 -1 -1000 -1000 -1000 -10
8 7033 car 0 0 -1 580.4652152223974 182.5411582425872 656.0092605277358 242.27337815600578 -1 -1 -1 -1000 -1000 -1000 -10
9 7035 car 0 0 -1 215.1466510093597 189.7663398175224 338.7311553934906 256.0643012090397 -1 -1 -1 -1000 -1000 -1000 -10
9 7034 car 0 0 -1 164.97381662582504 187.6075637911779 274.6777691087812 243.92148783899356 -1 -1 -1 -1000 -1000 -1000 -10
9 7033 car 0 0 -1 578.9528841112968 182.7128024995974 653.2972087017228 242.10846419197247 -1 -1 -1 -1000 -1000 -1000 -10
10 7035 car 0 0 -1 137.32605352842458 189.81933196109665 296.0289526733918 269.85057924198327 -1 -1 -1 -1000 -1000 -1000 -10
10 7033 car 0 0 -1 578.4974179662032 182.13616367943092 651.7245482587779 241.3006301280767 -1 -1 -1 -1000 -1000 -1000 -10
11 7035 car 0 0 -1 45.23087851300531 191.28787687800687 241.02244159333813 289.7940778902966 -1 -1 -1 -1000 -1000 -1000 -10
11 7033 car 0 0 -1 576.1310438890532 181.15135668232114 647.5716111383647 239.74556401737726 -1 -1 -1 -1000 -1000 -1000 -10
12 7035 car 0 0 -1 -11.109555081117819 203.65079424633092 178.9673834952634 316.6723493203801 -1 -1 -1 -1000 -1000 -1000 -10
12 7033 car 0 0 -1 574.1142881984974 180.85740007475823 644.0257755611262 239.05817874425225 -1 -1 -1 -1000 -1000 -1000 -10
13 7035 car 0 0 -1 -40.881664291354824 197.10311380690837 113.1407117865471 311.57386691140493 -1 -1 -1 -1000 -1000 -1000 -10
13 7033 car 0 0 -1 571.7601996321488 181.08747314139475 640.5246111400924 238.439507586035 -1 -1 -1 -1000 -1000 -1000 -10
14 7033 car 0 0 -1 570.0733372660659 180.3762194917914 637.5477531898541 237.69009257529046 -1 -1 -1 -1000 -1000 -1000 -10
15 7033 car 0 0 -1 567.1147175640576 178.79215209872743 633.7002858885869 236.12248867552714 -1 -1 -1 -1000 -1000 -1000 -10
16 7033 car 0 0 -1 565.7043777660915 178.0452074736288 630.7260712468155 235.0261971014167 -1 -1 -1 -1000 -1000 -1000 -10
17 7033 car 0 0 -1 564.6438425453979 177.35644683579878 628.3150296674816 234.37239786316601 -1 -1 -1 -1000 -1000 -1000 -10
18 7033 car 0 0 -1 562.2888234386585 177.67820338187775 625.6140379770907 234.82648223488277 -1 -1 -1 -1000 -1000 -1000 -10
19 7033 car 0 0 -1 560.7171159973235 178.07418751691029 623.4497558111894 234.72668458848432 -1 -1 -1 -1000 -1000 -1000 -10
20 7033 car 0 0 -1 560.0697182387124 178.4860326031825 622.1372819753086 235.06742019666964 -1 -1 -1 -1000 -1000 -1000 -10
21 7033 car 0 0 -1 559.4888245370234 178.80307951376682 621.4267487798941 235.67476638570662 -1 -1 -1 -1000 -1000 -1000 -10
22 7033 car 0 0 -1 559.3240466001763 178.86326696734307 621.1848115868407 235.96560645711304 -1 -1 -1 -1000 -1000 -1000 -10
23 7033 car 0 0 -1 559.5968599803743 178.8642729874692 620.8347397326031 236.097175560034 -1 -1 -1 -1000 -1000 -1000 -10
24 7033 car 0 0 -1 560.3115419575669 179.30266603080872 620.7969703581338 236.34351806630195 -1 -1 -1 -1000 -1000 -1000 -10
25 7033 car 0 0 -1 560.8967675739771 178.38793330792495 621.1689282526827 235.61386827580097 -1 -1 -1 -1000 -1000 -1000 -10
26 7033 car 0 0 -1 562.1329623833742 177.49671308567753 621.6242709115879 233.97633733988403 -1 -1 -1 -1000 -1000 -1000 -10
27 7033 car 0 0 -1 562.7498412424949 176.82142825470612 621.7055956183364 233.05562196629427 -1 -1 -1 -1000 -1000 -1000 -10
28 7033 car 0 0 -1 563.7274030210218 176.60060051719663 622.3087402514483 232.66995538992413 -1 -1 -1 -1000 -1000 -1000 -10
29 7033 car 0 0 -1 564.6392713177455 175.9170805901832 622.6765823661336 231.86002411513496 -1 -1 -1 -1000 -1000 -1000 -10
30 7033 car 0 0 -1 566.5201229435929 174.57424649137872 624.4832126978472 230.74104131510964 -1 -1 -1 -1000 -1000 -1000 -10
31 7033 car 0 0 -1 566.8160279282482 175.0982968045211 624.9992683149195 231.17527454013322 -1 -1 -1 -1000 -1000 -1000 -10
32 7033 car 0 0 -1 568.447801988619 176.58931989961306 626.2343664668422 232.57577087142923 -1 -1 -1 -1000 -1000 -1000 -10
33 7033 car 0 0 -1 570.259424731499 177.74656469369975 627.4382952783736 232.5231757590121 -1 -1 -1 -1000 -1000 -1000 -10
34 7033 car 0 0 -1 571.6802018766388 178.2817755712174 628.4558075355254 233.0405111423782 -1 -1 -1 -1000 -1000 -1000 -10
35 7033 car 0 0 -1 572.9377688251218 178.3095490253912 629.4131989496912 232.7854194535834 -1 -1 -1 -1000 -1000 -1000 -10
36 7033 car 0 0 -1 573.4834986866949 178.19211586942413 629.7358873423761 232.1876063532294 -1 -1 -1 -1000 -1000 -1000 -10
37 7033 car 0 0 -1 574.1925406610334 177.60330703991127 630.0089296863877 231.24651713741792 -1 -1 -1 -1000 -1000 -1000 -10
38 7033 car 0 0 -1 575.338253611967 176.97381884876768 631.144264633811 230.66488030567325 -1 -1 -1 -1000 -1000 -1000 -10
39 7033 car 0 0 -1 576.4248657805949 177.63436755963588 632.2035032689203 230.8005013957156 -1 -1 -1 -1000 -1000 -1000 -10
40 7033 car 0 0 -1 577.3040469961971 177.9778936848463 632.78846729737 230.76212178911115 -1 -1 -1 -1000 -1000 -1000 -10
41 7033 car 0 0 -1 577.2406390583444 178.16580276379366 632.7987114089531 230.69183537961126 -1 -1 -1 -1000 -1000 -1000 -10
42 7033 car 0 0 -1 577.1991588318529 177.82362154206538 632.8350456683331 230.45237723145618 -1 -1 -1 -1000 -1000 -1000 -10
43 7033 car 0 0 -1 577.1637065885446 178.47418037653335 632.8829624645517 231.4631235673786 -1 -1 -1 -1000 -1000 -1000 -10
44 7033 car 0 0 -1 577.6089138943656 178.9423476681605 633.0834336405327 231.62981360438255 -1 -1 -1 -1000 -1000 -1000 -10
45 7033 car 0 0 -1 577.3549157634848 179.5115135484803 632.969942082216 232.55746950762887 -1 -1 -1 -1000 -1000 -1000 -10
46 7033 car 0 0 -1 577.5313944949626 179.95392881238388 632.6656885204118 232.6866854853198 -1 -1 -1 -1000 -1000 -1000 -10
47 7033 car 0 0 -1 577.6852714688621 179.54835956434061 632.4750218112003 232.0574876290152 -1 -1 -1 -1000 -1000 -1000 -10
48 7033 car 0 0 -1 576.9993056643773 178.98628573589974 631.2792866035891 231.5985008930532 -1 -1 -1 -1000 -1000 -1000 -10
49 7033 car 0 0 -1 576.6614714474044 179.20589236871444 630.2839115003744 231.6158043063191 -1 -1 -1 -1000 -1000 -1000 -10
50 7033 car 0 0 -1 576.6492362553565 179.94907177229834 629.798276593071 232.21557745210492 -1 -1 -1 -1000 -1000 -1000 -10
51 7033 car 0 0 -1 576.2699021412851 180.42369104880757 629.3723920643059 232.879732764291 -1 -1 -1 -1000 -1000 -1000 -10
52 7033 car 0 0 -1 575.9686835948221 180.40037903905852 628.750908587208 232.71209592592368 -1 -1 -1 -1000 -1000 -1000 -10
53 7033 car 0 0 -1 575.464932326825 179.61075572647127 628.2869828615651 231.55213655994567 -1 -1 -1 -1000 -1000 -1000 -10
54 7033 car 0 0 -1 574.6469660391994 179.19929615819154 627.49455689274 230.59415511102708 -1 -1 -1 -1000 -1000 -1000 -10
55 7033 car 0 0 -1 573.2602457375339 178.9612319804083 626.4003215104766 229.68457122100466 -1 -1 -1 -1000 -1000 -1000 -10
56 7033 car 0 0 -1 571.7015975856257 177.45918241597673 624.5208211008121 228.24840877857588 -1 -1 -1 -1000 -1000 -1000 -10
57 7033 car 0 0 -1 570.5318994224866 176.42355055975014 623.1375680274379 227.53814693133052 -1 -1 -1 -1000 -1000 -1000 -10
58 7033 car 0 0 -1 569.2232892026551 177.82782989286343 622.231400706887 229.21792595458763 -1 -1 -1 -1000 -1000 -1000 -10
59 7033 car 0 0 -1 568.7665241891544 180.65757688984863 621.2274565974136 231.94008309708423 -1 -1 -1 -1000 -1000 -1000 -10
60 7033 car 0 0 -1 567.8911350942291 183.63443801900857 619.6806268543013 234.83128294627588 -1 -1 -1 -1000 -1000 -1000 -10
61 7033 car 0 0 -1 566.6053745148506 183.35511170375133 618.1773097387513 234.22776464211876 -1 -1 -1 -1000 -1000 -1000 -10
62 7033 car 0 0 -1 565.0836232407554 178.7566796439633 616.7701998225804 229.12159934194017 -1 -1 -1 -1000 -1000 -1000 -10
63 7033 car 0 0 -1 564.4760849316369 173.68391949084508 616.268899643628 224.24567714587334 -1 -1 -1 -1000 -1000 -1000 -10
64 7033 car 0 0 -1 563.5873379027688 172.06376254065464 615.4950317053455 223.31710258704595 -1 -1 -1 -1000 -1000 -1000 -10
65 7033 car 0 0 -1 563.421796966231 175.3359040261738 615.6590779250201 226.56356097668083 -1 -1 -1 -1000 -1000 -1000 -10
66 7041 car 0 0 -1 1084.1123100172363 169.8740037426585 1182.3193690617172 206.90618719273476 -1 -1 -1 -1000 -1000 -1000 -10
66 7033 car 0 0 -1 562.5101964450424 177.66867317240707 614.7067849624237 228.59324031635202 -1 -1 -1 -1000 -1000 -1000 -10
67 7041 car 0 0 -1 1104.4055102490063 170.67861209119908 1206.8643600570451 208.3402764476737 -1 -1 -1 -1000 -1000 -1000 -10
67 7033 car 0 0 -1 561.998258461955 177.98985526404658 613.891818086701 228.69054857754816 -1 -1 -1 -1000 -1000 -1000 -10
68 7041 car 0 0 -1 1124.483308171831 167.42985553994873 1236.9200325123236 209.77786675981395 -1 -1 -1 -1000 -1000 -1000 -10
68 7033 car 0 0 -1 561.858172727003 176.90252396074845 613.533891494603 227.44267314273327 -1 -1 -1 -1000 -1000 -1000 -10
69 7041 car 0 0 -1 1140.9798113205861 166.09839496367167 1243.805751221375 206.78524979666977 -1 -1 -1 -1000 -1000 -1000 -10
69 7033 car 0 0 -1 561.848612239613 176.34079888442074 613.3617463484318 226.48964063997335 -1 -1 -1 -1000 -1000 -1000 -10
70 7033 car 0 0 -1 562.7759620583872 175.57527717740214 613.6207171039018 225.43014878910094 -1 -1 -1 -1000 -1000 -1000 -10
71 7042 car 0 0 -1 488.7708444602214 179.27096633514222 516.8011887681523 199.6236312459251 -1 -1 -1 -1000 -1000 -1000 -10
71 7033 car 0 0 -1 563.2488787395026 175.33451707595987 613.608723547297 224.97500825281656 -1 -1 -1 -1000 -1000 -1000 -10
72 7042 car 0 0 -1 482.1952160839732 180.3416289012034 512.3332955136899 202.89569785608106 -1 -1 -1 -1000 -1000 -1000 -10
72 7033 car 0 0 -1 563.3420891377476 175.90721266932346 613.0755980023886 225.38476243059327 -1 -1 -1 -1000 -1000 -1000 -10
73 7042 car 0 0 -1 474.0950616003098 181.09763146998313 507.00267533497856 205.59513191853296 -1 -1 -1 -1000 -1000 -1000 -10
73 7033 car 0 0 -1 564.2895456231803 176.5995087726474 613.8381314360394 225.69207145607132 -1 -1 -1 -1000 -1000 -1000 -10
74 7042 car 0 0 -1 465.8702422997331 183.2971938488821 500.48853306530197 208.7628625738866 -1 -1 -1 -1000 -1000 -1000 -10
74 7033 car 0 0 -1 565.3118329377202 176.134113054442 614.7228465828238 224.6697352002221 -1 -1 -1 -1000 -1000 -1000 -10
75 7046 car 0 0 -1 531.4239541838315 177.58972274388506 562.1300705910564 200.14226909541324 -1 -1 -1 -1000 -1000 -1000 -10
75 7042 car 0 0 -1 455.4428647879308 185.31271054664668 492.99669959461033 211.9637299452303 -1 -1 -1 -1000 -1000 -1000 -10
75 7033 car 0 0 -1 565.2769370934394 176.21940924042246 614.8694360447977 224.64058578691936 -1 -1 -1 -1000 -1000 -1000 -10
76 7046 car 0 0 -1 526.6702580472505 178.00879316745318 558.7047970756929 201.13634907606883 -1 -1 -1 -1000 -1000 -1000 -10
76 7042 car 0 0 -1 442.0197727734461 185.87636654506937 484.74027293759536 215.84633739083696 -1 -1 -1 -1000 -1000 -1000 -10
76 7033 car 0 0 -1 565.4076891227924 176.26605818518425 615.4112504250927 224.61626900769534 -1 -1 -1 -1000 -1000 -1000 -10
77 7046 car 0 0 -1 520.5389777727539 179.14887608537776 553.6322465698095 203.3788892394532 -1 -1 -1 -1000 -1000 -1000 -10
77 7042 car 0 0 -1 426.9782501315296 187.05759093110038 474.83621790543424 219.5122246491971 -1 -1 -1 -1000 -1000 -1000 -10
77 7033 car 0 0 -1 565.2138204946473 176.29909735605122 615.2451425424722 224.5926242050612 -1 -1 -1 -1000 -1000 -1000 -10
78 7046 car 0 0 -1 513.5503632192299 182.12321031767848 548.6659567371603 208.71267699542128 -1 -1 -1 -1000 -1000 -1000 -10
78 7042 car 0 0 -1 408.6915366122136 190.8746558970476 462.3972829290713 226.05216047555757 -1 -1 -1 -1000 -1000 -1000 -10
78 7033 car 0 0 -1 565.9277263371999 178.35794371498588 616.2695011881341 226.90030369832124 -1 -1 -1 -1000 -1000 -1000 -10
79 7046 car 0 0 -1 505.7832992132086 187.19298832226218 545.013532297252 216.9490592091671 -1 -1 -1 -1000 -1000 -1000 -10
79 7042 car 0 0 -1 385.08993831519376 196.10698313537938 447.28719783964027 235.80655185176954 -1 -1 -1 -1000 -1000 -1000 -10
79 7033 car 0 0 -1 565.634838579218 182.50147891360794 615.3629203665535 230.65574420896482 -1 -1 -1 -1000 -1000 -1000 -10
80 7046 car 0 0 -1 497.1785701349516 190.13739723701795 540.3329358413221 222.63654129208558 -1 -1 -1 -1000 -1000 -1000 -10
80 7042 car 0 0 -1 356.68061563143164 199.02909402246976 428.890655278083 244.2354409810907 -1 -1 -1 -1000 -1000 -1000 -10
80 7033 car 0 0 -1 565.8020699108486 183.70012222946286 615.3665748794135 231.8506047505811 -1 -1 -1 -1000 -1000 -1000 -10
81 7046 car 0 0 -1 484.74393850476383 190.0922077232902 534.101604390841 226.90722915157681 -1 -1 -1 -1000 -1000 -1000 -10
81 7042 car 0 0 -1 319.5440705828046 200.74236817699298 405.8652668950434 252.485927587112 -1 -1 -1 -1000 -1000 -1000 -10
81 7033 car 0 0 -1 567.1473974383844 183.81141027101256 616.5841491186409 231.40728935605586 -1 -1 -1 -1000 -1000 -1000 -10
82 7054 DontCare 0 0 -1 1116.1799667357916 110.55515340005535 1247.9895257622682 218.11645715402585 -1 -1 -1 -1000 -1000 -1000 -10
82 7046 car 0 0 -1 469.2425752734151 190.6437765312906 525.0434247140657 231.69655154997628 -1 -1 -1 -1000 -1000 -1000 -10
82 7042 car 0 0 -1 268.1961189564496 202.98329072854816 373.313267381051 264.2391283320744 -1 -1 -1 -1000 -1000 -1000 -10
82 7033 car 0 0 -1 567.6865911405276 183.3247555078798 617.0291701262487 230.52120410011162 -1 -1 -1 -1000 -1000 -1000 -10
83 7046 car 0 0 -1 450.19897632893577 190.51500914720984 515.4771154779643 237.58127036528188 -1 -1 -1 -1000 -1000 -1000 -10
83 7042 car 0 0 -1 192.27151204559735 206.52311183293085 328.08047506968865 282.0242278966994 -1 -1 -1 -1000 -1000 -1000 -10
83 7033 car 0 0 -1 568.7039939109637 182.75224677356965 618.2614667538063 229.94658451528022 -1 -1 -1 -1000 -1000 -1000 -10
84 7046 car 0 0 -1 423.75867439915015 190.41487736760044 501.35367852454436 245.57247928290187 -1 -1 -1 -1000 -1000 -1000 -10
84 7033 car 0 0 -1 569.1515084892749 180.85743677772388 618.0553189803841 228.28935613113094 -1 -1 -1 -1000 -1000 -1000 -10
85 7046 car 0 0 -1 383.6828469990024 190.09425834679863 480.8182612633016 257.8480289226466 -1 -1 -1 -1000 -1000 -1000 -10
85 7033 car 0 0 -1 569.2636094566031 178.22666115902268 617.4175343370677 225.82739509754663 -1 -1 -1 -1000 -1000 -1000 -10
86 7046 car 0 0 -1 320.66185813126157 193.8071953951526 450.48824644482596 281.284651204797 -1 -1 -1 -1000 -1000 -1000 -10
86 7033 car 0 0 -1 569.6200454541449 177.90681599608436 617.4878288142199 224.82553746613561 -1 -1 -1 -1000 -1000 -1000 -10
87 7033 car 0 0 -1 569.9532673611529 178.15185601993363 617.944878688189 225.9442322468057 -1 -1 -1 -1000 -1000 -1000 -10
88 7042 car 0 0 -1 43.8611512531688 205.05837186343945 322.16624616217405 362.3101247679082 -1 -1 -1 -1000 -1000 -1000 -10
88 7033 car 0 0 -1 570.0795176951308 178.35884900009358 618.124951627143 226.25854590378452 -1 -1 -1 -1000 -1000 -1000 -10
89 7042 car 0 0 -1 -20.450309144114797 214.50413831616652 204.9072790026675 371.85591651238406 -1 -1 -1 -1000 -1000 -1000 -10
89 7033 car 0 0 -1 570.1193768941931 178.41819127446294 618.2064777611691 226.39874732215773 -1 -1 -1 -1000 -1000 -1000 -10
90 7033 car 0 0 -1 570.1283005738696 178.4257668409184 618.2482073663969 226.4678129033672 -1 -1 -1 -1000 -1000 -1000 -10
91 7033 car 0 0 -1 569.7790119030768 177.8040204586144 617.3761553519147 225.87436558403283 -1 -1 -1 -1000 -1000 -1000 -10
92 7033 car 0 0 -1 569.7408984045217 176.76186070383795 616.9519973899578 224.58571691386203 -1 -1 -1 -1000 -1000 -1000 -10
93 7057 DontCare 0 0 -1 893.8593711982219 151.6983324845888 973.206577730693 191.5469433078019 -1 -1 -1 -1000 -1000 -1000 -10
93 7033 car 0 0 -1 569.7966917629068 176.23280132948221 616.7237596191584 223.6028424614498 -1 -1 -1 -1000 -1000 -1000 -10
94 7057 DontCare 0 0 -1 906.2469102172957 148.33455516860963 991.4585175485148 191.3645336538759 -1 -1 -1 -1000 -1000 -1000 -10
94 7033 car 0 0 -1 569.4181953176718 176.9014383061435 616.4181136086617 224.2243361369315 -1 -1 -1 -1000 -1000 -1000 -10
95 7057 DontCare 0 0 -1 909.6431757572061 146.93618294760066 1008.1894730927336 194.44063603960174 -1 -1 -1 -1000 -1000 -1000 -10
95 7033 car 0 0 -1 568.9874789435156 177.77820326075587 616.5915180668432 225.0853750634515 -1 -1 -1 -1000 -1000 -1000 -10
96 7033 car 0 0 -1 568.0965421917823 178.1148377455638 616.1436408503488 225.41290029598437 -1 -1 -1 -1000 -1000 -1000 -10
97 7033 car 0 0 -1 567.0527124266708 178.41657222750553 615.4356778905591 225.98742855963468 -1 -1 -1 -1000 -1000 -1000 -10
98 7059 DontCare 0 0 -1 882.2905577155193 156.1037075038409 949.1746500705872 186.7270656769207 -1 -1 -1 -1000 -1000 -1000 -10
98 7057 DontCare 0 0 -1 945.9827291890967 140.02357371056155 1054.5302459624447 192.05598335237318 -1 -1 -1 -1000 -1000 -1000 -10
98 7033 car 0 0 -1 565.9823272538825 177.97271272019097 614.5966247704267 224.89991070479036 -1 -1 -1 -1000 -1000 -1000 -10
99 7059 DontCare 0 0 -1 893.0557846450762 153.3892501310346 964.9620993899781 185.52943665033007 -1 -1 -1 -1000 -1000 -1000 -10
99 7057 DontCare 0 0 -1 963.8737997260018 134.63715088415566 1084.9060883466577 191.3809725692063 -1 -1 -1 -1000 -1000 -1000 -10
99 7033 car 0 0 -1 564.7293563678159 176.56705640936931 613.257931158458 223.85485043507325 -1 -1 -1 -1000 -1000 -1000 -10
100 7059 DontCare 0 0 -1 902.4025537447744 153.3168127819279 980.0679361796401 187.23174768344782 -1 -1 -1 -1000 -1000 -1000 -10
100 7057 DontCare 0 0 -1 981.1338604289373 132.95234028633442 1112.4514146831227 192.86621757740025 -1 -1 -1 -1000 -1000 -1000 -10
100 7033 car 0 0 -1 563.5379413796492 176.1195411474671 612.8413966997463 223.9889922352886 -1 -1 -1 -1000 -1000 -1000 -10
101 7059 DontCare 0 0 -1 916.0029398031184 154.4895945513166 995.6895700909888 190.22227197388952 -1 -1 -1 -1000 -1000 -1000 -10
101 7057 DontCare 0 0 -1 997.1562088980706 131.61389747126384 1134.015242917271 194.85491360158204 -1 -1 -1 -1000 -1000 -1000 -10
101 7033 car 0 0 -1 562.6095660240811 177.55371452408662 611.9155226332688 225.54579186049733 -1 -1 -1 -1000 -1000 -1000 -10
102 7057 DontCare 0 0 -1 1011.2126781341927 131.32383734273017 1144.3752560818557 196.75227975752418 -1 -1 -1 -1000 -1000 -1000 -10
102 7033 car 0 0 -1 561.975947903238 178.86436406877925 611.8448693476232 227.243818330205 -1 -1 -1 -1000 -1000 -1000 -10
103 7057 DontCare 0 0 -1 1038.7497677946587 128.57038840347295 1187.5835796365066 198.86259956107713 -1 -1 -1 -1000 -1000 -1000 -10
103 7033 car 0 0 -1 561.6429670554146 179.12660976861696 611.9127297271727 227.50897578205587 -1 -1 -1 -1000 -1000 -1000 -10
104 7059 DontCare 0 0 -1 951.2054855068039 152.11318712519304 1042.4289289837102 193.51035503784752 -1 -1 -1 -1000 -1000 -1000 -10
104 7057 DontCare 0 0 -1 1062.044432237819 127.11052632002742 1223.904322088672 200.76655217261572 -1 -1 -1 -1000 -1000 -1000 -10
104 7033 car 0 0 -1 561.7163704396195 178.16544357726096 611.7418630951139 226.80607828258943 -1 -1 -1 -1000 -1000 -1000 -10
105 7057 DontCare 0 0 -1 1083.6803429716153 123.85109383604166 1244.0530292407227 201.651250375459 -1 -1 -1 -1000 -1000 -1000 -10
105 7033 car 0 0 -1 561.9623042622048 177.12468573560844 612.0843094342819 225.96784686191225 -1 -1 -1 -1000 -1000 -1000 -10
106 7057 DontCare 0 0 -1 1108.4296327967363 122.6672365216436 1258.176059123768 203.89644227612786 -1 -1 -1 -1000 -1000 -1000 -10
106 7033 car 0 0 -1 562.0350912250748 176.86686683957646 612.2398705056077 226.13025942748646 -1 -1 -1 -1000 -1000 -1000 -10
107 7060 DontCare 0 0 -1 897.182059746876 155.27391916851334 973.4609077881449 191.22804610530036 -1 -1 -1 -1000 -1000 -1000 -10
107 7057 DontCare 0 0 -1 1136.7369390940662 121.77697582044411 1266.9853870382262 204.5778701062192 -1 -1 -1 -1000 -1000 -1000 -10
107 7033 car 0 0 -1 561.9506522712427 176.67749338903047 613.0368892597212 226.28356880422427 -1 -1 -1 -1000 -1000 -1000 -10
108 7060 DontCare 0 0 -1 909.9617609018048 156.72068649701728 989.6420955357844 195.08603986884074 -1 -1 -1 -1000 -1000 -1000 -10
108 7033 car 0 0 -1 562.2147192475727 176.55281371054798 613.6702182253639 226.39484305326766 -1 -1 -1 -1000 -1000 -1000 -10
109 7060 DontCare 0 0 -1 922.3608096802576 156.66889250549445 1005.6856414081882 196.22587268803062 -1 -1 -1 -1000 -1000 -1000 -10
109 7033 car 0 0 -1 562.2527007265631 176.46438455410998 613.9783452690527 226.47851445369304 -1 -1 -1 -1000 -1000 -1000 -10
110 7060 DontCare 0 0 -1 933.2291074349333 138.45837637846807 1032.0584219996304 190.52775885626602 -1 -1 -1 -1000 -1000 -1000 -10
110 7033 car 0 0 -1 562.3953661853085 176.3966692697618 614.5928802382783 226.5447683986447 -1 -1 -1 -1000 -1000 -1000 -10
111 7061 car 0 0 -1 504.6391892809163 179.05415226287144 534.0292421396468 202.0904450254125 -1 -1 -1 -1000 -1000 -1000 -10
111 7033 car 0 0 -1 562.9905363930982 176.3477148235091 615.5334858273343 226.5935142042446 -1 -1 -1 -1000 -1000 -1000 -10
112 7061 car 0 0 -1 499.8532807840454 179.30857243606715 531.0814679808154 204.3126664499889 -1 -1 -1 -1000 -1000 -1000 -10
112 7033 car 0 0 -1 562.8061308157238 176.4962181528697 615.0642428443331 227.06692813363878 -1 -1 -1 -1000 -1000 -1000 -10
113 7062 car 0 0 -1 927.3736051002758 167.27072536547433 997.4674979518699 196.28065227856973 -1 -1 -1 -1000 -1000 -1000 -10
113 7061 car 0 0 -1 494.3079931523888 180.10318395769048 527.9278357970825 207.24565818972667 -1 -1 -1 -1000 -1000 -1000 -10
113 7033 car 0 0 -1 564.2100479997262 178.00741714016186 616.521868849584 228.28006851453534 -1 -1 -1 -1000 -1000 -1000 -10
114 7063 DontCare 0 0 -1 998.799414487181 152.0148060745083 1117.4908429235932 202.32258759815366 -1 -1 -1 -1000 -1000 -1000 -10
114 7062 car 0 0 -1 938.703644409862 168.31612757209572 1013.685061155032 199.07149054767828 -1 -1 -1 -1000 -1000 -1000 -10
114 7061 car 0 0 -1 486.24182232317554 182.40026203036928 521.9012418143885 211.17130461579347 -1 -1 -1 -1000 -1000 -1000 -10
114 7033 car 0 0 -1 565.1858158039418 178.63661941137042 617.2635254706759 228.69159162578387 -1 -1 -1 -1000 -1000 -1000 -10
115 7063 DontCare 0 0 -1 1021.6068887017035 149.55371428425985 1148.7640213425575 203.09815918900034 -1 -1 -1 -1000 -1000 -1000 -10
115 7061 car 0 0 -1 478.5590932802573 180.6034026539406 516.0163598369346 211.39843241753832 -1 -1 -1 -1000 -1000 -1000 -10
115 7033 car 0 0 -1 565.6002476941095 177.67141533646856 617.507846729431 227.5682003983925 -1 -1 -1 -1000 -1000 -1000 -10
116 7063 DontCare 0 0 -1 1048.1212434590466 146.45886678724875 1182.387230703459 204.13657822773152 -1 -1 -1 -1000 -1000 -1000 -10
116 7061 car 0 0 -1 467.60859512783196 178.96109264420147 509.4815130185679 212.3585514080388 -1 -1 -1 -1000 -1000 -1000 -10
116 7033 car 0 0 -1 565.7734306817018 175.37444402478226 617.5890104334452 225.9600336203434 -1 -1 -1 -1000 -1000 -1000 -10
117 7064 car 0 0 -1 983.287699590437 159.20849812793432 1075.3433710237687 193.15287384191282 -1 -1 -1 -1000 -1000 -1000 -10
117 7063 car 0 0 -1 1066.2832732488873 142.47804520900849 1207.2801038204734 202.34682804829896 -1 -1 -1 -1000 -1000 -1000 -10
117 7061 car 0 0 -1 454.6452455819919 179.38159159883827 500.25851969448223 215.68836401601033 -1 -1 -1 -1000 -1000 -1000 -10
117 7033 car 0 0 -1 566.4809603071224 174.99465663287322 618.2243378380654 226.09171326913798 -1 -1 -1 -1000 -1000 -1000 -10
118 7064 car 0 0 -1 1003.9454569888273 159.27883328478055 1100.301562998666 194.4051119492064 -1 -1 -1 -1000 -1000 -1000 -10
118 7063 car 0 0 -1 1089.1474990862987 141.36376562975016 1237.0615977921964 203.6977533115575 -1 -1 -1 -1000 -1000 -1000 -10
118 7061 car 0 0 -1 439.7737035259844 182.35126155520587 490.0056286103862 222.08226784006504 -1 -1 -1 -1000 -1000 -1000 -10
118 7033 car 0 0 -1 566.9400933834642 175.99556842855498 618.9021748482359 227.48233887768367 -1 -1 -1 -1000 -1000 -1000 -10
119 7064 car 0 0 -1 1031.7652665933567 164.99264221473658 1128.9168517146334 200.59991473430176 -1 -1 -1 -1000 -1000 -1000 -10
119 7063 DontCare 0 0 -1 1110.467608995275 143.921669309927 1253.5796721861352 207.5369332081564 -1 -1 -1 -1000 -1000 -1000 -10
119 7061 car 0 0 -1 421.49119893372506 186.73232282188653 478.19351695950456 230.39363891793968 -1 -1 -1 -1000 -1000 -1000 -10
119 7033 car 0 0 -1 567.4331257939184 178.44758395480574 620.0888298276504 229.67275192808074 -1 -1 -1 -1000 -1000 -1000 -10
120 7064 car 0 0 -1 1046.9896471150587 167.22184554308174 1153.2927053693738 206.65914874613136 -1 -1 -1 -1000 -1000 -1000 -10
120 7063 DontCare 0 0 -1 1132.9078968334825 147.22769581050989 1262.5257378824008 211.34542792320286 -1 -1 -1 -1000 -1000 -1000 -10
120 7061 car 0 0 -1 396.7515627858653 189.07473548729206 461.86409073157597 237.28899237753353 -1 -1 -1 -1000 -1000 -1000 -10
120 7033 car 0 0 -1 567.9492655282703 179.42803178350132 620.8380856653336 230.4655440842687 -1 -1 -1 -1000 -1000 -1000 -10
121 7064 car 0 0 -1 1072.3017036728418 166.97434081850224 1187.5623344547323 208.32976393254268 -1 -1 -1 -1000 -1000 -1000 -10
121 7063 car 0 0 -1 1161.6898482316378 148.59008018604825 1269.0027566748608 211.9093336087595 -1 -1 -1 -1000 -1000 -1000 -10
121 7061 car 0 0 -1 364.4892878055342 186.8411088121432 441.2396109746576 242.19493203382206 -1 -1 -1 -1000 -1000 -1000 -10
121 7033 car 0 0 -1 567.918474990206 176.01548945422346 620.7331304027589 227.71999351502532 -1 -1 -1 -1000 -1000 -1000 -10
122 7064 car 0 0 -1 1098.7113889916773 164.55930394703597 1224.8303904735008 209.06309893330558 -1 -1 -1 -1000 -1000 -1000 -10
122 7061 car 0 0 -1 320.5818818427411 185.60117255826225 414.3020471504968 251.48682989236352 -1 -1 -1 -1000 -1000 -1000 -10
122 7033 car 0 0 -1 568.3806393655591 173.44605409358115 620.8428257429991 224.83081949416567 -1 -1 -1 -1000 -1000 -1000 -10
123 7067 car 0 0 -1 493.74144200525393 177.9141207151771 530.089595157078 201.67327383583813 -1 -1 -1 -1000 -1000 -1000 -10
123 7064 car 0 0 -1 1125.2042857055026 161.0959382146043 1247.833265218711 207.75953722165707 -1 -1 -1 -1000 -1000 -1000 -10
123 7061 car 0 0 -1 257.66847517038906 188.76432610156158 375.79536392052836 268.12665141310083 -1 -1 -1 -1000 -1000 -1000 -10
123 7033 car 0 0 -1 568.1702069357323 172.07146176419047 620.6525910028047 223.49964690961104 -1 -1 -1 -1000 -1000 -1000 -10
124 7067 car 0 0 -1 484.13881287803633 179.07102982141856 524.106280653397 205.25847955376275 -1 -1 -1 -1000 -1000 -1000 -10
124 7064 car 0 0 -1 1148.4283599999958 156.23475087851492 1258.8485234868695 203.46269774873863 -1 -1 -1 -1000 -1000 -1000 -10
124 7033 car 0 0 -1 568.083001716719 171.7137166134272 620.5890161871213 223.44578426104835 -1 -1 -1 -1000 -1000 -1000 -10
125 7067 car 0 0 -1 475.0051037530628 180.94730476063276 519.4068071350458 209.99989013205945 -1 -1 -1 -1000 -1000 -1000 -10
125 7033 car 0 0 -1 568.668092553237 172.76611860649476 621.1911648862816 224.72188806785206 -1 -1 -1 -1000 -1000 -1000 -10
126 7067 car 0 0 -1 461.9337464143343 183.63197043648893 511.856310922604 215.831662100468 -1 -1 -1 -1000 -1000 -1000 -10
126 7033 car 0 0 -1 569.0635087682521 174.9887310554805 621.8726300726254 227.11672604267017 -1 -1 -1 -1000 -1000 -1000 -10
127 7067 car 0 0 -1 448.2117854284348 186.7577663816498 502.23545679713385 221.74433229478262 -1 -1 -1 -1000 -1000 -1000 -10
127 7033 car 0 0 -1 569.3395693229171 176.4256712744083 622.631216091463 228.68616518836055 -1 -1 -1 -1000 -1000 -1000 -10
128 7067 car 0 0 -1 431.84422353818485 189.13773341987311 491.0005650319684 227.1406268970342 -1 -1 -1 -1000 -1000 -1000 -10
128 7033 car 0 0 -1 568.568804384797 176.78170124634937 621.9354731006142 228.85735280002342 -1 -1 -1 -1000 -1000 -1000 -10
129 7067 car 0 0 -1 410.70874736215603 190.68189617358732 478.3991574892924 232.9071046157704 -1 -1 -1 -1000 -1000 -1000 -10
129 7033 car 0 0 -1 568.2594918550967 176.5015623419296 621.6867074557647 228.71783148420414 -1 -1 -1 -1000 -1000 -1000 -10
130 7067 car 0 0 -1 383.7785695023693 191.0257241248735 462.1373870288401 239.02499319943016 -1 -1 -1 -1000 -1000 -1000 -10
130 7033 car 0 0 -1 567.6740992021728 175.47306304691242 621.439777924463 228.34386158979564 -1 -1 -1 -1000 -1000 -1000 -10
131 7067 car 0 0 -1 346.56397795655215 192.72659203621896 439.5741761239843 248.13146104921964 -1 -1 -1 -1000 -1000 -1000 -10
131 7033 car 0 0 -1 566.9524838916382 174.7876986552162 621.2243392619612 227.87262962877904 -1 -1 -1 -1000 -1000 -1000 -10
132 7067 car 0 0 -1 297.10573878760226 196.79854333121085 411.4824592380427 263.04699161529345 -1 -1 -1 -1000 -1000 -1000 -10
132 7033 car 0 0 -1 566.5897355575207 175.11058860870037 621.2311949724287 228.3505413407538 -1 -1 -1 -1000 -1000 -1000 -10
133 7067 car 0 0 -1 224.81183414898675 201.209210581669 373.6589220239343 283.88276722847843 -1 -1 -1 -1000 -1000 -1000 -10
133 7033 car 0 0 -1 566.3876689525645 175.82835492195017 621.2993161779171 229.18111751854013 -1 -1 -1 -1000 -1000 -1000 -10
134 7067 car 0 0 -1 101.8160950478197 209.09921696443982 309.4802502711237 319.80966137627945 -1 -1 -1 -1000 -1000 -1000 -10
134 7033 car 0 0 -1 566.2662089565856 177.15274639732363 621.3715753498855 230.31160753870515 -1 -1 -1 -1000 -1000 -1000 -10
135 7067 car 0 0 -1 24.71469976306078 223.99928962296585 250.33167231964433 351.66221839815245 -1 -1 -1 -1000 -1000 -1000 -10
135 7033 car 0 0 -1 565.5634624257589 179.10660806210177 620.8152898971841 232.40091946926873 -1 -1 -1 -1000 -1000 -1000 -10
136 7067 car 0 0 -1 -31.87922543947859 235.4232996563901 152.00199445525215 365.31624713324925 -1 -1 -1 -1000 -1000 -1000 -10
136 7033 car 0 0 -1 565.8817274154828 179.55955801380549 621.2602141498469 233.4922504837918 -1 -1 -1 -1000 -1000 -1000 -10
137 7033 car 0 0 -1 565.9843597899537 178.99866034741635 621.4509626217075 233.40087296048083 -1 -1 -1 -1000 -1000 -1000 -10
138 7033 car 0 0 -1 566.6366180608152 177.73228201292358 622.1546655817715 231.93402259628715 -1 -1 -1 -1000 -1000 -1000 -10
139 7033 car 0 0 -1 567.4985918818433 176.04080648269775 623.0544012568392 230.0976056843366 -1 -1 -1 -1000 -1000 -1000 -10
140 7033 car 0 0 -1 568.7884948455447 174.34526175794306 624.9230548611746 228.58288446312352 -1 -1 -1 -1000 -1000 -1000 -10
141 7069 car 0 0 -1 648.6176433931137 173.0721054592092 676.9108095543552 197.8110469500223 -1 -1 -1 -1000 -1000 -1000 -10
141 7033 car 0 0 -1 569.8043418581561 174.1167414333657 626.357171144664 228.20645803637206 -1 -1 -1 -1000 -1000 -1000 -10
142 7071 car 0 0 -1 877.8122926711023 159.22216519331258 926.7666284847048 189.67243238775538 -1 -1 -1 -1000 -1000 -1000 -10
142 7069 car 0 0 -1 651.4192341486646 174.4495088720538 679.8619936218267 198.83504844807982 -1 -1 -1 -1000 -1000 -1000 -10
142 7033 car 0 0 -1 571.3596673892273 174.22648197882475 628.2229581978283 228.48684434593693 -1 -1 -1 -1000 -1000 -1000 -10
143 7071 car 0 0 -1 886.6713903454594 159.40513007407066 938.2784528800213 190.51470753023074 -1 -1 -1 -1000 -1000 -1000 -10
143 7069 car 0 0 -1 654.499611989232 175.15129969397367 683.4747261936237 199.73697792102172 -1 -1 -1 -1000 -1000 -1000 -10
143 7033 car 0 0 -1 572.5233527048214 175.30832596831107 629.6092744231863 229.41702631962983 -1 -1 -1 -1000 -1000 -1000 -10
144 7071 car 0 0 -1 898.9758621711749 160.23601824990521 953.7918566184051 192.2500252683563 -1 -1 -1 -1000 -1000 -1000 -10
144 7033 car 0 0 -1 573.995056898519 176.54428973824258 630.9756635540715 230.81246268938168 -1 -1 -1 -1000 -1000 -1000 -10
145 7033 car 0 0 -1 575.1969028854564 176.98806056462553 632.100916327352 231.37385198033627 -1 -1 -1 -1000 -1000 -1000 -10
146 7069 car 0 0 -1 661.7095608591383 177.9065783157562 694.4067714511971 205.36489487366018 -1 -1 -1 -1000 -1000 -1000 -10
146 7033 car 0 0 -1 577.3547277317023 176.6959248263629 633.9375633087311 231.42911184371872 -1 -1 -1 -1000 -1000 -1000 -10
147 7072 DontCare 0 0 -1 977.4040042666398 146.9262199475553 1036.56839860834 199.25837279553264 -1 -1 -1 -1000 -1000 -1000 -10
147 7071 car 0 0 -1 931.8461982967289 159.87864832859913 1004.637866628494 198.19021945914596 -1 -1 -1 -1000 -1000 -1000 -10
147 7069 car 0 0 -1 663.1964657641516 179.36377251210268 697.91932567781 207.9398220051636 -1 -1 -1 -1000 -1000 -1000 -10
147 7033 car 0 0 -1 579.204693695203 176.51444205501966 636.0978646614739 231.52021566454115 -1 -1 -1 -1000 -1000 -1000 -10
148 7072 DontCare 0 0 -1 980.9603444557065 144.41678134703002 1051.6063425990867 201.28943430405857 -1 -1 -1 -1000 -1000 -1000 -10
148 7069 car 0 0 -1 665.8118499463151 178.81480044054038 701.6121108486354 208.6452866624343 -1 -1 -1 -1000 -1000 -1000 -10
148 7033 car 0 0 -1 580.3048264731597 176.40116866562127 637.1513253928724 231.59906436468296 -1 -1 -1 -1000 -1000 -1000 -10
149 7069 car 0 0 -1 668.8604427879085 179.2041331163458 706.0071284346128 210.24615438149837 -1 -1 -1 -1000 -1000 -1000 -10
149 7033 car 0 0 -1 581.5246153326455 177.11633790041617 638.6175730534621 232.7333357101395 -1 -1 -1 -1000 -1000 -1000 -10
150 7077 car 0 0 -1 913.5485188305731 174.05044320683007 970.3736222622574 201.88652837710728 -1 -1 -1 -1000 -1000 -1000 -10
150 7071 car 0 0 -1 966.4296964175245 165.63718774956757 1049.9358382899836 206.20567776864422 -1 -1 -1 -1000 -1000 -1000 -10
150 7069 car 0 0 -1 671.5691993010994 182.3754336489675 710.50880599898 214.30082185198472 -1 -1 -1 -1000 -1000 -1000 -10
150 7033 car 0 0 -1 583.1857652409014 178.73389844796446 640.4665241852035 234.9262926306606 -1 -1 -1 -1000 -1000 -1000 -10
151 7079 DontCare 0 0 -1 849.502347696586 162.04242969690856 892.2418263318373 192.5629721364551 -1 -1 -1 -1000 -1000 -1000 -10
151 7077 car 0 0 -1 925.821777682888 172.80208446807603 985.6127524860605 201.96429286977587 -1 -1 -1 -1000 -1000 -1000 -10
151 7072 DontCare 0 0 -1 1029.2332950365285 144.27791885566063 1118.8091422024527 206.44273945627452 -1 -1 -1 -1000 -1000 -1000 -10
151 7071 car 0 0 -1 978.320183321389 164.60938158147667 1065.0832348795345 206.24940999809849 -1 -1 -1 -1000 -1000 -1000 -10
151 7069 car 0 0 -1 673.6751062082787 182.47362708405117 714.223277315263 215.6029279125465 -1 -1 -1 -1000 -1000 -1000 -10
151 7033 car 0 0 -1 584.4142061158924 178.45485821402627 641.821188673901 234.79832443983156 -1 -1 -1 -1000 -1000 -1000 -10
152 7080 DontCare 0 0 -1 1027.6854974374996 139.9800891446846 1128.38177177515 203.1703344079623 -1 -1 -1 -1000 -1000 -1000 -10
152 7077 car 0 0 -1 937.4950533260402 168.15812033883657 1001.5599328703587 198.27130624506935 -1 -1 -1 -1000 -1000 -1000 -10
152 7072 DontCare 0 0 -1 1045.9947988012152 139.15264739365375 1147.6044386293281 205.3027452011267 -1 -1 -1 -1000 -1000 -1000 -10
152 7071 car 0 0 -1 990.9903822414324 161.5070670529678 1078.1439992189269 203.6691350655618 -1 -1 -1 -1000 -1000 -1000 -10
152 7069 car 0 0 -1 676.5761692790417 178.74380625702094 719.1998267207415 213.36917646116137 -1 -1 -1 -1000 -1000 -1000 -10
152 7033 car 0 0 -1 585.8306281134297 175.83374831152523 643.8752851113842 232.29769804000094 -1 -1 -1 -1000 -1000 -1000 -10
153 7077 car 0 0 -1 949.5823546662677 164.74833854192696 1019.1166727618711 196.7747775368877 -1 -1 -1 -1000 -1000 -1000 -10
153 7072 DontCare 0 0 -1 1065.8079760124385 134.61908950518097 1178.8075085580847 204.16109955422343 -1 -1 -1 -1000 -1000 -1000 -10
153 7071 car 0 0 -1 1007.8277952977345 158.10076492774004 1096.993805073155 201.62475867648885 -1 -1 -1 -1000 -1000 -1000 -10
153 7069 car 0 0 -1 679.8466748038967 176.2629268301571 725.2218796656172 212.91880120333767 -1 -1 -1 -1000 -1000 -1000 -10
153 7033 car 0 0 -1 586.8817085505048 174.19150551586597 645.3919921394443 230.742265030545 -1 -1 -1 -1000 -1000 -1000 -10
154 7077 car 0 0 -1 964.4351161192683 163.9635841294001 1037.9745329431473 198.08269506844402 -1 -1 -1 -1000 -1000 -1000 -10
154 7072 DontCare 0 0 -1 1101.5706129794419 131.74274631042832 1215.3386509247446 203.61899729398326 -1 -1 -1 -1000 -1000 -1000 -10
154 7071 car 0 0 -1 1025.7608214111851 155.37293345290607 1120.3960037432976 201.61485019769913 -1 -1 -1 -1000 -1000 -1000 -10
154 7069 car 0 0 -1 683.4861072961418 177.2659389669934 731.4013721680591 215.92284497777288 -1 -1 -1 -1000 -1000 -1000 -10
154 7033 car 0 0 -1 588.2711306963365 174.61987496761773 646.8462276208863 230.9549614775688 -1 -1 -1 -1000 -1000 -1000 -10
155 7079 DontCare 0 0 -1 890.8602086486952 155.54566991482056 930.4283450512804 187.2931268202857 -1 -1 -1 -1000 -1000 -1000 -10
155 7077 car 0 0 -1 977.3293177198842 162.62902796795453 1056.579315460629 198.28848959203117 -1 -1 -1 -1000 -1000 -1000 -10
155 7072 DontCare 0 0 -1 1130.3494948966588 129.11271916054372 1241.218376013229 203.0180049255583 -1 -1 -1 -1000 -1000 -1000 -10
155 7069 car 0 0 -1 687.467863981006 178.28771457618822 738.0696876612898 218.9673814232555 -1 -1 -1 -1000 -1000 -1000 -10
155 7033 car 0 0 -1 589.5856859545121 176.06117275332662 648.4805910016129 232.24160174926578 -1 -1 -1 -1000 -1000 -1000 -10
156 7077 car 0 0 -1 992.4282950460005 163.72544752244377 1077.5844095526777 199.560382525983 -1 -1 -1 -1000 -1000 -1000 -10
156 7076 car 0 0 -1 1080.128284471372 151.88313623744233 1190.1619420796446 207.15378670346445 -1 -1 -1 -1000 -1000 -1000 -10
156 7072 DontCare 0 0 -1 1159.3334322812277 128.6150975044411 1257.6268239377707 203.00276991251212 -1 -1 -1 -1000 -1000 -1000 -10
156 7069 car 0 0 -1 692.0391389899015 180.07094749102603 746.3727403671318 223.18462541167574 -1 -1 -1 -1000 -1000 -1000 -10
156 7033 car 0 0 -1 590.6510227929847 176.81052811181422 649.7835474491995 233.1549777396632 -1 -1 -1 -1000 -1000 -1000 -10
157 7077 car 0 0 -1 1008.2860601923255 163.90879332521033 1100.0819964990035 200.95765200528965 -1 -1 -1 -1000 -1000 -1000 -10
157 7076 car 0 0 -1 1095.0352949632488 150.28701719406962 1217.549702597652 209.17253223442498 -1 -1 -1 -1000 -1000 -1000 -10
157 7069 car 0 0 -1 695.6831695873491 180.21009315120304 753.8818038290437 225.9408332562774 -1 -1 -1 -1000 -1000 -1000 -10
157 7033 car 0 0 -1 592.0841516702931 176.44999168029256 651.1175729314566 232.90922205721313 -1 -1 -1 -1000 -1000 -1000 -10
158 7079 DontCare 0 0 -1 908.8961985597757 154.0054527944056 957.2044260084199 189.97750126595847 -1 -1 -1 -1000 -1000 -1000 -10
158 7077 car 0 0 -1 1029.7175167301398 164.19068032297454 1127.0651073307063 202.61315876306676 -1 -1 -1 -1000 -1000 -1000 -10
158 7076 car 0 0 -1 1114.556915620364 148.76620863626655 1240.9434560848056 210.2005991965796 -1 -1 -1 -1000 -1000 -1000 -10
158 7069 car 0 0 -1 700.4671235048589 179.4400129646718 762.1386504309124 228.42390703028727 -1 -1 -1 -1000 -1000 -1000 -10
158 7033 car 0 0 -1 593.8870001539718 175.84716748557432 652.854817198653 232.65984023032522 -1 -1 -1 -1000 -1000 -1000 -10
159 7079 DontCare 0 0 -1 916.7831141950396 152.94188691609514 969.3682557690624 190.60434838272954 -1 -1 -1 -1000 -1000 -1000 -10
159 7077 car 0 0 -1 1049.211297675267 162.42467128717738 1153.6440904755345 203.79205913301342 -1 -1 -1 -1000 -1000 -1000 -10
159 7076 car 0 0 -1 1135.8621288300108 146.28182175232624 1254.1698132340628 209.2138408021178 -1 -1 -1 -1000 -1000 -1000 -10
159 7069 car 0 0 -1 705.9316559870499 179.99676224073346 771.695644176121 231.6758784999497 -1 -1 -1 -1000 -1000 -1000 -10
159 7033 car 0 0 -1 595.2109822687934 175.3791514552489 654.1246648012226 232.1817528924786 -1 -1 -1 -1000 -1000 -1000 -10
160 7079 DontCare 0 0 -1 926.3755241665834 151.53712472126665 982.5390151572716 191.22600002855324 -1 -1 -1 -1000 -1000 -1000 -10
160 7077 car 0 0 -1 1062.481495760466 162.3420799225061 1165.8154653900208 204.31620532946036 -1 -1 -1 -1000 -1000 -1000 -10
160 7076 car 0 0 -1 1163.1616706840994 149.37153148217112 1264.8763523371101 215.3564471492491 -1 -1 -1 -1000 -1000 -1000 -10
160 7069 car 0 0 -1 713.232557465901 179.18506101971715 783.971555941439 235.18322331247944 -1 -1 -1 -1000 -1000 -1000 -10
160 7033 car 0 0 -1 596.3467006815848 175.82266758252862 655.2212748024866 232.61829626040182 -1 -1 -1 -1000 -1000 -1000 -10
161 7079 DontCare 0 0 -1 941.7359384145637 151.43142142691522 997.4849660729432 191.73146747593972 -1 -1 -1 -1000 -1000 -1000 -10
161 7077 car 0 0 -1 1092.9201932791284 162.53781310888115 1208.5887997054451 206.9014942772705 -1 -1 -1 -1000 -1000 -1000 -10
161 7069 car 0 0 -1 719.9009398089199 179.48924622661636 798.5969895989931 241.5932275349559 -1 -1 -1 -1000 -1000 -1000 -10
161 7033 car 0 0 -1 598.2984933597954 176.17483987457715 656.6049688689434 233.22298651040293 -1 -1 -1 -1000 -1000 -1000 -10
162 7077 car 0 0 -1 1111.3152488618427 162.23280011547237 1235.0665025676856 208.9054302094136 -1 -1 -1 -1000 -1000 -1000 -10
162 7069 car 0 0 -1 728.9773502935012 181.79405614011 815.2560912786404 248.15975078370775 -1 -1 -1 -1000 -1000 -1000 -10
162 7033 car 0 0 -1 599.4911482074194 176.2575030067804 657.9277581593144 233.50585140076024 -1 -1 -1 -1000 -1000 -1000 -10
163 7077 car 0 0 -1 1128.6109881769767 163.11475735001378 1249.987640456206 210.60287578767347 -1 -1 -1 -1000 -1000 -1000 -10
163 7069 car 0 0 -1 738.627549841449 183.815994811124 834.9131350221816 255.82226870184584 -1 -1 -1 -1000 -1000 -1000 -10
163 7033 car 0 0 -1 599.9259354099158 176.08061359363273 658.4538794039904 233.20177799806112 -1 -1 -1 -1000 -1000 -1000 -10
164 7082 DontCare 0 0 -1 991.4788449468499 151.23299372291189 1048.6920691116293 193.27316054382965 -1 -1 -1 -1000 -1000 -1000 -10
164 7079 DontCare 0 0 -1 986.0719297557969 146.97517653857577 1042.5949401158207 192.1772955603233 -1 -1 -1 -1000 -1000 -1000 -10
164 7077 car 0 0 -1 1149.400989775528 162.27323721569613 1259.8761612539768 211.7679617280534 -1 -1 -1 -1000 -1000 -1000 -10
164 7069 car 0 0 -1 749.4502301013209 185.23652528461267 857.2680065841217 263.12206173332254 -1 -1 -1 -1000 -1000 -1000 -10
164 7033 car 0 0 -1 600.8687493298629 176.20600222542004 659.7400371207344 233.513354128037 -1 -1 -1 -1000 -1000 -1000 -10
165 7082 DontCare 0 0 -1 1005.1835866341183 147.69412178375785 1065.1362235499262 193.44010292972314 -1 -1 -1 -1000 -1000 -1000 -10
165 7079 DontCare 0 0 -1 1001.3249919511562 146.43611164016679 1059.5821418158278 193.5211910878588 -1 -1 -1 -1000 -1000 -1000 -10
165 7069 car 0 0 -1 763.3770127164315 189.6153525114629 886.8223484433996 276.5745866310994 -1 -1 -1 -1000 -1000 -1000 -10
165 7033 car 0 0 -1 601.1658205943334 177.63726493727125 660.2943996865217 235.35202920969095 -1 -1 -1 -1000 -1000 -1000 -10
166 7082 DontCare 0 0 -1 1021.6218703691166 148.25480220940284 1082.1558460437623 197.2294785028319 -1 -1 -1 -1000 -1000 -1000 -10
166 7069 car 0 0 -1 781.7806083095703 193.90484643360566 925.9038664290698 292.30982359999064 -1 -1 -1 -1000 -1000 -1000 -10
166 7033 car 0 0 -1 601.0648530495251 179.00813839665594 660.1000513488292 236.47126909289855 -1 -1 -1 -1000 -1000 -1000 -10
167 7082 DontCare 0 0 -1 1036.1459027992894 144.3883902209917 1098.849379116309 195.9332293313276 -1 -1 -1 -1000 -1000 -1000 -10
167 7069 car 0 0 -1 801.398188471321 195.41637875626853 976.644129480313 311.01291690681364 -1 -1 -1 -1000 -1000 -1000 -10
167 7033 car 0 0 -1 601.3909007506228 179.5743226767288 660.9024219848721 236.8561330494843 -1 -1 -1 -1000 -1000 -1000 -10
168 7082 DontCare 0 0 -1 1055.45534499521 140.65132705115047 1123.3391009693387 196.45225540502804 -1 -1 -1 -1000 -1000 -1000 -10
168 7069 car 0 0 -1 828.9910057389504 197.54707995935445 1045.0880217411707 337.3572661935996 -1 -1 -1 -1000 -1000 -1000 -10
168 7033 car 0 0 -1 601.2568531752436 178.754088846556 660.8469581996371 236.1778752268484 -1 -1 -1 -1000 -1000 -1000 -10
169 7069 car 0 0 -1 870.058590191536 192.1804956502408 1143.828690756545 356.6762305559421 -1 -1 -1 -1000 -1000 -1000 -10
169 7033 car 0 0 -1 600.9210157238787 178.24144496214024 661.1104638792834 235.4975838092803 -1 -1 -1 -1000 -1000 -1000 -10
170 7069 car 0 0 -1 901.091443816874 194.02008000186632 1199.2654891207208 367.65702216242914 -1 -1 -1 -1000 -1000 -1000 -10
170 7033 car 0 0 -1 600.2420747310247 178.69325732746017 661.1412951921212 235.8311809116982 -1 -1 -1 -1000 -1000 -1000 -10
171 7069 car 0 0 -1 940.0911838548152 191.72463673893895 1235.80192796517 371.63124811017525 -1 -1 -1 -1000 -1000 -1000 -10
171 7033 car 0 0 -1 600.2999806387483 179.85425466351217 661.4564292351721 237.45223170388704 -1 -1 -1 -1000 -1000 -1000 -10
172 7069 car 0 0 -1 1014.7906860885602 193.71616976500843 1271.457759820968 374.6251194920055 -1 -1 -1 -1000 -1000 -1000 -10
172 7033 car 0 0 -1 600.4554635058453 180.66207454757387 662.0639961755985 238.3274518182452 -1 -1 -1 -1000 -1000 -1000 -10
173 7033 car 0 0 -1 600.610209100539 180.9573813061972 662.821240485244 238.67488172360692 -1 -1 -1 -1000 -1000 -1000 -10
174 7033 car 0 0 -1 600.5572124027201 180.78756370609736 663.2226008856437 239.09008258521422 -1 -1 -1 -1000 -1000 -1000 -10
175 7033 car 0 0 -1 600.0082527262686 180.17146875052816 663.2841648685611 239.1793125576076 -1 -1 -1 -1000 -1000 -1000 -10
176 7033 car 0 0 -1 600.1416097416494 179.19863287458395 663.5851412329317 238.70987815982477 -1 -1 -1 -1000 -1000 -1000 -10
177 7033 car 0 0 -1 599.7213033850446 178.5622004143181 663.5509111217748 238.17489911847616 -1 -1 -1 -1000 -1000 -1000 -10
178 7033 car 0 0 -1 599.7529319597887 178.21963718971227 663.3457011923477 238.69042036798425 -1 -1 -1 -1000 -1000 -1000 -10
179 7033 car 0 0 -1 599.7056805493629 177.47327199752002 663.9471164233975 238.88235149655682 -1 -1 -1 -1000 -1000 -1000 -10
180 7033 car 0 0 -1 599.5870572246737 177.2989619440968 664.2774269720572 238.84483929276155 -1 -1 -1 -1000 -1000 -1000 -10
181 7033 car 0 0 -1 598.6692133605193 177.21073626686612 663.4149144551843 238.85210762019554 -1 -1 -1 -1000 -1000 -1000 -10
182 7033 car 0 0 -1 598.1323984874305 176.7181084288284 662.6513641658246 238.69336424027202 -1 -1 -1 -1000 -1000 -1000 -10
183 7033 car 0 0 -1 597.6914879058043 175.39866826590048 662.5956611330453 237.9028039270034 -1 -1 -1 -1000 -1000 -1000 -10
184 7033 car 0 0 -1 597.4602628196386 174.00886912806928 662.6372738248518 236.62553673826798 -1 -1 -1 -1000 -1000 -1000 -10
185 7033 car 0 0 -1 597.3254592966555 173.2859958870718 662.6997267946122 235.70937672722374 -1 -1 -1 -1000 -1000 -1000 -10
186 7033 car 0 0 -1 597.2385750778071 173.21618001573012 662.7590492020554 235.77356972678388 -1 -1 -1 -1000 -1000 -1000 -10
187 7033 car 0 0 -1 597.0059454959614 173.1679503010622 662.3608748036377 235.81970303660194 -1 -1 -1 -1000 -1000 -1000 -10
188 7033 car 0 0 -1 596.4971850270533 172.68543566942193 662.0084387975564 235.68112849651024 -1 -1 -1 -1000 -1000 -1000 -10
189 7033 car 0 0 -1 596.4503563014841 173.05904546922244 662.3467515682428 236.3110095290674 -1 -1 -1 -1000 -1000 -1000 -10
190 7033 car 0 0 -1 596.3658186651855 173.15776967229476 662.5427090029059 236.5956166617932 -1 -1 -1 -1000 -1000 -1000 -10
191 7033 car 0 0 -1 596.2821540033704 173.95824877074423 662.6690149417934 237.80252301532923 -1 -1 -1 -1000 -1000 -1000 -10
192 7033 car 0 0 -1 596.2145319963423 174.81356347166965 662.7530066170015 238.95455087150796 -1 -1 -1 -1000 -1000 -1000 -10
193 7033 car 0 0 -1 596.1644042546812 175.5349289801652 662.8094684519393 239.6201745326839 -1 -1 -1 -1000 -1000 -1000 -10
194 7033 car 0 0 -1 596.2991016228502 175.9919110550252 663.2975541271448 240.31320818539254 -1 -1 -1 -1000 -1000 -1000 -10
195 7033 car 0 0 -1 596.28648284044 175.67998227027272 663.5481192880114 240.4440682343095 -1 -1 -1 -1000 -1000 -1000 -10
196 7033 car 0 0 -1 596.4109597047556 175.48116752116118 664.1348601669218 240.5736777729129 -1 -1 -1 -1000 -1000 -1000 -10
197 7033 car 0 0 -1 596.206302086963 175.62437905395115 663.9909724378906 240.4039891037359 -1 -1 -1 -1000 -1000 -1000 -10
198 7033 car 0 0 -1 596.2893956202811 174.83781844288197 664.3950601391534 239.93989827111645 -1 -1 -1 -1000 -1000 -1000 -10
199 7033 car 0 0 -1 596.2674834901648 174.30832157812597 664.6031087328515 239.37143707492203 -1 -1 -1 -1000 -1000 -1000 -10
200 7033 car 0 0 -1 596.0433334737685 173.0483373376337 664.2781763538343 238.351346508941 -1 -1 -1 -1000 -1000 -1000 -10
201 7087 DontCare 0 0 -1 704.7568196155486 139.97822903910796 745.2071634774787 193.05196277463844 -1 -1 -1 -1000 -1000 -1000 -10
201 7033 car 0 0 -1 595.9768460666179 173.59053823682666 664.134997851669 238.7989421559356 -1 -1 -1 -1000 -1000 -1000 -10
202 7087 DontCare 0 0 -1 706.6065607865602 138.7038186306868 749.9158985522421 193.8696106394108 -1 -1 -1 -1000 -1000 -1000 -10
202 7033 car 0 0 -1 595.790728763525 173.81469390004287 663.6208791739915 238.95284763693206 -1 -1 -1 -1000 -1000 -1000 -10
203 7087 DontCare 0 0 -1 708.1623027766165 138.569782559252 753.0363520054988 195.3317745794055 -1 -1 -1 -1000 -1000 -1000 -10
203 7033 car 0 0 -1 595.9508127013485 174.5321730657426 663.8136110779608 239.62018093921938 -1 -1 -1 -1000 -1000 -1000 -10
204 7087 DontCare 0 0 -1 710.0241423347376 137.20197645675975 758.9969137030481 197.80080146454478 -1 -1 -1 -1000 -1000 -1000 -10
204 7033 car 0 0 -1 596.006290104167 174.81487225858268 663.8929574796903 239.8663999534379 -1 -1 -1 -1000 -1000 -1000 -10
205 7088 DontCare 0 0 -1 862.878920812733 3.0669744347298717 1243.4886658448138 276.84298446897935 -1 -1 -1 -1000 -1000 -1000 -10
205 7087 DontCare 0 0 -1 715.0392913838532 136.63076420947462 766.299330918559 199.40112658766552 -1 -1 -1 -1000 -1000 -1000 -10
205 7033 car 0 0 -1 596.197435205419 175.5485050555325 664.3735603375344 240.5751450147496 -1 -1 -1 -1000 -1000 -1000 -10
206 7088 DontCare 0 0 -1 869.286001797025 5.59925488432458 1248.2092584489494 288.6334636327577 -1 -1 -1 -1000 -1000 -1000 -10
206 7087 DontCare 0 0 -1 719.9124771128148 135.7705631030219 774.4810248758448 201.2671114890146 -1 -1 -1 -1000 -1000 -1000 -10
206 7033 car 0 0 -1 596.2202356700571 175.66084063707734 664.6073907480767 240.39351035214918 -1 -1 -1 -1000 -1000 -1000 -10
207 7089 DontCare 0 0 -1 714.56076483401 130.41946422127228 783.3942140322771 202.00214545445573 -1 -1 -1 -1000 -1000 -1000 -10
207 7088 DontCare 0 0 -1 873.4213981442181 19.31649887027436 1257.7155080270318 333.16482860122187 -1 -1 -1 -1000 -1000 -1000 -10
207 7033 car 0 0 -1 596.0185627383973 175.75365961678716 664.2869609652273 240.27418184943355 -1 -1 -1 -1000 -1000 -1000 -10
208 7089 DontCare 0 0 -1 715.7608978971432 126.27625133270622 794.7463807896472 205.36188740306733 -1 -1 -1 -1000 -1000 -1000 -10
208 7088 DontCare 0 0 -1 886.1485500046748 -6.461955481786816 1250.3478531250462 266.2220836599165 -1 -1 -1 -1000 -1000 -1000 -10
208 7033 car 0 0 -1 595.6141959608416 175.8262095712408 663.2516307297593 240.19146676379202 -1 -1 -1 -1000 -1000 -1000 -10
209 7089 DontCare 0 0 -1 722.1499371185956 120.67203403964182 810.0445193179468 206.22466485100222 -1 -1 -1 -1000 -1000 -1000 -10
209 7088 DontCare 0 0 -1 898.5295649779541 -11.03153858675195 1245.7336834054909 234.47057775277204 -1 -1 -1 -1000 -1000 -1000 -10
209 7033 car 0 0 -1 595.5696051688296 175.88165615127113 662.7463925724808 240.13209836604037 -1 -1 -1 -1000 -1000 -1000 -10
210 7089 DontCare 0 0 -1 725.6917542160801 116.67678101551883 826.023952804719 211.76876796290395 -1 -1 -1 -1000 -1000 -1000 -10
210 7088 DontCare 0 0 -1 900.9998122880215 -9.486837170955141 1242.8576640807628 224.56710789565355 -1 -1 -1 -1000 -1000 -1000 -10
210 7033 car 0 0 -1 594.5665608884242 175.92265386383949 661.679051375078 240.0895639060753 -1 -1 -1 -1000 -1000 -1000 -10
211 7089 DontCare 0 0 -1 731.6370622505432 110.52646998443817 845.8791622783632 213.58642985055263 -1 -1 -1 -1000 -1000 -1000 -10
211 7088 DontCare 0 0 -1 901.7428940521727 -7.000149976298843 1240.9698684751156 220.16970076489946 -1 -1 -1 -1000 -1000 -1000 -10
211 7033 car 0 0 -1 593.5730410447921 175.5074347219698 660.6415891194255 239.88401430903144 -1 -1 -1 -1000 -1000 -1000 -10
212 7089 DontCare 0 0 -1 737.882383717707 103.66935127921107 872.2495517392767 220.384365748103 -1 -1 -1 -1000 -1000 -1000 -10
212 7088 DontCare 0 0 -1 902.3642976702585 -4.111583127184389 1240.3596969088317 220.3066902880025 -1 -1 -1 -1000 -1000 -1000 -10
212 7033 car 0 0 -1 592.1359652534549 175.58608039943556 659.4426343359775 239.56823129318764 -1 -1 -1 -1000 -1000 -1000 -10
213 7089 DontCare 0 0 -1 745.3207733052292 94.22423774917928 904.4082392692889 226.4903450684468 -1 -1 -1 -1000 -1000 -1000 -10
213 7088 DontCare 0 0 -1 907.011105252536 -2.1710787027245573 1241.516230231098 220.4428779545358 -1 -1 -1 -1000 -1000 -1000 -10
213 7033 car 0 0 -1 590.7522407615785 175.68245782395255 657.9592770670621 239.38124985709365 -1 -1 -1 -1000 -1000 -1000 -10
214 7089 DontCare 0 0 -1 758.0906178943565 80.67583012181595 951.6987546533483 234.185531100122 -1 -1 -1 -1000 -1000 -1000 -10
214 7088 DontCare 0 0 -1 919.9676462073297 1.9939739962611895 1246.40229998854 227.1773459864548 -1 -1 -1 -1000 -1000 -1000 -10
214 7087 DontCare 0 0 -1 714.086875479983 124.71372143118313 796.1899284706845 205.44458095779 -1 -1 -1 -1000 -1000 -1000 -10
214 7033 car 0 0 -1 589.4472802602381 176.38831624629424 656.3089570578638 239.8810007462533 -1 -1 -1 -1000 -1000 -1000 -10
215 7093 DontCare 0 0 -1 710.274234066559 134.65191754531088 774.6505541571195 201.531874612323 -1 -1 -1 -1000 -1000 -1000 -10
215 7089 DontCare 0 0 -1 781.9289255238226 66.67419521425111 1019.0636115827525 248.0951078727957 -1 -1 -1 -1000 -1000 -1000 -10
215 7088 DontCare 0 0 -1 923.530130222716 1.1661760466506053 1245.4199567271414 225.69677373076684 -1 -1 -1 -1000 -1000 -1000 -10
215 7087 DontCare 0 0 -1 712.9016803652256 123.79576951370787 797.5134626142398 204.94585561912976 -1 -1 -1 -1000 -1000 -1000 -10
215 7033 car 0 0 -1 587.7689644697475 176.0740510661808 654.3782430164063 239.4154877100541 -1 -1 -1 -1000 -1000 -1000 -10
216 7095 DontCare 0 0 -1 718.8172170120283 113.48129277698752 829.1345838918762 211.190316605956 -1 -1 -1 -1000 -1000 -1000 -10
216 7088 DontCare 0 0 -1 848.6267886037667 8.817914500074494 1209.5489653121836 259.0589266303651 -1 -1 -1 -1000 -1000 -1000 -10
216 7033 car 0 0 -1 586.5519124803056 175.36040052346317 652.9768422288666 238.59105172917162 -1 -1 -1 -1000 -1000 -1000 -10
217 7097 DontCare 0 0 -1 730.5970368192499 103.09046373969491 852.381774422604 214.1383495516549 -1 -1 -1 -1000 -1000 -1000 -10
217 7095 DontCare 0 0 -1 712.3096993527693 115.89098880847658 817.3997362987272 209.44855120905365 -1 -1 -1 -1000 -1000 -1000 -10
217 7088 DontCare 0 0 -1 829.852634059225 12.093095298448844 1219.65656581928 285.6033029134693 -1 -1 -1 -1000 -1000 -1000 -10
217 7033 car 0 0 -1 585.1506906370103 174.93157362875786 650.8978091701154 237.81228268026314 -1 -1 -1 -1000 -1000 -1000 -10
218 7095 DontCare 0 0 -1 716.8978655968398 112.24213132515246 822.6052042962425 209.51736619464975 -1 -1 -1 -1000 -1000 -1000 -10
218 7093 DontCare 0 0 -1 708.8481650703679 129.4827663985121 772.6012771803037 198.4784545998685 -1 -1 -1 -1000 -1000 -1000 -10
218 7088 DontCare 0 0 -1 831.7628392947272 18.78818996883456 1235.2875585929005 318.6322044302281 -1 -1 -1 -1000 -1000 -1000 -10
218 7087 DontCare 0 0 -1 713.8715114691853 121.17545771422752 799.3922792710365 204.6260481236616 -1 -1 -1 -1000 -1000 -1000 -10
218 7033 car 0 0 -1 584.1140311296904 174.83025329727653 649.365292555857 237.45235358976944 -1 -1 -1 -1000 -1000 -1000 -10
219 7100 DontCare 0 0 -1 777.0221392618986 67.25334533614623 990.9889918043958 243.3610618950975 -1 -1 -1 -1000 -1000 -1000 -10
219 7088 DontCare 0 0 -1 851.5956055520683 19.527214934666347 1249.2726862356385 338.0073619156369 -1 -1 -1 -1000 -1000 -1000 -10
219 7087 DontCare 0 0 -1 716.104372149538 118.49684342198415 803.4538320453703 205.4048158758853 -1 -1 -1 -1000 -1000 -1000 -10
219 7033 car 0 0 -1 582.7387222016756 174.83746596533126 647.8993706833481 237.26896858155447 -1 -1 -1 -1000 -1000 -1000 -10
220 7100 DontCare 0 0 -1 799.9180942526482 43.87216505511029 1074.4532807345213 268.43158746452434 -1 -1 -1 -1000 -1000 -1000 -10
220 7097 DontCare 0 0 -1 725.3888088963764 102.3657772498577 848.1826966721 217.7766244881129 -1 -1 -1 -1000 -1000 -1000 -10
220 7088 DontCare 0 0 -1 842.0597596710554 8.431793359590557 1245.2783357793755 332.80316300976904 -1 -1 -1 -1000 -1000 -1000 -10
220 7087 DontCare 0 0 -1 712.6059607972566 123.36883244174956 801.6052449363342 206.20623466815246 -1 -1 -1 -1000 -1000 -1000 -10
220 7033 car 0 0 -1 582.0553815718597 174.8735100186875 646.8777745678699 237.16564118004527 -1 -1 -1 -1000 -1000 -1000 -10
221 7095 DontCare 0 0 -1 741.226431148694 88.2680957861859 907.4766968880065 230.4906470599911 -1 -1 -1 -1000 -1000 -1000 -10
221 7093 DontCare 0 0 -1 705.2790777552143 133.08062040112225 773.4317688335118 200.54392100820343 -1 -1 -1 -1000 -1000 -1000 -10
221 7089 DontCare 0 0 -1 959.0975132677918 20.096467554563333 1247.5686805245755 294.4043913018617 -1 -1 -1 -1000 -1000 -1000 -10
221 7088 DontCare 0 0 -1 830.4224094166492 2.991556752288858 1240.2472837761106 331.3132281687308 -1 -1 -1 -1000 -1000 -1000 -10
221 7087 DontCare 0 0 -1 708.9619330808819 124.52311405661933 798.6980492055438 207.21007114075772 -1 -1 -1 -1000 -1000 -1000 -10
221 7033 car 0 0 -1 581.6768502514211 175.18262116446914 645.9854063552738 236.83083825080894 -1 -1 -1 -1000 -1000 -1000 -10
222 7103 DontCare 0 0 -1 988.0485111853509 1.162155025746813 1242.5685338076391 375.03064135863065 -1 -1 -1 -1000 -1000 -1000 -10
222 7095 DontCare 0 0 -1 754.5378279550688 73.36517656345016 948.4641588380897 238.27644223966223 -1 -1 -1 -1000 -1000 -1000 -10
222 7093 DontCare 0 0 -1 706.1363685703343 131.87259482776142 773.3021159477375 199.96841941001543 -1 -1 -1 -1000 -1000 -1000 -10
222 7088 DontCare 0 0 -1 838.7991273248825 7.73958658699803 1246.708523815494 348.8295186275612 -1 -1 -1 -1000 -1000 -1000 -10
222 7087 DontCare 0 0 -1 715.5765358216602 122.13409549722724 809.2610927280143 207.87542778713197 -1 -1 -1 -1000 -1000 -1000 -10
222 7033 car 0 0 -1 581.0039177181874 175.41375865296817 644.9331736820501 236.58989537705457 -1 -1 -1 -1000 -1000 -1000 -10
223 7103 DontCare 0 0 -1 938.1847078738515 -7.9998353598471965 1229.026648075695 384.17733138827646 -1 -1 -1 -1000 -1000 -1000 -10
223 7095 DontCare 0 0 -1 771.5731029359229 56.210963558794305 1005.5480377366919 250.22165232433932 -1 -1 -1 -1000 -1000 -1000 -10
223 7093 DontCare 0 0 -1 705.5852640337677 131.12332414994034 774.1318971973432 200.06829569248686 -1 -1 -1 -1000 -1000 -1000 -10
223 7087 DontCare 0 0 -1 714.7220050191302 119.86505567725916 810.88292689492 208.2178394817149 -1 -1 -1 -1000 -1000 -1000 -10
223 7033 car 0 0 -1 580.8144113617608 175.75917389035544 644.4641520906283 236.86080228513595 -1 -1 -1 -1000 -1000 -1000 -10
224 7097 DontCare 0 0 -1 725.3616743680439 108.74747008097137 845.5644577942612 217.248088209314 -1 -1 -1 -1000 -1000 -1000 -10
224 7093 DontCare 0 0 -1 711.4339585170654 128.49750889918505 782.9173458965462 201.8015351828281 -1 -1 -1 -1000 -1000 -1000 -10
224 7087 DontCare 0 0 -1 716.7742754623004 117.42435223142076 814.1460549606976 208.65717726414113 -1 -1 -1 -1000 -1000 -1000 -10
224 7033 car 0 0 -1 580.7907239918588 176.35008497265122 644.2367247104512 237.12535416239112 -1 -1 -1 -1000 -1000 -1000 -10
225 7097 DontCare 0 0 -1 718.7565988900948 109.2594017804015 836.2299044870355 215.63136633383766 -1 -1 -1 -1000 -1000 -1000 -10
225 7093 DontCare 0 0 -1 712.0422790452093 128.1172595822531 788.4326508659307 202.51365604271382 -1 -1 -1 -1000 -1000 -1000 -10
225 7088 DontCare 0 0 -1 802.179245578393 1.374106483442148 1230.371460115595 343.99576539625673 -1 -1 -1 -1000 -1000 -1000 -10
225 7087 DontCare 0 0 -1 712.7227581526118 116.5215207928669 809.3939176473638 209.43423171250913 -1 -1 -1 -1000 -1000 -1000 -10
225 7033 car 0 0 -1 580.6437105997385 176.63222746049811 643.6681902853935 237.16995415554535 -1 -1 -1 -1000 -1000 -1000 -10
226 7093 DontCare 0 0 -1 711.1508749733669 128.02646847657786 791.5832804779886 203.39143975129775 -1 -1 -1 -1000 -1000 -1000 -10
226 7088 DontCare 0 0 -1 820.3472195058733 4.443405987341919 1243.7821170918578 356.0052895602228 -1 -1 -1 -1000 -1000 -1000 -10
226 7033 car 0 0 -1 580.0404153220205 176.60792028301086 642.7585142332922 236.69901155935287 -1 -1 -1 -1000 -1000 -1000 -10
227 7105 DontCare 0 0 -1 703.1666220396963 134.82822324405976 765.9027646434027 203.21997585203445 -1 -1 -1 -1000 -1000 -1000 -10
227 7104 DontCare 0 0 -1 755.9805629318582 74.28893184243812 994.9823690383412 251.72007238430461 -1 -1 -1 -1000 -1000 -1000 -10
227 7093 DontCare 0 0 -1 712.1416421741151 126.92318890170942 795.9443034872152 204.7983985374441 -1 -1 -1 -1000 -1000 -1000 -10
227 7088 DontCare 0 0 -1 855.8358372844094 6.349516094088699 1257.7408414023062 364.8224555646368 -1 -1 -1 -1000 -1000 -1000 -10
227 7033 car 0 0 -1 579.0684955768616 177.12152634146247 641.2928716615588 236.61626913343156 -1 -1 -1 -1000 -1000 -1000 -10
228 7105 DontCare 0 0 -1 706.0883116086544 131.92618061000212 772.6611724577577 204.45944882061417 -1 -1 -1 -1000 -1000 -1000 -10
228 7104 DontCare 0 0 -1 765.8167649308492 54.8772443147318 1058.3353445194 273.4316592197332 -1 -1 -1 -1000 -1000 -1000 -10
228 7097 DontCare 0 0 -1 717.2309634026117 113.48464669250491 825.5135964032272 214.11574892614686 -1 -1 -1 -1000 -1000 -1000 -10
228 7093 DontCare 0 0 -1 712.1007081058691 125.14250265665997 800.547500257513 207.99309251022288 -1 -1 -1 -1000 -1000 -1000 -10
228 7088 DontCare 0 0 -1 905.9030312949888 6.776028049204939 1271.5431142215882 369.04515592280484 -1 -1 -1 -1000 -1000 -1000 -10
228 7033 car 0 0 -1 578.6111475544373 178.040910930498 640.1995985752445 237.10150122535146 -1 -1 -1 -1000 -1000 -1000 -10
229 7105 DontCare 0 0 -1 706.702230315076 134.62381030277356 772.9517048918138 207.48648950303868 -1 -1 -1 -1000 -1000 -1000 -10
229 7104 DontCare 0 0 -1 795.3907413564539 12.09856252805045 1193.1092883077147 299.87771779534876 -1 -1 -1 -1000 -1000 -1000 -10
229 7097 DontCare 0 0 -1 724.1865237619679 108.64371649710489 840.9424787948706 217.46820462997164 -1 -1 -1 -1000 -1000 -1000 -10
229 7093 DontCare 0 0 -1 712.2507814648127 124.37510916527863 804.0080860750413 210.58855655460093 -1 -1 -1 -1000 -1000 -1000 -10
229 7088 DontCare 0 0 -1 887.1782648003577 4.699717031057816 1254.335988343396 372.82789800924684 -1 -1 -1 -1000 -1000 -1000 -10
229 7033 car 0 0 -1 578.1023647793883 178.47018732143556 639.4965524464927 237.20870414685294 -1 -1 -1 -1000 -1000 -1000 -10
230 7105 DontCare 0 0 -1 707.2548716788249 131.31156046360312 772.4043037673553 206.71572788893363 -1 -1 -1 -1000 -1000 -1000 -10
230 7104 DontCare 0 0 -1 797.7352501150982 3.1248417227675986 1247.172155753132 334.63789618359846 -1 -1 -1 -1000 -1000 -1000 -10
230 7097 DontCare 0 0 -1 733.0770285218329 103.74215034720888 860.5595193798932 221.80159039966875 -1 -1 -1 -1000 -1000 -1000 -10
230 7093 DontCare 0 0 -1 710.9801516332077 122.49756323545992 804.6652579190072 211.2284393501645 -1 -1 -1 -1000 -1000 -1000 -10
230 7033 car 0 0 -1 577.5930505817435 178.5135344025849 638.3034411853487 236.75022398057732 -1 -1 -1 -1000 -1000 -1000 -10
231 7104 DontCare 0 0 -1 811.0549880075164 1.8512306085349906 1274.5255134703625 360.3225987987967 -1 -1 -1 -1000 -1000 -1000 -10
231 7097 DontCare 0 0 -1 721.7676918174598 104.47587172320729 847.8106813899954 221.48926607577434 -1 -1 -1 -1000 -1000 -1000 -10
231 7093 DontCare 0 0 -1 714.0117334493455 121.82982490121435 811.6221246812786 214.6351115976064 -1 -1 -1 -1000 -1000 -1000 -10
231 7033 car 0 0 -1 576.8990227356819 178.61948176324717 637.1076818470831 236.48568770304303 -1 -1 -1 -1000 -1000 -1000 -10
232 7097 DontCare 0 0 -1 719.650776702219 105.0924739418046 843.3924545130492 220.3809320916057 -1 -1 -1 -1000 -1000 -1000 -10
232 7033 car 0 0 -1 576.1005894241304 178.5517374630557 635.9447906834808 235.87283052451198 -1 -1 -1 -1000 -1000 -1000 -10
233 7107 DontCare 0 0 -1 783.3791092848031 23.545714573771605 1081.0573390799964 276.34252474025993 -1 -1 -1 -1000 -1000 -1000 -10
233 7097 DontCare 0 0 -1 723.9634977458672 100.44648707025421 853.3136150026223 220.3408261375298 -1 -1 -1 -1000 -1000 -1000 -10
233 7088 DontCare 0 0 -1 853.3359952692315 -4.362710851320401 1239.1807223714716 363.62771895284646 -1 -1 -1 -1000 -1000 -1000 -10
233 7033 car 0 0 -1 575.2408816796146 178.00104472022147 634.8158770774428 234.92355039317377 -1 -1 -1 -1000 -1000 -1000 -10
234 7106 DontCare 0 0 -1 990.9010762956134 -3.128307028542025 1244.7338535436108 378.84102391498743 -1 -1 -1 -1000 -1000 -1000 -10
234 7097 DontCare 0 0 -1 735.4388348384784 93.17904812063898 879.2798030938975 223.26478044874165 -1 -1 -1 -1000 -1000 -1000 -10
234 7088 DontCare 0 0 -1 830.7539715660234 -3.7375733667718123 1232.0809191744172 363.3011735773441 -1 -1 -1 -1000 -1000 -1000 -10
234 7033 car 0 0 -1 574.7863030334578 177.8595025764839 633.8914270271647 234.4921642376589 -1 -1 -1 -1000 -1000 -1000 -10
235 7097 DontCare 0 0 -1 753.0770542392368 81.596160923573 925.067712464403 233.2000301372359 -1 -1 -1 -1000 -1000 -1000 -10
235 7088 DontCare 0 0 -1 837.4970079272055 -0.22216252059652675 1239.4344190047661 371.23913674632706 -1 -1 -1 -1000 -1000 -1000 -10
235 7033 car 0 0 -1 574.6950611951945 177.85674516262117 633.4564799369182 234.27609114374053 -1 -1 -1 -1000 -1000 -1000 -10
236 7097 DontCare 0 0 -1 774.1589507615817 63.218858882268435 989.9233834741716 248.40385399414566 -1 -1 -1 -1000 -1000 -1000 -10
236 7088 DontCare 0 0 -1 871.3154242502234 0.8798575664114878 1253.8616911770944 374.461667640413 -1 -1 -1 -1000 -1000 -1000 -10
236 7033 car 0 0 -1 574.7196585165835 177.71945319526654 633.2314435771715 233.70982515258535 -1 -1 -1 -1000 -1000 -1000 -10
237 7093 DontCare 0 0 -1 763.0385046060645 108.65495513224064 865.9796053767744 216.39633679463756 -1 -1 -1 -1000 -1000 -1000 -10
237 7088 DontCare 0 0 -1 858.551829738684 0.41939008699276314 1245.3287766091366 376.5346414020927 -1 -1 -1 -1000 -1000 -1000 -10
237 7033 car 0 0 -1 574.7737209302998 177.74165731140047 633.1013625910086 233.41890436144607 -1 -1 -1 -1000 -1000 -1000 -10
238 7088 DontCare 0 0 -1 828.8964419437233 -0.7425290197129755 1232.8605853420295 377.01706108251597 -1 -1 -1 -1000 -1000 -1000 -10
238 7033 car 0 0 -1 574.8271450878466 177.80458108097338 633.0194397349388 233.25335763719926 -1 -1 -1 -1000 -1000 -1000 -10
239 7088 DontCare 0 0 -1 832.9767261083626 -0.9204891779527316 1239.1521278792216 378.16108159016886 -1 -1 -1 -1000 -1000 -1000 -10
239 7033 car 0 0 -1 575.0456908312399 177.2482584382683 633.4105051497024 232.53057264955822 -1 -1 -1 -1000 -1000 -1000 -10
240 7088 DontCare 0 0 -1 859.9771195329336 -0.9638483068927712 1251.341196606952 378.54135365624774 -1 -1 -1 -1000 -1000 -1000 -10
240 7033 car 0 0 -1 575.5447596734327 176.8912096261756 633.764763336116 231.77912648732584 -1 -1 -1 -1000 -1000 -1000 -10
241 7033 car 0 0 -1 576.2074935625029 177.44234784618413 634.0484281296687 232.0445327657489 -1 -1 -1 -1000 -1000 -1000 -10
242 7033 car 0 0 -1 576.5264738496583 177.25861813322297 634.0914308441841 231.92023286851781 -1 -1 -1 -1000 -1000 -1000 -10
243 7033 car 0 0 -1 576.6970935049651 177.0030152972041 634.0595643187282 231.43827335059044 -1 -1 -1 -1000 -1000 -1000 -10
244 7033 car 0 0 -1 577.4178673593373 176.3249470386459 634.6321463087514 230.59479125641357 -1 -1 -1 -1000 -1000 -1000 -10
245 7033 car 0 0 -1 577.7192452778452 175.47483120489665 634.8252466447127 229.6239300372858 -1 -1 -1 -1000 -1000 -1000 -10
246 7033 car 0 0 -1 578.6471153496904 175.61910217530135 635.9464856013866 229.40411748958485 -1 -1 -1 -1000 -1000 -1000 -10
247 7033 car 0 0 -1 579.3166905811488 175.28605340631495 637.2998659431235 229.08846300951453 -1 -1 -1 -1000 -1000 -1000 -10
248 7033 car 0 0 -1 579.8994131487656 175.15702824274152 638.1101617969629 228.9697867400321 -1 -1 -1 -1000 -1000 -1000 -10
249 7033 car 0 0 -1 580.7024222747058 175.1059231365207 639.0794505208777 228.92635834482417 -1 -1 -1 -1000 -1000 -1000 -10
250 7033 car 0 0 -1 581.4260943560431 175.08612960133485 639.6530109074341 228.9101225259517 -1 -1 -1 -1000 -1000 -1000 -10
251 7033 car 0 0 -1 582.3486037945694 175.07789234364714 640.4661594275786 228.9046763585156 -1 -1 -1 -1000 -1000 -1000 -10
252 7033 car 0 0 -1 583.7859941790289 174.8998532288281 641.5517551893277 228.4576711488394 -1 -1 -1 -1000 -1000 -1000 -10
253 7033 car 0 0 -1 584.5700538790913 175.05297073940622 642.3515875747303 228.68578587762076 -1 -1 -1 -1000 -1000 -1000 -10
254 7033 car 0 0 -1 585.3132881392924 175.54442017862686 642.8335284164045 228.95991656102365 -1 -1 -1 -1000 -1000 -1000 -10
255 7033 car 0 0 -1 586.7076669958021 176.2151049894822 643.7670540515048 229.20160503299297 -1 -1 -1 -1000 -1000 -1000 -10
256 7033 car 0 0 -1 587.7673803207963 176.54597676418405 644.216653175501 229.21928573597341 -1 -1 -1 -1000 -1000 -1000 -10
257 7033 car 0 0 -1 589.5186643695657 176.10843752636725 645.5216084599332 228.5502734259311 -1 -1 -1 -1000 -1000 -1000 -10
258 7033 car 0 0 -1 591.6794339167043 175.98233395856766 647.6277620262363 228.25378764010878 -1 -1 -1 -1000 -1000 -1000 -10
259 7033 car 0 0 -1 593.3037172367094 175.6907537323064 649.4930471240073 228.3840275922982 -1 -1 -1 -1000 -1000 -1000 -10
260 7033 car 0 0 -1 594.9514075063286 175.9530185752953 651.0379620932782 228.68006814560732 -1 -1 -1 -1000 -1000 -1000 -10
261 7033 car 0 0 -1 595.5986058673777 176.04721076404985 651.6103378771429 228.79919347532922 -1 -1 -1 -1000 -1000 -1000 -10
262 7033 car 0 0 -1 596.6527655432074 176.07754313032805 652.8816703620014 228.85040484123422 -1 -1 -1 -1000 -1000 -1000 -10
263 7033 car 0 0 -1 597.9090210158033 176.0878583345434 653.7534445852111 228.8712999233265 -1 -1 -1 -1000 -1000 -1000 -10
264 7033 car 0 0 -1 599.0758242794006 176.53457711733338 654.6392208701964 229.05640586147675 -1 -1 -1 -1000 -1000 -1000 -10
265 7033 car 0 0 -1 600.1905731419308 176.75106342511765 655.5482061500977 229.0813086221084 -1 -1 -1 -1000 -1000 -1000 -10
266 7033 car 0 0 -1 601.0005788439744 176.86684740091022 656.7508908578934 229.05778050418076 -1 -1 -1 -1000 -1000 -1000 -10
267 7033 car 0 0 -1 601.6868567948775 176.76257883499883 657.4532318087493 228.57751317407937 -1 -1 -1 -1000 -1000 -1000 -10
268 7033 car 0 0 -1 603.0125230901342 177.40630299917888 658.517445088143 228.95022482341398 -1 -1 -1 -1000 -1000 -1000 -10
269 7033 car 0 0 -1 604.0091098123638 177.52456679824746 659.0535085902324 228.60042904893794 -1 -1 -1 -1000 -1000 -1000 -10
270 7033 car 0 0 -1 604.6453433717259 177.6533807314729 659.6224811218794 228.38323006877772 -1 -1 -1 -1000 -1000 -1000 -10
271 7033 car 0 0 -1 605.5205468121073 177.76222090234205 660.4472104523022 228.24068165165903 -1 -1 -1 -1000 -1000 -1000 -10
272 7033 car 0 0 -1 606.483722716736 177.84719841412794 661.3729114902834 228.14288017905955 -1 -1 -1 -1000 -1000 -1000 -10
273 7033 car 0 0 -1 607.9236901582374 177.91146765358116 662.5137701821925 228.0737636989158 -1 -1 -1 -1000 -1000 -1000 -10
274 7109 car 0 0 -1 520.7725371397636 181.37944362280555 553.0579897077104 203.43698965653985 -1 -1 -1 -1000 -1000 -1000 -10
274 7033 car 0 0 -1 608.5241078864111 177.5155557984994 662.8990460345893 227.84807568734573 -1 -1 -1 -1000 -1000 -1000 -10
275 7111 car 0 0 -1 545.5304919914524 178.27893660922402 585.1167530132454 206.5012543261693 -1 -1 -1 -1000 -1000 -1000 -10
275 7109 car 0 0 -1 511.8492455293495 181.4624231977994 546.3916373894707 204.88480250797528 -1 -1 -1 -1000 -1000 -1000 -10
275 7033 car 0 0 -1 608.9650417682516 177.3320720830662 663.4543160780867 227.79418823637096 -1 -1 -1 -1000 -1000 -1000 -10
276 7111 car 0 0 -1 535.2004067572678 178.11974981548622 578.8586051272194 208.89913872338775 -1 -1 -1 -1000 -1000 -1000 -10
276 7109 car 0 0 -1 499.45473348895706 181.37934110609487 536.4911040994117 206.08138326077554 -1 -1 -1 -1000 -1000 -1000 -10
276 7033 car 0 0 -1 609.5601503698234 177.06607813274516 663.8594146463125 227.3497814254268 -1 -1 -1 -1000 -1000 -1000 -10
277 7111 car 0 0 -1 524.6339082174618 178.2611402202128 571.5385077563637 211.58073517297956 -1 -1 -1 -1000 -1000 -1000 -10
277 7109 car 0 0 -1 486.19203235329417 181.49037062750483 525.2853647788646 207.65139606591077 -1 -1 -1 -1000 -1000 -1000 -10
277 7033 car 0 0 -1 610.4356946210287 176.10816780206434 664.6053828616059 226.79683411421624 -1 -1 -1 -1000 -1000 -1000 -10
278 7111 car 0 0 -1 512.6234213501954 179.00498073340714 563.9440673775067 215.28068677328054 -1 -1 -1 -1000 -1000 -1000 -10
278 7109 car 0 0 -1 471.52371117896087 181.0858109417544 514.8172097050428 209.94175794425104 -1 -1 -1 -1000 -1000 -1000 -10
278 7033 car 0 0 -1 611.2417480579161 176.11525940964543 665.0383525353939 226.83251196970105 -1 -1 -1 -1000 -1000 -1000 -10
279 7111 car 0 0 -1 497.3305370513844 180.04763995306078 554.2048406402847 219.8687259040132 -1 -1 -1 -1000 -1000 -1000 -10
279 7109 car 0 0 -1 454.24124633842075 181.86204369835934 503.43444580134076 214.487431722319 -1 -1 -1 -1000 -1000 -1000 -10
279 7033 car 0 0 -1 612.234140939853 176.11280074616224 665.7586538938644 226.85137994210584 -1 -1 -1 -1000 -1000 -1000 -10
280 7111 car 0 0 -1 477.9168502180242 180.62268164575858 542.718260823926 225.28789689777955 -1 -1 -1 -1000 -1000 -1000 -10
280 7109 car 0 0 -1 433.45448936938266 183.2784705892608 487.6878084847047 218.95853921818787 -1 -1 -1 -1000 -1000 -1000 -10
280 7033 car 0 0 -1 613.4475993692396 175.83828179962566 667.0585692834717 227.13223903945672 -1 -1 -1 -1000 -1000 -1000 -10
281 7111 car 0 0 -1 454.8829107204932 181.91429754273267 529.5320624020849 232.81076890335848 -1 -1 -1 -1000 -1000 -1000 -10
281 7109 car 0 0 -1 409.1702356049163 184.439184775318 473.30086532974843 224.53018233553823 -1 -1 -1 -1000 -1000 -1000 -10
281 7033 car 0 0 -1 614.5208380221679 176.079495629406 668.1847302262524 227.5132911371384 -1 -1 -1 -1000 -1000 -1000 -10
282 7111 car 0 0 -1 424.66372950486993 183.96994348326442 512.3618037886481 242.55583946683274 -1 -1 -1 -1000 -1000 -1000 -10
282 7109 car 0 0 -1 376.68483191328187 185.48010572797415 451.3258280993141 231.1689798021771 -1 -1 -1 -1000 -1000 -1000 -10
282 7033 car 0 0 -1 615.0956471835782 176.14542319937658 669.0696026734231 227.68511125580557 -1 -1 -1 -1000 -1000 -1000 -10
283 7111 car 0 0 -1 383.4414066086592 186.28945975250943 488.99885600381134 255.73396382144128 -1 -1 -1 -1000 -1000 -1000 -10
283 7109 car 0 0 -1 334.2492383927194 187.5895403290037 424.405888490114 240.98726133037624 -1 -1 -1 -1000 -1000 -1000 -10
283 7033 car 0 0 -1 615.4352971711168 176.1508709778824 669.9070771926403 227.77053800904793 -1 -1 -1 -1000 -1000 -1000 -10
284 7111 car 0 0 -1 322.01378677229167 190.42088982397695 456.64105523175607 276.9805993249163 -1 -1 -1 -1000 -1000 -1000 -10
284 7109 car 0 0 -1 280.945642504934 189.48293559250567 395.795227162499 253.88122464540254 -1 -1 -1 -1000 -1000 -1000 -10
284 7033 car 0 0 -1 615.6524380059204 176.13800356697928 670.7591235893804 227.81817904003972 -1 -1 -1 -1000 -1000 -1000 -10
285 7111 car 0 0 -1 211.86787479119232 196.0599618868386 404.7725148664762 313.41087991955123 -1 -1 -1 -1000 -1000 -1000 -10
285 7033 car 0 0 -1 616.242034062037 175.67550650415708 671.8172341424367 227.67426290795478 -1 -1 -1 -1000 -1000 -1000 -10
286 7111 car 0 0 -1 80.33274406207025 200.52265857261483 331.74722341311167 349.9250495049126 -1 -1 -1 -1000 -1000 -1000 -10
286 7033 car 0 0 -1 617.2774771472642 174.8296988048275 672.650450929436 227.0490027322977 -1 -1 -1 -1000 -1000 -1000 -10
287 7111 car 0 0 -1 -3.2028786041086903 204.48898923943312 227.88823202361024 362.361839857358 -1 -1 -1 -1000 -1000 -1000 -10
287 7033 car 0 0 -1 618.3280211019795 174.46741990313419 673.5529423549482 226.84946876888236 -1 -1 -1 -1000 -1000 -1000 -10
288 7033 car 0 0 -1 619.3747549533189 174.3002578007001 674.4914515911755 226.8021216760931 -1 -1 -1 -1000 -1000 -1000 -10
289 7033 car 0 0 -1 620.0655103127282 174.04058616388312 674.5587334237945 226.36019791551075 -1 -1 -1 -1000 -1000 -1000 -10
290 7033 car 0 0 -1 619.9922000892677 173.97402071128033 674.3015915829496 226.1588685601617 -1 -1 -1 -1000 -1000 -1000 -10
291 7033 car 0 0 -1 619.9955020661974 174.41850599420738 674.1718214795441 226.2318835802714 -1 -1 -1 -1000 -1000 -1000 -10
292 7033 car 0 0 -1 619.8464196388755 174.6518246941432 673.6526186924644 226.1963141769256 -1 -1 -1 -1000 -1000 -1000 -10
293 7033 car 0 0 -1 619.4085259437653 174.78866078290395 673.2152840140274 226.13509291505932 -1 -1 -1 -1000 -1000 -1000 -10
