0 7279 DontCare 0 0 -1 545.0 170.0 666.0 272.0 -1 -1 -1 -1000 -1000 -1000 -10
0 7278 car 0 0 -1 458.0 178.0 568.0 217.0 -1 -1 -1 -1000 -1000 -1000 -10
1 7280 DontCare 0 0 -1 563.0 173.0 644.0 271.0 -1 -1 -1 -1000 -1000 -1000 -10
1 7279 DontCare 0 0 -1 562.4760473717985 171.17416584667922 680.0314903166442 269.8710602839741 -1 -1 -1 -1000 -1000 -1000 -10
1 7278 car 0 0 -1 471.13074000317175 178.39833923933548 581.6029283385371 215.6468868913173 -1 -1 -1 -1000 -1000 -1000 -10
2 7279 DontCare 0 0 -1 579.8136038583617 174.36914300499183 697.0878816501391 270.1610482231852 -1 -1 -1 -1000 -1000 -1000 -10
2 7278 car 0 0 -1 482.240526363143 178.25889783526432 591.8955975299308 215.6929030686414 -1 -1 -1 -1000 -1000 -1000 -10
3 7279 DontCare 0 0 -1 599.6716654146144 178.58983435321858 712.9869929704839 268.3863974803915 -1 -1 -1 -1000 -1000 -1000 -10
3 7278 car 0 0 -1 494.8599022086209 177.68241794484746 605.6753934101894 216.27320804804535 -1 -1 -1 -1000 -1000 -1000 -10
4 7279 DontCare 0 0 -1 619.4537090889361 171.40226223255675 736.3643184560616 266.0947917330357 -1 -1 -1 -1000 -1000 -1000 -10
4 7278 car 0 0 -1 506.954561072125 177.25322404296415 616.8698104032899 215.93962815843005 -1 -1 -1 -1000 -1000 -1000 -10
5 7279 DontCare 0 0 -1 639.3367999173224 169.10545219538022 754.8367856951343 264.6404100984716 -1 -1 -1 -1000 -1000 -1000 -10
5 7278 car 0 0 -1 519.7352969910154 177.85787525308692 628.659251057178 216.57315556099653 -1 -1 -1 -1000 -1000 -1000 -10
6 7279 DontCare 0 0 -1 657.7254611746655 169.52450165192636 773.2294951735266 264.4618727671696 -1 -1 -1 -1000 -1000 -1000 -10
6 7278 car 0 0 -1 533.7395278915619 178.59630092456607 641.7281475567452 216.97032088461734 -1 -1 -1 -1000 -1000 -1000 -10
7 7279 DontCare 0 0 -1 675.3476666418508 172.24481848008693 789.0829054986741 265.37802814882116 -1 -1 -1 -1000 -1000 -1000 -10
7 7278 car 0 0 -1 545.7502886548519 178.9759492909352 651.3538200243653 216.98319969633195 -1 -1 -1 -1000 -1000 -1000 -10
8 7279 DontCare 0 0 -1 694.2834703880687 173.47879589443824 807.2577565508977 265.51223886432604 -1 -1 -1 -1000 -1000 -1000 -10
8 7278 car 0 0 -1 557.5724605461318 178.44556141251056 662.0001655415641 216.28163789135434 -1 -1 -1 -1000 -1000 -1000 -10
9 7279 DontCare 0 0 -1 711.0525346063481 171.1157143051827 825.5448873554277 265.0429329982742 -1 -1 -1 -1000 -1000 -1000 -10
9 7278 car 0 0 -1 570.3673122509541 179.2860415874448 673.3304849531302 216.32455882008855 -1 -1 -1 -1000 -1000 -1000 -10
10 7279 DontCare 0 0 -1 728.7657120497302 171.2149143227194 842.8095146024857 264.5810158418217 -1 -1 -1 -1000 -1000 -1000 -10
10 7278 car 0 0 -1 581.5941714351745 178.99156007449957 679.5145342731262 214.94603210024198 -1 -1 -1 -1000 -1000 -1000 -10
11 7279 DontCare 0 0 -1 747.7826214686312 172.3043291495245 862.049413177166 264.7009572741583 -1 -1 -1 -1000 -1000 -1000 -10
11 7278 car 0 0 -1 594.425063224719 179.02134813789027 689.570557783034 214.2892666914111 -1 -1 -1 -1000 -1000 -1000 -10
12 7279 DontCare 0 0 -1 765.0483798586247 172.0185212301312 877.6912087793166 264.1474859326346 -1 -1 -1 -1000 -1000 -1000 -10
12 7278 car 0 0 -1 605.9692169359257 179.25023600329237 700.9877345869313 214.48290423772406 -1 -1 -1 -1000 -1000 -1000 -10
13 7279 DontCare 0 0 -1 784.9404745370748 170.3410680179023 896.5487587450948 262.91481273684934 -1 -1 -1 -1000 -1000 -1000 -10
13 7278 car 0 0 -1 617.7297316605392 180.2225436987128 708.3012858291021 214.32375368623417 -1 -1 -1 -1000 -1000 -1000 -10
14 7279 DontCare 0 0 -1 801.1813244464586 168.68242680746437 912.1469233690152 262.194305122284 -1 -1 -1 -1000 -1000 -1000 -10
14 7278 car 0 0 -1 628.7075734830369 180.6578477635283 713.003888922681 213.54552292165306 -1 -1 -1 -1000 -1000 -1000 -10
15 7279 DontCare 0 0 -1 819.4305463105527 167.40741132046278 930.2675547674587 261.94368118081974 -1 -1 -1 -1000 -1000 -1000 -10
15 7278 car 0 0 -1 636.0484527297863 180.46599473075887 714.2655650082227 212.31291685990485 -1 -1 -1 -1000 -1000 -1000 -10
16 7279 DontCare 0 0 -1 835.9901978814582 167.5575949882955 945.9808818493227 261.88263312350193 -1 -1 -1 -1000 -1000 -1000 -10
16 7278 car 0 0 -1 642.7939032954247 180.68611017267693 710.9135387784396 211.5548962222034 -1 -1 -1 -1000 -1000 -1000 -10
17 7279 DontCare 0 0 -1 853.2521356603547 167.3319927694819 963.3127578572958 262.1618736521667 -1 -1 -1 -1000 -1000 -1000 -10
17 7278 car 0 0 -1 650.8029918432129 180.10868818826216 712.099351524802 210.64437307853265 -1 -1 -1 -1000 -1000 -1000 -10
18 7279 DontCare 0 0 -1 871.7522973006003 167.83588785053098 979.6463376228717 261.6957875806093 -1 -1 -1 -1000 -1000 -1000 -10
19 7279 DontCare 0 0 -1 887.7558053310164 167.396850571133 995.3672547830257 261.52428093911345 -1 -1 -1 -1000 -1000 -1000 -10
20 7279 DontCare 0 0 -1 907.0768183334116 164.84470676344387 1013.6294351384746 259.3845999191045 -1 -1 -1 -1000 -1000 -1000 -10
21 7279 DontCare 0 0 -1 922.5151453274084 166.10453452420157 1029.0620464441483 259.5472435719423 -1 -1 -1 -1000 -1000 -1000 -10
21 7278 car 0 0 -1 691.6824996259469 180.11922842373573 741.8021830253075 208.48817566714908 -1 -1 -1 -1000 -1000 -1000 -10
22 7279 DontCare 0 0 -1 941.5152051628187 163.84918639819867 1047.3091096504338 257.8995299165076 -1 -1 -1 -1000 -1000 -1000 -10
22 7278 car 0 0 -1 700.8528532676967 180.36985969392111 746.1450702725897 207.74743409873537 -1 -1 -1 -1000 -1000 -1000 -10
23 7279 DontCare 0 0 -1 957.4470718556485 162.11616231896636 1061.502747682077 256.254342466239 -1 -1 -1 -1000 -1000 -1000 -10
23 7278 car 0 0 -1 706.6397561957335 181.28542632659054 748.3898527563845 207.92472830845804 -1 -1 -1 -1000 -1000 -1000 -10
24 7279 DontCare 0 0 -1 974.9847306856872 162.3596373367758 1077.7428241623436 256.0124591420591 -1 -1 -1 -1000 -1000 -1000 -10
24 7278 car 0 0 -1 712.5880902909291 181.31406211750337 752.2024528329055 207.67966113649848 -1 -1 -1 -1000 -1000 -1000 -10
25 7279 DontCare 0 0 -1 988.1802292616055 162.03838102799187 1091.4666025521785 255.7160382161439 -1 -1 -1 -1000 -1000 -1000 -10
25 7278 car 0 0 -1 719.7349033633741 181.22066446020543 758.0174631982306 207.69413887800178 -1 -1 -1 -1000 -1000 -1000 -10
26 7279 DontCare 0 0 -1 1006.0268683274916 163.14651712345147 1109.3491166787073 255.6557392727226 -1 -1 -1 -1000 -1000 -1000 -10
26 7278 car 0 0 -1 724.9503863095772 180.68246212108227 763.1836578054433 207.57166136746622 -1 -1 -1 -1000 -1000 -1000 -10
27 7279 DontCare 0 0 -1 1021.5168064717336 161.31914124973838 1124.0752952353382 254.09644515298186 -1 -1 -1 -1000 -1000 -1000 -10
27 7278 car 0 0 -1 728.7409085443 180.23032916166738 766.9006887118956 207.14212578914146 -1 -1 -1 -1000 -1000 -1000 -10
28 7279 DontCare 0 0 -1 1038.7793633517153 161.4674567441933 1141.893775139873 253.93687165924624 -1 -1 -1 -1000 -1000 -1000 -10
28 7278 car 0 0 -1 732.2658586527372 180.06776476116002 769.7989763646962 206.97224011546783 -1 -1 -1 -1000 -1000 -1000 -10
29 7279 DontCare 0 0 -1 1052.9934956856346 160.77873023935612 1158.2916016178701 254.00257991840093 -1 -1 -1 -1000 -1000 -1000 -10
29 7278 car 0 0 -1 735.8001370337248 180.29237867344042 772.2851126686154 206.62444645294218 -1 -1 -1 -1000 -1000 -1000 -10
30 7279 DontCare 0 0 -1 1070.0508535291979 157.32281450072875 1176.463742371864 252.18042302983932 -1 -1 -1 -1000 -1000 -1000 -10
30 7278 car 0 0 -1 739.4016045130934 180.0383387533023 774.5601178769962 206.20324319684903 -1 -1 -1 -1000 -1000 -1000 -10
31 7279 DontCare 0 0 -1 1083.1431926337461 157.27526562698714 1187.1046028604717 251.49168393992474 -1 -1 -1 -1000 -1000 -1000 -10
31 7278 car 0 0 -1 741.8885750631352 179.78896287470099 776.6410843086578 205.56736109590292 -1 -1 -1 -1000 -1000 -1000 -10
32 7279 DontCare 0 0 -1 1100.9268023625482 157.8032603000991 1205.0810862308522 251.3272817143107 -1 -1 -1 -1000 -1000 -1000 -10
32 7278 car 0 0 -1 744.0758673140449 180.39298721685378 778.5319388963078 205.8908116927405 -1 -1 -1 -1000 -1000 -1000 -10
33 7279 DontCare 0 0 -1 1120.8335973941917 159.51488567297787 1224.2567547013573 251.65809444856524 -1 -1 -1 -1000 -1000 -1000 -10
33 7278 car 0 0 -1 745.7898683066367 180.50308533608427 779.4571338229227 205.50717339186582 -1 -1 -1 -1000 -1000 -1000 -10
34 7279 DontCare 0 0 -1 1137.733953413601 159.4769257233412 1240.772218976894 253.11636705416805 -1 -1 -1 -1000 -1000 -1000 -10
34 7278 car 0 0 -1 747.4110899743215 180.63846504857352 779.9352511721169 205.2703826487739 -1 -1 -1 -1000 -1000 -1000 -10
35 7279 DontCare 0 0 -1 1154.021526519529 156.28614052181206 1251.3331941337176 249.93327894368792 -1 -1 -1 -1000 -1000 -1000 -10
35 7278 car 0 0 -1 749.2341062534663 180.7634516634274 780.6436626612256 205.10950989329265 -1 -1 -1 -1000 -1000 -1000 -10
36 7279 DontCare 0 0 -1 1160.7104666008618 157.6527953534338 1253.2612683153993 250.5511847097146 -1 -1 -1 -1000 -1000 -1000 -10
36 7278 car 0 0 -1 749.6913493917931 180.43327297911958 779.743538506251 204.79937316107606 -1 -1 -1 -1000 -1000 -1000 -10
37 7279 DontCare 0 0 -1 1174.5886535301418 151.88459299938168 1258.0445017416157 247.02352090853796 -1 -1 -1 -1000 -1000 -1000 -10
37 7278 car 0 0 -1 750.6682230908892 180.56516531948878 779.7138578015046 204.42586124839787 -1 -1 -1 -1000 -1000 -1000 -10
38 7279 DontCare 0 0 -1 1188.8059268962231 146.74517265853706 1260.6697011562544 244.2274998633941 -1 -1 -1 -1000 -1000 -1000 -10
38 7278 car 0 0 -1 751.150244539145 181.16310584610574 779.4588815827065 204.3670113819304 -1 -1 -1 -1000 -1000 -1000 -10
39 7278 car 0 0 -1 751.4006677234496 181.33816646774576 779.1676795421384 203.77163940172366 -1 -1 -1 -1000 -1000 -1000 -10
40 7282 car 0 0 -1 652.8186833882497 181.05835106229202 686.2867190306837 205.94164893770764 -1 -1 -1 -1000 -1000 -1000 -10
40 7278 car 0 0 -1 751.3592264791275 181.99523446629073 778.4445368763829 203.58461052024106 -1 -1 -1 -1000 -1000 -1000 -10
41 7282 car 0 0 -1 652.851165381441 181.08097723540334 686.0583693025033 205.91902276459558 -1 -1 -1 -1000 -1000 -1000 -10
41 7278 car 0 0 -1 751.4139609764063 182.39421563002796 777.9832900450203 203.36711964830104 -1 -1 -1 -1000 -1000 -1000 -10
42 7278 car 0 0 -1 752.10146463404 182.65394809335245 778.2868086914204 203.17861206621862 -1 -1 -1 -1000 -1000 -1000 -10
43 7278 car 0 0 -1 752.0327471167756 183.28595228777988 777.3749059776518 203.2030225604318 -1 -1 -1 -1000 -1000 -1000 -10
44 7278 car 0 0 -1 752.107540162288 183.63777417062167 776.8267346811159 203.1033712185547 -1 -1 -1 -1000 -1000 -1000 -10
45 7278 car 0 0 -1 752.0167421292992 184.03652168608076 776.0153802872383 203.4293292468387 -1 -1 -1 -1000 -1000 -1000 -10
46 7278 car 0 0 -1 751.4325658449939 183.57395723419626 774.9115267007137 202.91630879647647 -1 -1 -1 -1000 -1000 -1000 -10
47 7282 car 0 0 -1 653.0922301103909 181.01364012685178 686.5609162207487 205.9863598731481 -1 -1 -1 -1000 -1000 -1000 -10
47 7278 car 0 0 -1 751.2540976827958 183.40503474107135 774.3596833405342 202.7142401941274 -1 -1 -1 -1000 -1000 -1000 -10
48 7278 car 0 0 -1 751.2070638212389 183.3449679220772 774.045752022604 202.6341086198502 -1 -1 -1 -1000 -1000 -1000 -10
49 7278 car 0 0 -1 751.1935426294264 183.32409274170325 773.842763708372 202.60285149933284 -1 -1 -1 -1000 -1000 -1000 -10
50 7278 car 0 0 -1 751.1810817161345 183.31648356744353 773.697087755042 202.59189920036016 -1 -1 -1 -1000 -1000 -1000 -10
56 7283 car 0 0 -1 652.8186833882496 181.0606851047841 686.2867190306838 206.9393148952161 -1 -1 -1 -1000 -1000 -1000 -10
70 7284 car 0 0 -1 653.0101847198457 180.94658190057356 687.0240869564141 206.37936522506232 -1 -1 -1 -1000 -1000 -1000 -10
71 7284 car 0 0 -1 652.8833906048818 180.9432666125783 686.4847447707886 206.1733115912376 -1 -1 -1 -1000 -1000 -1000 -10
72 7284 car 0 0 -1 652.877253204643 180.95870114768263 686.2476114300496 206.08135638338632 -1 -1 -1 -1000 -1000 -1000 -10
77 7284 car 0 0 -1 653.0701079487878 180.97878955496256 686.6045792467289 206.3268991586509 -1 -1 -1 -1000 -1000 -1000 -10
