0 7469 car 0 0 -1 1007.0 153.0 1215.0 237.0 -1 -1 -1 -1000 -1000 -1000 -10
0 7468 car 0 0 -1 480.0 166.0 516.0 193.0 -1 -1 -1 -1000 -1000 -1000 -10
1 7471 pedestrian 0 0 -1 952.0 152.0 984.0 221.0 -1 -1 -1 -1000 -1000 -1000 -10
1 7470 pedestrian 0 0 -1 930.0 156.0 957.0 219.0 -1 -1 -1 -1000 -1000 -1000 -10
1 7469 car 0 0 -1 1022.5022263399845 151.3086347061498 1216.683703308256 228.1888527310361 -1 -1 -1 -1000 -1000 -1000 -10
1 7468 car 0 0 -1 480.00000000000045 165.99999999999994 516.0000000000003 193.0 -1 -1 -1 -1000 -1000 -1000 -10
2 7469 car 0 0 -1 1028.4150098335765 150.07681030556972 1216.0309642203977 218.55242624564215 -1 -1 -1 -1000 -1000 -1000 -10
2 7468 car 0 0 -1 479.71458395839386 166.2476247417114 515.3908184605352 193.6469728393561 -1 -1 -1 -1000 -1000 -1000 -10
3 7471 pedestrian 0 0 -1 954.5038438577423 152.56366747590232 982.6979567533762 218.64713736196114 -1 -1 -1 -1000 -1000 -1000 -10
3 7469 car 0 0 -1 1037.3265805081624 150.621352960124 1218.615852631182 215.06604219683163 -1 -1 -1 -1000 -1000 -1000 -10
3 7468 car 0 0 -1 479.88085292822285 166.17383008065073 515.8580540439648 193.9166352354068 -1 -1 -1 -1000 -1000 -1000 -10
4 7471 pedestrian 0 0 -1 953.4488107925289 152.65744295940013 982.7200996173898 221.47911556146775 -1 -1 -1 -1000 -1000 -1000 -10
4 7469 car 0 0 -1 1034.8799584381889 151.7151921619108 1218.4807183083833 216.6497277756145 -1 -1 -1 -1000 -1000 -1000 -10
4 7468 car 0 0 -1 481.01696305405716 165.99101511825253 518.0068653051408 194.12627188572972 -1 -1 -1 -1000 -1000 -1000 -10
5 7471 pedestrian 0 0 -1 952.9808391819439 154.38436335166475 982.1474128970079 222.9048590573403 -1 -1 -1 -1000 -1000 -1000 -10
5 7468 car 0 0 -1 481.2469609170505 165.9059993321455 518.7888694735775 194.20173983485458 -1 -1 -1 -1000 -1000 -1000 -10
6 7471 pedestrian 0 0 -1 953.2307648073903 156.73359894807663 980.8684427635261 222.2289119196506 -1 -1 -1 -1000 -1000 -1000 -10
6 7470 pedestrian 0 0 -1 935.7536486327863 160.6134304452974 960.0979416127966 220.52925456475282 -1 -1 -1 -1000 -1000 -1000 -10
6 7468 car 0 0 -1 480.48705961990186 166.60549187275913 516.2929848433419 194.19609474445903 -1 -1 -1 -1000 -1000 -1000 -10
7 7470 pedestrian 0 0 -1 935.9414900639655 161.29461886154823 959.7407593655502 220.91940110774848 -1 -1 -1 -1000 -1000 -1000 -10
7 7468 car 0 0 -1 480.8744886959692 166.9854981378336 516.8036303386818 194.74163680471912 -1 -1 -1 -1000 -1000 -1000 -10
8 7469 car 0 0 -1 1025.3254732982095 153.03761160333647 1215.3332444714829 216.22973068589192 -1 -1 -1 -1000 -1000 -1000 -10
8 7468 car 0 0 -1 481.1057411765252 167.2243267678939 517.5677282498051 195.50268593135962 -1 -1 -1 -1000 -1000 -1000 -10
9 7469 car 0 0 -1 1025.0655978959776 153.78369527939438 1215.8704366350667 216.27282228738417 -1 -1 -1 -1000 -1000 -1000 -10
9 7468 car 0 0 -1 481.12062411927366 167.23330600669667 517.9045952811188 195.84283524337357 -1 -1 -1 -1000 -1000 -1000 -10
10 7469 car 0 0 -1 1026.464628419585 153.82427093875242 1217.8963261878812 216.55246539162312 -1 -1 -1 -1000 -1000 -1000 -10
10 7468 car 0 0 -1 481.4834875380876 168.22266034546084 517.6577754313846 196.2955005696569 -1 -1 -1 -1000 -1000 -1000 -10
11 7469 car 0 0 -1 1036.571014088571 153.81538391662 1222.2552889605543 216.04804305702297 -1 -1 -1 -1000 -1000 -1000 -10
11 7468 car 0 0 -1 482.19783303087974 168.02392854913143 517.6341280874174 195.69438394994694 -1 -1 -1 -1000 -1000 -1000 -10
12 7468 car 0 0 -1 483.7071356733661 167.45951721840854 519.6513192596844 195.2870566476315 -1 -1 -1 -1000 -1000 -1000 -10
13 7468 car 0 0 -1 485.17855427371853 167.73742573941885 520.7956563527907 195.28511742858817 -1 -1 -1 -1000 -1000 -1000 -10
14 7468 car 0 0 -1 486.8795103615263 168.07150082662176 522.0092797488079 195.69627001036767 -1 -1 -1 -1000 -1000 -1000 -10
15 7471 pedestrian 0 0 -1 947.3719193363384 154.16564535300074 979.0131519655572 228.89390815793382 -1 -1 -1 -1000 -1000 -1000 -10
15 7468 car 0 0 -1 489.3638889006123 168.83930952534197 523.8387113145276 196.49613653039435 -1 -1 -1 -1000 -1000 -1000 -10
16 7471 pedestrian 0 0 -1 943.9024639738545 156.52441747671034 983.2416072407461 249.59711724838397 -1 -1 -1 -1000 -1000 -1000 -10
16 7468 car 0 0 -1 492.17849255988955 168.59557310308017 527.1456954363998 196.67870120676545 -1 -1 -1 -1000 -1000 -1000 -10
17 7471 pedestrian 0 0 -1 945.3774841276927 155.11999075148333 987.873993153554 253.0700001863981 -1 -1 -1 -1000 -1000 -1000 -10
17 7468 car 0 0 -1 494.39724158087506 167.8481852026844 528.5013616985167 196.1068742160783 -1 -1 -1 -1000 -1000 -1000 -10
18 7468 car 0 0 -1 496.97393138627325 167.67115177415027 531.0962346772869 196.41802372444678 -1 -1 -1 -1000 -1000 -1000 -10
19 7473 pedestrian 0 0 -1 959.6505873305963 149.9572721277326 1005.1809806632704 245.61475758722827 -1 -1 -1 -1000 -1000 -1000 -10
19 7468 car 0 0 -1 500.6694991404136 167.50034790594924 535.09088968336 196.63396263930008 -1 -1 -1 -1000 -1000 -1000 -10
20 7471 pedestrian 0 0 -1 960.9366938768136 147.7547620811729 1000.3950684057758 230.54992792096826 -1 -1 -1 -1000 -1000 -1000 -10
20 7468 car 0 0 -1 504.90686956500303 166.70387363892783 540.126551936236 196.16399178076696 -1 -1 -1 -1000 -1000 -1000 -10
21 7471 pedestrian 0 0 -1 968.35196693804 148.7856097349516 1006.0861379297048 226.8647350914885 -1 -1 -1 -1000 -1000 -1000 -10
21 7468 car 0 0 -1 508.2370765360702 166.05580795200515 544.1048764422892 196.3265710267743 -1 -1 -1 -1000 -1000 -1000 -10
22 7471 pedestrian 0 0 -1 975.083546260357 149.90155411404442 1011.2871236561737 224.74597009912048 -1 -1 -1 -1000 -1000 -1000 -10
22 7468 car 0 0 -1 511.8023475319107 166.2771511793666 547.7306372575534 195.9176535565213 -1 -1 -1 -1000 -1000 -1000 -10
23 7468 car 0 0 -1 515.3460474507688 165.68414372600554 551.9626390691653 195.80072200564356 -1 -1 -1 -1000 -1000 -1000 -10
24 7468 car 0 0 -1 519.4433375663972 165.9968477908153 557.1273246965421 196.486658013897 -1 -1 -1 -1000 -1000 -1000 -10
25 7468 car 0 0 -1 522.5498809104512 165.72744816102772 561.9365483734626 197.13440286041345 -1 -1 -1 -1000 -1000 -1000 -10
26 7471 pedestrian 0 0 -1 999.0873858070341 150.85653329841227 1034.0728535363926 222.5596462383446 -1 -1 -1 -1000 -1000 -1000 -10
26 7468 car 0 0 -1 525.9442310771511 165.02280021864664 566.5741506537539 197.34709595507456 -1 -1 -1 -1000 -1000 -1000 -10
27 7471 pedestrian 0 0 -1 1003.5503501525277 151.36692889719367 1041.175267017145 223.70203342343737 -1 -1 -1 -1000 -1000 -1000 -10
27 7468 car 0 0 -1 528.7769688641066 164.11174448903748 571.1794533786905 197.43557590949067 -1 -1 -1 -1000 -1000 -1000 -10
28 7468 car 0 0 -1 529.1938798035868 164.26468611982696 572.276388182196 198.23324697532345 -1 -1 -1 -1000 -1000 -1000 -10
29 7468 car 0 0 -1 529.5322277811633 164.54551959149188 573.726422162508 199.57760779460574 -1 -1 -1 -1000 -1000 -1000 -10
30 7468 car 0 0 -1 527.4172885533281 165.42256595459497 573.3146707215232 201.84471540612748 -1 -1 -1 -1000 -1000 -1000 -10
31 7468 car 0 0 -1 522.6708027932737 167.10588183003793 568.8460523684425 203.88183286230017 -1 -1 -1 -1000 -1000 -1000 -10
32 7468 car 0 0 -1 516.3830450417288 168.31863119154292 562.7491275082739 205.34487502967374 -1 -1 -1 -1000 -1000 -1000 -10
33 7476 pedestrian 0 0 -1 979.9184377480707 159.86119819566872 1023.5207355244064 242.15612246434247 -1 -1 -1 -1000 -1000 -1000 -10
33 7468 car 0 0 -1 508.56033444776017 166.90751720468796 555.7299666990089 205.2497446442702 -1 -1 -1 -1000 -1000 -1000 -10
34 7468 car 0 0 -1 504.2238156261196 165.28202261358055 551.859929770175 203.14611188246138 -1 -1 -1 -1000 -1000 -1000 -10
35 7468 car 0 0 -1 489.84984279801415 164.83791105511946 539.1571216820525 204.68286693726404 -1 -1 -1 -1000 -1000 -1000 -10
36 7477 car 0 0 -1 478.8009679607771 165.5924742584436 527.3822921941847 205.88951787363828 -1 -1 -1 -1000 -1000 -1000 -10
36 7468 car 0 0 -1 475.5700945548145 166.4334520713533 525.4755363609071 207.90590195255746 -1 -1 -1 -1000 -1000 -1000 -10
37 7477 car 0 0 -1 472.2283818835155 165.59624177969147 517.0284614879718 202.53001002909286 -1 -1 -1 -1000 -1000 -1000 -10
37 7468 car 0 0 -1 459.83933191719973 167.07443856696403 511.03789889916095 210.35689596255622 -1 -1 -1 -1000 -1000 -1000 -10
38 7477 car 0 0 -1 461.827904925176 165.51197809965828 503.44401964974577 200.08447448123707 -1 -1 -1 -1000 -1000 -1000 -10
38 7468 car 0 0 -1 448.03593198648446 166.1472541903706 500.02075827504757 209.31543748474027 -1 -1 -1 -1000 -1000 -1000 -10
39 7478 car 0 0 -1 1164.6090158500015 152.6369971556062 1220.9328267357591 227.15484513737516 -1 -1 -1 -1000 -1000 -1000 -10
39 7477 car 0 0 -1 445.4410726381688 164.45503629776687 487.4358191348488 199.6499537178691 -1 -1 -1 -1000 -1000 -1000 -10
39 7468 car 0 0 -1 436.42675266961004 163.9345031543669 487.85349609130225 207.00227169596326 -1 -1 -1 -1000 -1000 -1000 -10
40 7479 car 0 0 -1 396.12628207276157 161.60045288013492 454.2402405794393 213.46575466944626 -1 -1 -1 -1000 -1000 -1000 -10
40 7478 DontCare 0 0 -1 1149.253609509336 143.84248367177452 1219.8958676912052 229.30211769297892 -1 -1 -1 -1000 -1000 -1000 -10
40 7477 car 0 0 -1 428.9441344141201 162.79547756646932 471.24937653419397 198.73598171118024 -1 -1 -1 -1000 -1000 -1000 -10
40 7476 pedestrian 0 0 -1 887.4863131165907 153.05426656864796 922.5097181433698 221.34866245407392 -1 -1 -1 -1000 -1000 -1000 -10
41 7479 car 0 0 -1 374.02852038042056 162.08803866798792 435.8501898379801 215.91539783155827 -1 -1 -1 -1000 -1000 -1000 -10
41 7478 DontCare 0 0 -1 1135.5245953236267 145.02133259861273 1218.0821842008977 233.72929875551472 -1 -1 -1 -1000 -1000 -1000 -10
41 7477 car 0 0 -1 404.96282797059905 161.9255705938074 450.83366035290874 199.45349497828946 -1 -1 -1 -1000 -1000 -1000 -10
41 7476 pedestrian 0 0 -1 873.2838812440596 154.60406480830937 907.6319358556325 222.37463486810674 -1 -1 -1 -1000 -1000 -1000 -10
42 7479 car 0 0 -1 348.53273680516645 164.02157420940148 413.91475045474874 220.25271674611395 -1 -1 -1 -1000 -1000 -1000 -10
42 7478 car 0 0 -1 1118.960458391835 147.94875723724402 1215.7448778786352 237.30138591719788 -1 -1 -1 -1000 -1000 -1000 -10
42 7477 car 0 0 -1 385.45832513858835 164.87745564822507 430.2115247583325 201.95045724283256 -1 -1 -1 -1000 -1000 -1000 -10
42 7476 DontCare 0 0 -1 851.0571730650465 154.77193393067557 888.2882861264959 223.1934390200778 -1 -1 -1 -1000 -1000 -1000 -10
43 7479 car 0 0 -1 319.28312063098167 165.94185793082843 388.9519002221382 226.11817885538844 -1 -1 -1 -1000 -1000 -1000 -10
43 7477 car 0 0 -1 358.9711440196818 166.35686808475248 403.45850911143 203.84638836821904 -1 -1 -1 -1000 -1000 -1000 -10
43 7476 pedestrian 0 0 -1 831.5018463837808 157.25683806076233 866.8509629826741 225.00221135386278 -1 -1 -1 -1000 -1000 -1000 -10
44 7482 DontCare 0 0 -1 1066.4540711898235 157.71381083334853 1216.7350164006366 237.16277829423308 -1 -1 -1 -1000 -1000 -1000 -10
44 7479 car 0 0 -1 287.244993736693 166.42119643624218 361.3537097550718 230.25675661231182 -1 -1 -1 -1000 -1000 -1000 -10
44 7477 car 0 0 -1 327.74653548392206 167.06339508479584 373.5011681941235 205.7237010288411 -1 -1 -1 -1000 -1000 -1000 -10
45 7482 DontCare 0 0 -1 1038.495382488953 157.78599202321743 1209.224989731345 239.3216445298712 -1 -1 -1 -1000 -1000 -1000 -10
45 7479 car 0 0 -1 250.62396596141676 167.19027191991466 330.5067576825471 235.09449029086653 -1 -1 -1 -1000 -1000 -1000 -10
45 7477 car 0 0 -1 292.02200153842904 168.59817836309432 341.3398361463289 209.1027002933881 -1 -1 -1 -1000 -1000 -1000 -10
46 7482 DontCare 0 0 -1 1004.7386264265704 159.46836234805602 1181.8529694574247 239.67073209563898 -1 -1 -1 -1000 -1000 -1000 -10
46 7479 car 0 0 -1 207.59037320625197 168.5034478924476 294.71145575239916 241.75909472441836 -1 -1 -1 -1000 -1000 -1000 -10
46 7477 car 0 0 -1 253.4539584830711 169.64872232207819 305.1192013254494 212.49663700412526 -1 -1 -1 -1000 -1000 -1000 -10
47 7482 DontCare 0 0 -1 968.2613733009337 161.19033532142026 1146.3877717611 239.9373427808327 -1 -1 -1 -1000 -1000 -1000 -10
47 7479 car 0 0 -1 157.69157912639096 171.30496822647262 253.89763242679473 249.7706569015129 -1 -1 -1 -1000 -1000 -1000 -10
48 7482 DontCare 0 0 -1 930.6401650468422 162.65875585290445 1107.121860560254 239.7415355030398 -1 -1 -1 -1000 -1000 -1000 -10
48 7479 car 0 0 -1 98.91781837087586 173.39688728683728 207.25668721143154 258.81690073781755 -1 -1 -1 -1000 -1000 -1000 -10
49 7482 DontCare 0 0 -1 890.4118541267505 162.4115617431028 1065.0604680525337 237.57117282114504 -1 -1 -1 -1000 -1000 -1000 -10
49 7479 car 0 0 -1 33.07505965772101 173.56201369529109 155.96056624874166 266.5715642974579 -1 -1 -1 -1000 -1000 -1000 -10
50 7482 DontCare 0 0 -1 851.6941843405359 161.38010083161984 1021.2841914642763 234.93630668563802 -1 -1 -1 -1000 -1000 -1000 -10
50 7479 car 0 0 -1 -7.270540532204109 176.89425409436302 110.52250369552343 274.5400085069074 -1 -1 -1 -1000 -1000 -1000 -10
51 7482 DontCare 0 0 -1 813.5867224902428 159.90751028028927 979.074441474104 232.3407208273465 -1 -1 -1 -1000 -1000 -1000 -10
51 7479 car 0 0 -1 -30.475633084111216 189.29779116039697 63.685708618155495 285.77083226314886 -1 -1 -1 -1000 -1000 -1000 -10
52 7482 DontCare 0 0 -1 776.742493561574 158.40527300204923 938.543776275693 230.33097281321847 -1 -1 -1 -1000 -1000 -1000 -10
53 7482 DontCare 0 0 -1 739.4313487193184 156.6100949385666 898.3374588642615 228.1843548238224 -1 -1 -1 -1000 -1000 -1000 -10
54 7482 DontCare 0 0 -1 700.5099812558667 156.13399914627965 858.4428148821644 227.85830253949982 -1 -1 -1 -1000 -1000 -1000 -10
55 7482 DontCare 0 0 -1 664.322477671241 156.62197509963354 820.6048284940833 228.39685362205117 -1 -1 -1 -1000 -1000 -1000 -10
56 7482 DontCare 0 0 -1 625.2710225298267 158.06388760346888 781.609231611437 229.9601484703716 -1 -1 -1 -1000 -1000 -1000 -10
57 7482 DontCare 0 0 -1 588.6884348708388 159.41541658138829 745.13530955118 231.6985411481399 -1 -1 -1 -1000 -1000 -1000 -10
58 7482 DontCare 0 0 -1 549.8084198844681 160.73212776961958 707.0485293147533 234.78251902040648 -1 -1 -1 -1000 -1000 -1000 -10
59 7482 DontCare 0 0 -1 506.05183090187046 162.96331069917744 665.9462675736796 238.72128542880125 -1 -1 -1 -1000 -1000 -1000 -10
60 7482 DontCare 0 0 -1 465.7657634164689 163.42495960993878 627.4068288475996 241.23343487805883 -1 -1 -1 -1000 -1000 -1000 -10
61 7482 DontCare 0 0 -1 416.98487671232283 162.54878631254974 583.6574710417564 243.2255658436232 -1 -1 -1 -1000 -1000 -1000 -10
62 7524 car 0 0 -1 1050.488120119046 176.46395597830295 1141.6813665233267 225.93646845269737 -1 -1 -1 -1000 -1000 -1000 -10
62 7522 car 0 0 -1 1090.923383714037 178.7533593876629 1209.545363394718 292.70426836617474 -1 -1 -1 -1000 -1000 -1000 -10
62 7482 DontCare 0 0 -1 366.23009342221695 161.69852663075133 539.9207227396124 245.76424393561038 -1 -1 -1 -1000 -1000 -1000 -10
63 7524 car 0 0 -1 999.8224057627583 177.21165794977145 1083.5637460459059 223.8444676787766 -1 -1 -1 -1000 -1000 -1000 -10
63 7522 car 0 0 -1 1045.9587718752366 179.5468429144286 1184.6903745683 291.2038156792013 -1 -1 -1 -1000 -1000 -1000 -10
63 7482 DontCare 0 0 -1 311.0002042838886 161.99450132589004 494.2126955118757 248.64838072806225 -1 -1 -1 -1000 -1000 -1000 -10
64 7524 car 0 0 -1 949.1118390944049 181.03321444259157 1016.92188881545 222.99168992916887 -1 -1 -1 -1000 -1000 -1000 -10
64 7522 car 0 0 -1 1000.8238460818218 182.32829644459107 1141.5686913074044 290.05149424324316 -1 -1 -1 -1000 -1000 -1000 -10
64 7482 DontCare 0 0 -1 252.50204267686567 161.5438809977677 446.18444713403403 252.20473294822511 -1 -1 -1 -1000 -1000 -1000 -10
65 7524 car 0 0 -1 905.2166979514001 182.3071590591317 963.8722346463779 222.05357135171428 -1 -1 -1 -1000 -1000 -1000 -10
65 7522 car 0 0 -1 964.920020137757 185.42915583300731 1116.5595877427818 294.2216999521619 -1 -1 -1 -1000 -1000 -1000 -10
65 7512 car 0 0 -1 958.2726576404688 186.36227066732596 1063.3110563431965 252.19756075379178 -1 -1 -1 -1000 -1000 -1000 -10
65 7482 DontCare 0 0 -1 188.46517793881145 159.51082306299207 396.5299064643087 254.76713644862906 -1 -1 -1 -1000 -1000 -1000 -10
66 7524 car 0 0 -1 868.882537616719 181.56722406986447 923.8949670547647 221.547323226486 -1 -1 -1 -1000 -1000 -1000 -10
66 7522 car 0 0 -1 930.8198984273291 185.5118185717939 1092.6989959816283 295.93481071004345 -1 -1 -1 -1000 -1000 -1000 -10
66 7512 car 0 0 -1 919.0547704030113 184.57798579391294 1025.2485090459 253.57019930391073 -1 -1 -1 -1000 -1000 -1000 -10
66 7482 DontCare 0 0 -1 116.43201002327636 158.87179910300412 343.30466044263255 260.674397616943 -1 -1 -1 -1000 -1000 -1000 -10
67 7524 car 0 0 -1 834.4065788578756 179.16354142318136 886.6544951427242 219.4022619548668 -1 -1 -1 -1000 -1000 -1000 -10
67 7522 car 0 0 -1 898.5232431101942 184.14940572980134 1070.7162488772958 295.82785773006106 -1 -1 -1 -1000 -1000 -1000 -10
67 7512 car 0 0 -1 884.5339752433044 181.8992328151395 992.9236026108119 253.0376829086669 -1 -1 -1 -1000 -1000 -1000 -10
67 7482 DontCare 0 0 -1 40.65689450255448 158.7814590824013 290.7512360537514 269.0995920307505 -1 -1 -1 -1000 -1000 -1000 -10
68 7524 car 0 0 -1 805.2683805308988 176.72296740395777 856.3132247686093 216.17075359947026 -1 -1 -1 -1000 -1000 -1000 -10
68 7522 car 0 0 -1 867.8961071407133 182.8327384491415 1041.4561424948395 294.5488563633653 -1 -1 -1 -1000 -1000 -1000 -10
68 7512 car 0 0 -1 854.5902133263588 178.4912892188546 965.4611098530971 252.31653920241195 -1 -1 -1 -1000 -1000 -1000 -10
68 7482 DontCare 0 0 -1 -3.2614891597895195 158.44922549935688 248.970777758132 275.7555636836676 -1 -1 -1 -1000 -1000 -1000 -10
69 7524 car 0 0 -1 779.3851716177402 174.9896238656951 829.5193096919239 214.5535481632763 -1 -1 -1 -1000 -1000 -1000 -10
69 7522 car 0 0 -1 849.2171468659709 182.75574824941495 1027.092715675421 295.6832106471047 -1 -1 -1 -1000 -1000 -1000 -10
69 7512 car 0 0 -1 829.319556358712 177.01122138749236 944.9464063493643 254.74317085643645 -1 -1 -1 -1000 -1000 -1000 -10
69 7482 DontCare 0 0 -1 -29.121293981252634 156.9817909871851 209.1650243686289 280.8757244916905 -1 -1 -1 -1000 -1000 -1000 -10
70 7524 car 0 0 -1 743.7171015764214 170.94547855821816 787.4585715103532 206.13058815182256 -1 -1 -1 -1000 -1000 -1000 -10
70 7522 car 0 0 -1 837.3197410687279 182.0352912810471 1029.5316469003692 299.4569120931902 -1 -1 -1 -1000 -1000 -1000 -10
70 7512 car 0 0 -1 810.2011517563585 175.03675330591435 932.5270049133564 255.60740192723827 -1 -1 -1 -1000 -1000 -1000 -10
71 7535 DontCare 0 0 -1 -18.958969152214536 142.53010489096368 97.98756612908112 279.1081347158531 -1 -1 -1 -1000 -1000 -1000 -10
71 7534 car 0 0 -1 468.6761102033661 165.94144882425562 523.7894589430077 198.64594572675927 -1 -1 -1 -1000 -1000 -1000 -10
71 7522 car 0 0 -1 825.8417801778012 182.92815894811713 1029.39186496601 306.29574902932336 -1 -1 -1 -1000 -1000 -1000 -10
71 7512 car 0 0 -1 795.5786087306287 173.18451250986638 924.7986900798869 255.61406430486485 -1 -1 -1 -1000 -1000 -1000 -10
72 7536 car 0 0 -1 739.6133107247181 173.06154559042062 789.8437850264459 215.57404805668887 -1 -1 -1 -1000 -1000 -1000 -10
72 7534 car 0 0 -1 441.74133198601567 167.78632846454028 498.21356414045977 201.543180910642 -1 -1 -1 -1000 -1000 -1000 -10
72 7522 car 0 0 -1 816.6229219858498 184.20992503826028 1027.9165668301796 313.13518140823885 -1 -1 -1 -1000 -1000 -1000 -10
72 7512 car 0 0 -1 783.7625973903973 173.78664997018234 916.956505487128 258.7942685418559 -1 -1 -1 -1000 -1000 -1000 -10
73 7536 car 0 0 -1 726.9811481500376 175.48497349090394 777.2052938621719 217.88890989138372 -1 -1 -1 -1000 -1000 -1000 -10
73 7534 car 0 0 -1 416.75896762421627 170.54821274215516 476.8746403322046 206.17134099944195 -1 -1 -1 -1000 -1000 -1000 -10
73 7522 car 0 0 -1 813.9190427883127 186.39534140720932 1040.9632496003578 323.0963817330411 -1 -1 -1 -1000 -1000 -1000 -10
73 7512 car 0 0 -1 771.3304408503668 175.98433088264215 907.4066555167278 264.44037739516153 -1 -1 -1 -1000 -1000 -1000 -10
74 7536 car 0 0 -1 718.7763056676097 177.00828760737488 769.5802165228274 219.88426083940226 -1 -1 -1 -1000 -1000 -1000 -10
74 7534 car 0 0 -1 393.1189033652522 172.14038597657958 456.68394067899567 209.66237968820997 -1 -1 -1 -1000 -1000 -1000 -10
74 7522 car 0 0 -1 810.8662192588934 189.25950128128235 1051.6354685688327 334.49670096833165 -1 -1 -1 -1000 -1000 -1000 -10
74 7512 car 0 0 -1 764.893110149523 176.9840320350026 905.1718498992232 268.2640120348242 -1 -1 -1 -1000 -1000 -1000 -10
75 7536 car 0 0 -1 711.0160313349152 176.8508971303659 763.2299505604478 220.9922597698663 -1 -1 -1 -1000 -1000 -1000 -10
75 7534 car 0 0 -1 369.4320263416597 171.31899034999196 437.2687699744746 211.27586674222994 -1 -1 -1 -1000 -1000 -1000 -10
75 7522 car 0 0 -1 816.200022522541 192.73934891851567 1077.3090323077427 351.8605486933817 -1 -1 -1 -1000 -1000 -1000 -10
75 7512 car 0 0 -1 761.9118249227604 178.37278735447182 906.995574290796 273.13494458303904 -1 -1 -1 -1000 -1000 -1000 -10
76 7538 car 0 0 -1 537.5692383479029 175.2616321523125 567.0536411074111 194.44016904437674 -1 -1 -1 -1000 -1000 -1000 -10
76 7536 car 0 0 -1 703.8191486959713 177.58814312119281 757.4249050455353 223.26991298186655 -1 -1 -1 -1000 -1000 -1000 -10
76 7534 car 0 0 -1 347.4993597414819 170.95430316451703 419.0686098533059 213.11018972224034 -1 -1 -1 -1000 -1000 -1000 -10
76 7522 car 0 0 -1 825.6093705102154 192.04318745496914 1113.9690548092349 362.9251361061889 -1 -1 -1 -1000 -1000 -1000 -10
76 7512 car 0 0 -1 761.817330811205 179.10812111246418 914.4684422462983 279.1944437755358 -1 -1 -1 -1000 -1000 -1000 -10
77 7538 car 0 0 -1 526.8692568157604 175.76091224898425 556.3498103686728 194.98142932688808 -1 -1 -1 -1000 -1000 -1000 -10
77 7536 car 0 0 -1 698.3373414705576 177.8578326709456 753.6419800939155 225.32661360592826 -1 -1 -1 -1000 -1000 -1000 -10
77 7534 car 0 0 -1 321.84958496496193 171.93545770521794 397.40182735878096 215.90861144301934 -1 -1 -1 -1000 -1000 -1000 -10
77 7522 car 0 0 -1 837.9042965559722 190.2028418809757 1162.8648505338683 369.2250897285163 -1 -1 -1 -1000 -1000 -1000 -10
77 7512 car 0 0 -1 764.2243104637017 179.67085819991505 928.3462411232509 286.26304619928436 -1 -1 -1 -1000 -1000 -1000 -10
78 7538 car 0 0 -1 514.2198817327526 175.9930088019405 546.3195223478583 196.58152006860382 -1 -1 -1 -1000 -1000 -1000 -10
78 7536 car 0 0 -1 693.9015647781221 177.9865372309937 750.7028345119236 227.2862049374849 -1 -1 -1 -1000 -1000 -1000 -10
78 7534 car 0 0 -1 296.5346585702441 172.67433509508805 378.2039435695111 219.7811196117314 -1 -1 -1 -1000 -1000 -1000 -10
78 7522 car 0 0 -1 843.0120684993817 188.42844276553168 1190.4338131299824 371.29774884241965 -1 -1 -1 -1000 -1000 -1000 -10
78 7512 car 0 0 -1 766.5434562090666 179.66555607851203 941.0964438585695 291.0052476658299 -1 -1 -1 -1000 -1000 -1000 -10
79 7538 car 0 0 -1 504.56485233002246 175.8391171804736 537.3880868381906 196.5487616556321 -1 -1 -1 -1000 -1000 -1000 -10
79 7536 car 0 0 -1 691.0567821072644 177.24936949404338 748.777072560058 228.01611268116034 -1 -1 -1 -1000 -1000 -1000 -10
79 7534 car 0 0 -1 270.88135149268425 172.606434526152 358.37314341735845 222.0955844459557 -1 -1 -1 -1000 -1000 -1000 -10
79 7522 car 0 0 -1 848.5514997549958 188.00580242026365 1207.2766013740065 373.013831269095 -1 -1 -1 -1000 -1000 -1000 -10
79 7512 car 0 0 -1 769.8135643814654 179.43513933676104 958.7389111922602 296.7909681944789 -1 -1 -1 -1000 -1000 -1000 -10
80 7538 car 0 0 -1 495.4263675537294 175.20222516836486 529.1872568168034 196.37697446299165 -1 -1 -1 -1000 -1000 -1000 -10
80 7536 car 0 0 -1 687.0638220320698 174.81699742393516 743.5452740669039 223.70743615192572 -1 -1 -1 -1000 -1000 -1000 -10
80 7534 car 0 0 -1 244.04779007405077 172.2799106149155 338.706306919474 225.12239305542576 -1 -1 -1 -1000 -1000 -1000 -10
80 7522 car 0 0 -1 862.7229542927365 187.36879145635538 1221.0851972574046 374.0511780953448 -1 -1 -1 -1000 -1000 -1000 -10
80 7512 car 0 0 -1 774.8855317477302 179.6751186929293 978.6260540330048 302.41441564697953 -1 -1 -1 -1000 -1000 -1000 -10
81 7538 car 0 0 -1 487.5598183807508 174.95940427375467 521.4720123748227 196.31334082901975 -1 -1 -1 -1000 -1000 -1000 -10
81 7536 car 0 0 -1 684.4727015178264 173.31433095867857 741.1683603129575 221.97749690777738 -1 -1 -1 -1000 -1000 -1000 -10
81 7534 car 0 0 -1 216.14716729499074 171.91919409372272 318.42450324484577 227.70135699466724 -1 -1 -1 -1000 -1000 -1000 -10
81 7522 car 0 0 -1 879.5744159059993 184.93798267713396 1230.429788125314 373.36103854420185 -1 -1 -1 -1000 -1000 -1000 -10
81 7512 car 0 0 -1 781.7314277853158 180.2562110539876 1002.6553868490133 312.9084737720115 -1 -1 -1 -1000 -1000 -1000 -10
82 7539 car 0 0 -1 693.1572366355048 174.7600393522323 755.3247554965766 231.029155809904 -1 -1 -1 -1000 -1000 -1000 -10
82 7538 car 0 0 -1 478.9870935797397 173.5805500849977 516.3904689109745 196.2096920931712 -1 -1 -1 -1000 -1000 -1000 -10
82 7536 car 0 0 -1 681.1188787767054 173.06679177707667 739.1238136939095 220.98296520043544 -1 -1 -1 -1000 -1000 -1000 -10
82 7534 car 0 0 -1 183.87784640491756 171.37751292487226 296.0242707334187 230.93912441966333 -1 -1 -1 -1000 -1000 -1000 -10
82 7522 car 0 0 -1 903.639345337691 174.84040880178944 1238.8237498666135 369.45681393807695 -1 -1 -1 -1000 -1000 -1000 -10
82 7512 car 0 0 -1 791.87955235169 180.14903616560923 1031.914157251657 323.51622406990265 -1 -1 -1 -1000 -1000 -1000 -10
83 7539 car 0 0 -1 692.7594304451038 173.91528620478584 758.1724273813963 232.26564442732752 -1 -1 -1 -1000 -1000 -1000 -10
83 7538 car 0 0 -1 471.3223915441654 174.0091536031764 511.0415955217161 196.57741512829483 -1 -1 -1 -1000 -1000 -1000 -10
83 7536 car 0 0 -1 679.7817191970066 173.41998761685934 738.779879201526 221.44849947655646 -1 -1 -1 -1000 -1000 -1000 -10
83 7534 car 0 0 -1 147.46959490800126 171.15034947771798 271.46660186044744 234.6942226162324 -1 -1 -1 -1000 -1000 -1000 -10
83 7512 car 0 0 -1 804.2241731412134 181.64424403953797 1070.399806750061 337.37811274805597 -1 -1 -1 -1000 -1000 -1000 -10
84 7539 car 0 0 -1 693.8490294028209 173.29892941502365 762.2880537422623 234.48036229075078 -1 -1 -1 -1000 -1000 -1000 -10
84 7538 car 0 0 -1 460.87618617712417 174.60652543552214 500.68211162745945 197.60540351967836 -1 -1 -1 -1000 -1000 -1000 -10
84 7536 car 0 0 -1 675.9301729933819 173.19093490343758 736.4567879320663 220.6715074954955 -1 -1 -1 -1000 -1000 -1000 -10
84 7534 car 0 0 -1 109.00340581894451 171.21812969353522 246.0022132574134 239.11403417058835 -1 -1 -1 -1000 -1000 -1000 -10
85 7539 car 0 0 -1 696.9346342477724 172.96564052663223 767.3164261610692 236.00409065735505 -1 -1 -1 -1000 -1000 -1000 -10
85 7538 car 0 0 -1 451.1016671775256 174.4023218009402 492.0660506906045 198.41110825219894 -1 -1 -1 -1000 -1000 -1000 -10
85 7534 car 0 0 -1 63.853890325628356 171.77126581440064 216.4793061097401 245.3422780284614 -1 -1 -1 -1000 -1000 -1000 -10
85 7522 car 0 0 -1 833.309599259584 170.9399912352363 1203.2252749092047 372.2611861907719 -1 -1 -1 -1000 -1000 -1000 -10
86 7540 car 0 0 -1 682.2167120158981 172.26192167220455 748.1688819239944 224.52727348993255 -1 -1 -1 -1000 -1000 -1000 -10
86 7539 car 0 0 -1 699.2458586025099 172.54762647128695 773.2422219753222 240.31774918246805 -1 -1 -1 -1000 -1000 -1000 -10
86 7538 car 0 0 -1 443.86316800391864 174.65276877936265 485.7516625274211 199.03407150650577 -1 -1 -1 -1000 -1000 -1000 -10
86 7534 car 0 0 -1 18.1708176578976 171.9324276409617 186.71978878866952 252.17677257914698 -1 -1 -1 -1000 -1000 -1000 -10
86 7522 car 0 0 -1 839.2919552729626 171.25282463839798 1215.4677106092709 373.45619565283823 -1 -1 -1 -1000 -1000 -1000 -10
87 7540 car 0 0 -1 685.7844743246538 172.3643799579968 756.1817306583347 228.13403982709815 -1 -1 -1 -1000 -1000 -1000 -10
87 7539 car 0 0 -1 702.3930951809443 172.1645529695078 781.0876518912428 243.39698886097565 -1 -1 -1 -1000 -1000 -1000 -10
87 7538 car 0 0 -1 435.66266420012465 175.66611997360351 478.92648811606244 200.95034904895934 -1 -1 -1 -1000 -1000 -1000 -10
87 7536 car 0 0 -1 665.3450298990388 172.66976583037302 720.825677073479 217.51838579174745 -1 -1 -1 -1000 -1000 -1000 -10
87 7534 car 0 0 -1 -7.976984155970257 174.8014648486227 159.66091414520116 260.2263050459589 -1 -1 -1 -1000 -1000 -1000 -10
87 7522 car 0 0 -1 851.6010390026097 171.1124914261306 1224.7353996077625 373.5019519887018 -1 -1 -1 -1000 -1000 -1000 -10
88 7540 car 0 0 -1 689.2838120988775 172.10835094090797 764.2139670345144 230.87766063512092 -1 -1 -1 -1000 -1000 -1000 -10
88 7539 car 0 0 -1 707.1208153813182 172.25911655073136 789.6174869989304 246.9238302355919 -1 -1 -1 -1000 -1000 -1000 -10
88 7538 car 0 0 -1 427.853997760019 176.2167340330754 473.0930709669604 202.79184136250416 -1 -1 -1 -1000 -1000 -1000 -10
88 7536 car 0 0 -1 664.3310038030871 174.15258388935186 720.6490577701603 217.89792647236666 -1 -1 -1 -1000 -1000 -1000 -10
88 7534 car 0 0 -1 -24.324892936095416 177.210162938985 129.95506800634521 267.004984474343 -1 -1 -1 -1000 -1000 -1000 -10
88 7522 car 0 0 -1 873.9288989080696 169.9277814356535 1234.1612869364435 373.35027734324126 -1 -1 -1 -1000 -1000 -1000 -10
89 7540 car 0 0 -1 691.7794040859811 171.90347795419825 770.8707434532065 233.21413405575976 -1 -1 -1 -1000 -1000 -1000 -10
89 7539 car 0 0 -1 712.4146752180368 171.9334236654608 800.3454673760725 249.84439034527702 -1 -1 -1 -1000 -1000 -1000 -10
89 7538 car 0 0 -1 419.5418816344659 176.84535858156912 466.9757684565059 204.34574561550377 -1 -1 -1 -1000 -1000 -1000 -10
89 7534 DontCare 0 0 -1 -36.15907658558646 177.21017022521855 93.32399892358492 269.77255562197865 -1 -1 -1 -1000 -1000 -1000 -10
89 7522 car 0 0 -1 902.4464052574438 167.63462458986118 1241.8769383927695 372.5726271366838 -1 -1 -1 -1000 -1000 -1000 -10
90 7541 car 0 0 -1 669.568929859818 176.25670986685742 725.7538198880712 217.9199386746722 -1 -1 -1 -1000 -1000 -1000 -10
90 7540 car 0 0 -1 693.9695339569766 172.48117290652738 777.0565238607408 236.07936721968093 -1 -1 -1 -1000 -1000 -1000 -10
90 7539 car 0 0 -1 719.2170519762689 172.5925119629409 813.1673274525687 254.06042971904733 -1 -1 -1 -1000 -1000 -1000 -10
90 7538 car 0 0 -1 411.72413438421813 177.24228551495875 461.993108496794 206.0472591845838 -1 -1 -1 -1000 -1000 -1000 -10
90 7522 car 0 0 -1 944.6435451265855 164.75640745520195 1252.1098218970378 371.09241736520823 -1 -1 -1 -1000 -1000 -1000 -10
91 7541 car 0 0 -1 675.3132773494243 176.53896608562735 733.6166934696233 219.93467771616315 -1 -1 -1 -1000 -1000 -1000 -10
91 7540 car 0 0 -1 698.7708288305508 172.12078411008582 785.9068541931248 238.23513019653677 -1 -1 -1 -1000 -1000 -1000 -10
91 7539 car 0 0 -1 725.4062669025591 173.85027146053412 826.5387420312356 259.82381124293323 -1 -1 -1 -1000 -1000 -1000 -10
91 7538 car 0 0 -1 401.65374023890706 177.67878198154128 454.07701203424597 207.03025434085058 -1 -1 -1 -1000 -1000 -1000 -10
91 7522 car 0 0 -1 1004.3389383751149 167.59458673837042 1264.8530059703342 372.8786921278609 -1 -1 -1 -1000 -1000 -1000 -10
92 7541 car 0 0 -1 681.2862144664383 177.80821191876413 741.6783852855216 223.7730736920215 -1 -1 -1 -1000 -1000 -1000 -10
92 7540 car 0 0 -1 704.2569991781965 173.2385060453477 797.9131019807272 242.4234531066197 -1 -1 -1 -1000 -1000 -1000 -10
92 7539 car 0 0 -1 734.4961903874948 174.49612080236022 842.1744734538861 265.00504553062086 -1 -1 -1 -1000 -1000 -1000 -10
92 7538 car 0 0 -1 390.263259664059 178.72914368847032 444.8783781662378 209.06618417959672 -1 -1 -1 -1000 -1000 -1000 -10
93 7542 car 0 0 -1 685.7683578338575 176.3278265545914 752.3550518674241 229.31677014812345 -1 -1 -1 -1000 -1000 -1000 -10
93 7541 car 0 0 -1 679.2879401411657 177.30002701513106 741.125892490414 223.80151018780808 -1 -1 -1 -1000 -1000 -1000 -10
93 7540 car 0 0 -1 707.7578411698101 173.3212352544218 805.8217300738041 245.52850189982874 -1 -1 -1 -1000 -1000 -1000 -10
93 7539 car 0 0 -1 743.7685719416874 174.9480974331653 861.4495644431873 272.5281581996064 -1 -1 -1 -1000 -1000 -1000 -10
93 7538 car 0 0 -1 378.4099801405417 179.1330866868632 435.1647118709366 210.45429182258513 -1 -1 -1 -1000 -1000 -1000 -10
93 7536 car 0 0 -1 667.5156085199968 177.39274241453222 723.750192148689 219.8541461260711 -1 -1 -1 -1000 -1000 -1000 -10
94 7542 car 0 0 -1 687.7861218401978 175.4234389342249 756.3999635984702 230.62436878587422 -1 -1 -1 -1000 -1000 -1000 -10
94 7541 car 0 0 -1 680.9802255843967 176.84382587840008 745.9390434186903 225.38519319733462 -1 -1 -1 -1000 -1000 -1000 -10
94 7540 car 0 0 -1 711.6012375331138 172.4569396233914 815.1398196618222 247.47046122911172 -1 -1 -1 -1000 -1000 -1000 -10
94 7539 car 0 0 -1 754.8207008833847 173.95453809580448 883.5578767338015 279.0356163200357 -1 -1 -1 -1000 -1000 -1000 -10
94 7538 car 0 0 -1 365.46076915587395 179.91319120872572 424.90723173763735 212.25187297523144 -1 -1 -1 -1000 -1000 -1000 -10
94 7536 car 0 0 -1 668.9854929633871 177.2368565494644 726.550608568524 220.006946222765 -1 -1 -1 -1000 -1000 -1000 -10
95 7542 car 0 0 -1 692.5622294866414 175.4653180746233 762.6284989780324 231.4372472812024 -1 -1 -1 -1000 -1000 -1000 -10
95 7541 car 0 0 -1 680.7091246356033 176.8467582739437 746.3257646536977 225.71973391621464 -1 -1 -1 -1000 -1000 -1000 -10
95 7540 car 0 0 -1 716.7816298501056 172.23708369087524 827.7124942157087 251.9592274382802 -1 -1 -1 -1000 -1000 -1000 -10
95 7539 car 0 0 -1 767.4713871870964 175.1363225659355 910.262122299198 288.90499677252336 -1 -1 -1 -1000 -1000 -1000 -10
95 7538 car 0 0 -1 351.19914746595555 179.5667975127226 413.4366431835251 212.91926707554512 -1 -1 -1 -1000 -1000 -1000 -10
95 7536 car 0 0 -1 670.0073298527342 176.66756811669862 728.4634449860533 219.93588315394524 -1 -1 -1 -1000 -1000 -1000 -10
96 7544 car 0 0 -1 655.4081428802477 175.6434170776875 695.477450474077 208.20298140728602 -1 -1 -1 -1000 -1000 -1000 -10
96 7541 car 0 0 -1 684.8244292172606 177.29061236676827 753.5343704552351 228.03477271943026 -1 -1 -1 -1000 -1000 -1000 -10
96 7540 car 0 0 -1 722.3590054984473 174.14833842146896 841.5601060740106 258.77697412799387 -1 -1 -1 -1000 -1000 -1000 -10
96 7539 car 0 0 -1 782.4545203922626 177.28200905161637 942.6987902174849 302.4582088302552 -1 -1 -1 -1000 -1000 -1000 -10
96 7538 car 0 0 -1 334.7434792809924 180.67099807573192 401.30338266640996 215.1024205596279 -1 -1 -1 -1000 -1000 -1000 -10
96 7536 car 0 0 -1 672.9971219834521 177.17030529967795 732.3842863337264 221.086538191867 -1 -1 -1 -1000 -1000 -1000 -10
97 7544 car 0 0 -1 656.2398436674637 175.32056540962944 698.347324131845 209.55489818756607 -1 -1 -1 -1000 -1000 -1000 -10
97 7543 car 0 0 -1 699.9810649933053 177.4194834932513 781.3784377518165 238.64362356816994 -1 -1 -1 -1000 -1000 -1000 -10
97 7541 car 0 0 -1 681.2522112070143 177.0321709145146 749.1449363618755 227.92818935658704 -1 -1 -1 -1000 -1000 -1000 -10
97 7540 car 0 0 -1 730.4688435030495 175.7559042626603 860.639312889694 267.53977423629897 -1 -1 -1 -1000 -1000 -1000 -10
97 7539 car 0 0 -1 799.2271327675695 180.36234646014506 982.0969279833763 320.0182256463738 -1 -1 -1 -1000 -1000 -1000 -10
97 7538 car 0 0 -1 317.2204118333799 181.56519303668756 388.5320274748092 217.98375889893384 -1 -1 -1 -1000 -1000 -1000 -10
98 7543 car 0 0 -1 704.4530800986836 177.2461464583081 790.7012114276324 241.97714819512993 -1 -1 -1 -1000 -1000 -1000 -10
98 7542 car 0 0 -1 692.6714835166358 176.62356318546156 770.251538768872 236.11994346619358 -1 -1 -1 -1000 -1000 -1000 -10
98 7541 car 0 0 -1 681.7465887495653 177.36258617571832 750.1731598891629 229.39615595058535 -1 -1 -1 -1000 -1000 -1000 -10
98 7540 car 0 0 -1 738.5223640760729 175.7544489464617 879.3810396362427 274.6006546050014 -1 -1 -1 -1000 -1000 -1000 -10
98 7539 car 0 0 -1 820.1028425799647 184.025884224538 1035.3699585433528 346.52739325032996 -1 -1 -1 -1000 -1000 -1000 -10
98 7538 car 0 0 -1 297.26264210359494 182.6805142054551 374.38701561140425 221.46133011773333 -1 -1 -1 -1000 -1000 -1000 -10
99 7543 car 0 0 -1 707.9324144496044 177.05691852667061 798.1552937566238 244.61095114341302 -1 -1 -1 -1000 -1000 -1000 -10
99 7542 car 0 0 -1 699.6670148286044 176.95078847683283 780.16733093272 238.43494636773573 -1 -1 -1 -1000 -1000 -1000 -10
99 7541 car 0 0 -1 683.9188091125174 176.97124848984478 753.0673027649699 230.41886113347718 -1 -1 -1 -1000 -1000 -1000 -10
99 7540 car 0 0 -1 750.1960330585313 176.33563701448338 905.9539762925759 283.0553733277575 -1 -1 -1 -1000 -1000 -1000 -10
99 7539 car 0 0 -1 852.2817389640346 181.3515381033344 1111.5694465828442 361.1591009788816 -1 -1 -1 -1000 -1000 -1000 -10
99 7538 car 0 0 -1 275.7160410274126 182.08057934544104 359.76719119459796 223.78786996555192 -1 -1 -1 -1000 -1000 -1000 -10
100 7544 car 0 0 -1 658.3852507576485 174.06509160853273 706.1597902959625 212.84777033469436 -1 -1 -1 -1000 -1000 -1000 -10
100 7543 car 0 0 -1 713.5698852983014 178.34452550410597 808.6297546176877 248.99979017714062 -1 -1 -1 -1000 -1000 -1000 -10
100 7542 car 0 0 -1 701.7650932864083 176.6514817577225 782.0344757671326 238.29992218440523 -1 -1 -1 -1000 -1000 -1000 -10
100 7541 car 0 0 -1 686.8078010528175 177.08755490445185 759.1735809277964 231.8071867596862 -1 -1 -1 -1000 -1000 -1000 -10
100 7540 car 0 0 -1 763.176778047155 176.52923415382747 938.6921170312357 293.2733882396612 -1 -1 -1 -1000 -1000 -1000 -10
100 7539 car 0 0 -1 877.1808853112018 177.5365075219794 1172.0687610717976 368.09236385621443 -1 -1 -1 -1000 -1000 -1000 -10
100 7538 car 0 0 -1 250.073354998209 182.03009037289968 341.5051030448675 227.00938484380526 -1 -1 -1 -1000 -1000 -1000 -10
101 7545 car 0 0 -1 566.4494078376223 174.79788808800285 589.8366087765638 193.3557134270238 -1 -1 -1 -1000 -1000 -1000 -10
101 7544 car 0 0 -1 659.1574303489242 172.9796022208195 708.0273590560826 212.12188276701082 -1 -1 -1 -1000 -1000 -1000 -10
101 7543 car 0 0 -1 717.7008714735601 177.00701607794102 820.2170741799467 252.27339407510877 -1 -1 -1 -1000 -1000 -1000 -10
101 7542 car 0 0 -1 707.7069945477471 176.23538200808227 790.0048690541317 240.50170238507516 -1 -1 -1 -1000 -1000 -1000 -10
101 7541 car 0 0 -1 689.6671985183772 175.79605735255308 765.4596954294747 232.980016912638 -1 -1 -1 -1000 -1000 -1000 -10
101 7540 car 0 0 -1 775.5029846915814 177.00954856369322 972.2518971357 306.92474840638135 -1 -1 -1 -1000 -1000 -1000 -10
101 7539 car 0 0 -1 899.8896108047518 175.3337567734324 1208.6974919467937 370.70359125399506 -1 -1 -1 -1000 -1000 -1000 -10
101 7538 car 0 0 -1 221.36727378684964 181.14997079109264 320.85369947175866 229.07544425619352 -1 -1 -1 -1000 -1000 -1000 -10
102 7544 car 0 0 -1 659.3703737998633 172.46339450990934 710.0037505504381 213.33209760409864 -1 -1 -1 -1000 -1000 -1000 -10
102 7543 car 0 0 -1 720.3396758368509 176.59086025335242 830.3605311047846 256.6768616464116 -1 -1 -1 -1000 -1000 -1000 -10
102 7542 car 0 0 -1 698.7533486240637 174.08282138803756 780.8537369736313 237.99756807861203 -1 -1 -1 -1000 -1000 -1000 -10
102 7541 car 0 0 -1 685.7125169401913 174.1740714881704 759.8129913569983 229.99133141630682 -1 -1 -1 -1000 -1000 -1000 -10
102 7540 car 0 0 -1 790.7492295496917 178.334839899911 1013.1515427640066 324.3251691806742 -1 -1 -1 -1000 -1000 -1000 -10
102 7539 car 0 0 -1 933.4148670218034 174.47210278964553 1234.7531115318252 372.86754387324277 -1 -1 -1 -1000 -1000 -1000 -10
102 7538 car 0 0 -1 188.98329809207326 181.566897058317 298.6695776606578 232.88510679569572 -1 -1 -1 -1000 -1000 -1000 -10
102 7536 car 0 0 -1 664.093633717387 173.9662575485426 722.5110665037818 215.84851581839135 -1 -1 -1 -1000 -1000 -1000 -10
103 7544 car 0 0 -1 659.8092799871143 173.11213257209448 710.9267639607107 214.27026032964915 -1 -1 -1 -1000 -1000 -1000 -10
103 7543 car 0 0 -1 728.5863857819409 177.40872663724807 845.1792567914483 262.58672587631486 -1 -1 -1 -1000 -1000 -1000 -10
103 7542 car 0 0 -1 700.1284328903979 174.32735553398112 785.6524595172297 240.56732836946168 -1 -1 -1 -1000 -1000 -1000 -10
103 7541 car 0 0 -1 680.9699827877529 172.57839338449185 751.1514447429282 225.30030931172695 -1 -1 -1 -1000 -1000 -1000 -10
103 7540 car 0 0 -1 811.9853471259146 179.65746577710888 1070.4386058437356 347.9221166422104 -1 -1 -1 -1000 -1000 -1000 -10
103 7539 car 0 0 -1 986.0698395532169 175.65824947360844 1256.9984352756462 374.6050637183689 -1 -1 -1 -1000 -1000 -1000 -10
103 7538 car 0 0 -1 150.28144757045158 182.4027666284717 273.26399011783127 238.69576235981944 -1 -1 -1 -1000 -1000 -1000 -10
103 7536 car 0 0 -1 665.1491652669026 174.5690598864408 726.7795009365711 216.65554605431515 -1 -1 -1 -1000 -1000 -1000 -10
104 7545 car 0 0 -1 553.3629090804893 174.16636612432498 579.4374861762024 195.57479198338334 -1 -1 -1 -1000 -1000 -1000 -10
104 7544 car 0 0 -1 671.8017869607751 175.0254646335764 729.2726450618223 218.9171935084098 -1 -1 -1 -1000 -1000 -1000 -10
104 7543 car 0 0 -1 738.3012301093289 179.64556451553702 866.861259511341 272.6984153480706 -1 -1 -1 -1000 -1000 -1000 -10
104 7542 car 0 0 -1 696.3293642964695 175.24815895145977 783.8310384336862 241.33446287464002 -1 -1 -1 -1000 -1000 -1000 -10
104 7541 car 0 0 -1 683.1591502813724 175.01809621530342 752.837532689907 227.54799540658607 -1 -1 -1 -1000 -1000 -1000 -10
104 7540 car 0 0 -1 843.3749078912514 175.8302069569586 1147.6771191806258 361.0839514752407 -1 -1 -1 -1000 -1000 -1000 -10
104 7538 car 0 0 -1 105.94072152966676 183.95021127256769 244.21481059119805 245.3439286985552 -1 -1 -1 -1000 -1000 -1000 -10
104 7536 car 0 0 -1 663.3634282060478 175.44281458360027 724.9068830176524 217.57033494685933 -1 -1 -1 -1000 -1000 -1000 -10
105 7545 car 0 0 -1 549.0027638435947 176.57143583181153 576.959457889164 198.41285882307153 -1 -1 -1 -1000 -1000 -1000 -10
105 7544 car 0 0 -1 672.2003677919352 176.06851365874428 735.4327668527867 221.6142877397408 -1 -1 -1 -1000 -1000 -1000 -10
105 7543 car 0 0 -1 750.2168672089538 181.63781867520018 893.917731991226 284.42262146281575 -1 -1 -1 -1000 -1000 -1000 -10
105 7541 car 0 0 -1 684.4294826367783 176.26992847789447 754.2756940632706 228.06436240360622 -1 -1 -1 -1000 -1000 -1000 -10
105 7540 car 0 0 -1 863.3765068189967 172.4761748891081 1193.3432130970543 366.5743884484786 -1 -1 -1 -1000 -1000 -1000 -10
105 7538 car 0 0 -1 50.7079676133627 185.33965889787575 209.93769679093464 253.99736292928876 -1 -1 -1 -1000 -1000 -1000 -10
105 7536 car 0 0 -1 662.5528306438129 175.77134329274668 723.7454339721211 217.9207182501106 -1 -1 -1 -1000 -1000 -1000 -10
