0 15226 car 0 0 -1 304.0 172.0 350.0 207.0 -1 -1 -1 -1000 -1000 -1000 -10
0 15225 car 0 0 -1 96.0 168.0 222.0 224.0 -1 -1 -1 -1000 -1000 -1000 -10
0 15224 car 0 0 -1 207.0 181.0 273.0 217.0 -1 -1 -1 -1000 -1000 -1000 -10
0 15223 car 0 0 -1 0.0 184.0 112.0 236.0 -1 -1 -1 -1000 -1000 -1000 -10
1 15225 DontCare 0 0 -1 55.04054572936553 167.9897599455081 196.96604636012708 231.00954089348514 -1 -1 -1 -1000 -1000 -1000 -10
1 15223 car 0 0 -1 -3.7282288221012294 184.183148675207 91.73062594555309 235.816851324793 -1 -1 -1 -1000 -1000 -1000 -10
2 15223 car 0 0 -1 -10.310584756855356 189.21752959578288 50.78360220322377 233.60592837103786 -1 -1 -1 -1000 -1000 -1000 -10
3 15224 car 0 0 -1 144.01791419119988 181.5445104889872 236.18381762027727 225.49139613584452 -1 -1 -1 -1000 -1000 -1000 -10
4 15226 DontCare 0 0 -1 247.52835678168813 171.911951689455 310.68170481018683 216.96067529954558 -1 -1 -1 -1000 -1000 -1000 -10
4 15224 car 0 0 -1 112.43842097509962 182.0969710226768 214.60786292059896 228.2212998027875 -1 -1 -1 -1000 -1000 -1000 -10
5 15226 DontCare 0 0 -1 225.15942784166546 170.7361548111651 294.7374332790742 218.04312301103934 -1 -1 -1 -1000 -1000 -1000 -10
5 15224 car 0 0 -1 74.92758189211371 179.67793924056542 191.6326142691953 230.59855589007464 -1 -1 -1 -1000 -1000 -1000 -10
6 15224 DontCare 0 0 -1 43.57613322912573 178.07307464718502 172.40466653486402 232.73733947989092 -1 -1 -1 -1000 -1000 -1000 -10
7 15224 car 0 0 -1 6.651565334065623 177.8833999434261 147.131384901417 235.10847694577777 -1 -1 -1 -1000 -1000 -1000 -10
15 15228 DontCare 0 0 -1 -11.110255763620522 166.64812375383573 70.64209774897895 246.23395232781044 -1 -1 -1 -1000 -1000 -1000 -10
36 15230 DontCare 0 0 -1 1.7123223293543717 167.17996742283 106.9359153772402 222.17296382381673 -1 -1 -1 -1000 -1000 -1000 -10
37 15230 DontCare 0 0 -1 -4.76947775850023 167.6777343632291 86.02938644091877 220.98040327263027 -1 -1 -1 -1000 -1000 -1000 -10
42 15231 car 0 0 -1 717.4168280123395 170.34772666649394 739.5831719876605 189.97613338794264 -1 -1 -1 -1000 -1000 -1000 -10
43 15231 car 0 0 -1 717.1240175397436 170.61938367441593 739.8759824602564 190.65649499561727 -1 -1 -1 -1000 -1000 -1000 -10
44 15233 car 0 0 -1 544.4774719010162 176.58658269098507 574.5822923616475 194.35441714491006 -1 -1 -1 -1000 -1000 -1000 -10
44 15231 car 0 0 -1 717.5428293617103 171.76660969335725 740.1410164367142 191.24389872436555 -1 -1 -1 -1000 -1000 -1000 -10
45 15233 car 0 0 -1 536.5380759385827 177.55787037388683 569.5074238760807 195.54997849071884 -1 -1 -1 -1000 -1000 -1000 -10
46 15233 car 0 0 -1 527.0685387844029 179.0002728490171 562.8415431946538 198.4666314018491 -1 -1 -1 -1000 -1000 -1000 -10
47 15233 car 0 0 -1 518.9686956247224 179.44456877777947 556.2524667176531 199.9744088896117 -1 -1 -1 -1000 -1000 -1000 -10
47 15231 car 0 0 -1 715.9793070243668 174.85873977672208 740.6846660763242 195.57380785477034 -1 -1 -1 -1000 -1000 -1000 -10
48 15233 car 0 0 -1 510.96527353957276 179.39287967000598 549.3173348994278 200.5321695698808 -1 -1 -1 -1000 -1000 -1000 -10
48 15231 car 0 0 -1 716.3732845537488 174.5556536140502 741.1624971996712 195.85932483103278 -1 -1 -1 -1000 -1000 -1000 -10
49 15233 car 0 0 -1 500.57510985614744 178.52223614028105 542.603162193352 200.75753086884043 -1 -1 -1 -1000 -1000 -1000 -10
49 15231 car 0 0 -1 716.0022342838159 174.4942404433158 741.1961927971041 196.54982969107039 -1 -1 -1 -1000 -1000 -1000 -10
50 15233 car 0 0 -1 491.65485771852303 177.98012352018262 535.0610026237238 200.28531216081697 -1 -1 -1 -1000 -1000 -1000 -10
50 15231 car 0 0 -1 716.307612441182 174.36673607675434 741.4229887017428 196.88806430393882 -1 -1 -1 -1000 -1000 -1000 -10
51 15233 car 0 0 -1 480.37501197733394 177.57254083879292 525.3805952823654 200.93091175135424 -1 -1 -1 -1000 -1000 -1000 -10
51 15231 car 0 0 -1 715.4318421761253 173.23539775616726 741.1806116061631 196.75663869183828 -1 -1 -1 -1000 -1000 -1000 -10
52 15233 car 0 0 -1 469.9227820216817 178.07659283690543 516.6333149947801 202.48016458121805 -1 -1 -1 -1000 -1000 -1000 -10
52 15231 car 0 0 -1 714.5418985381891 172.6232438790057 740.9901507554996 196.87182722810695 -1 -1 -1 -1000 -1000 -1000 -10
53 15233 car 0 0 -1 455.3407566674667 178.68112338038324 505.3449755737624 203.92808617976684 -1 -1 -1 -1000 -1000 -1000 -10
53 15231 car 0 0 -1 711.2111755623846 172.3485434621781 739.9751607353382 197.60106666545607 -1 -1 -1 -1000 -1000 -1000 -10
54 15233 car 0 0 -1 441.2730294698508 179.46004783962022 493.7718705388893 205.1958616806111 -1 -1 -1 -1000 -1000 -1000 -10
54 15231 car 0 0 -1 708.887984967164 171.80564321362706 739.3536791031162 198.30346988123918 -1 -1 -1 -1000 -1000 -1000 -10
55 15233 car 0 0 -1 426.5179396970193 179.6923486354597 480.3714411638467 205.6788154691496 -1 -1 -1 -1000 -1000 -1000 -10
55 15231 car 0 0 -1 706.9467814130302 171.91154245692857 738.2365721784248 198.9012195965333 -1 -1 -1 -1000 -1000 -1000 -10
56 15233 car 0 0 -1 405.83198435623416 179.73186738813598 466.0607679249204 207.8383070114213 -1 -1 -1 -1000 -1000 -1000 -10
56 15231 car 0 0 -1 705.7488057824556 172.36713685803142 736.996469931389 199.3549412303405 -1 -1 -1 -1000 -1000 -1000 -10
57 15233 car 0 0 -1 388.01506263678306 180.17582739381913 452.9632085665541 210.80927696366564 -1 -1 -1 -1000 -1000 -1000 -10
57 15231 car 0 0 -1 704.8593699326582 173.01356043309906 736.3436726849864 199.69419954535297 -1 -1 -1 -1000 -1000 -1000 -10
58 15233 car 0 0 -1 369.278327615537 181.2340658114323 438.4291357351186 213.6174186985619 -1 -1 -1 -1000 -1000 -1000 -10
58 15231 car 0 0 -1 703.1940838517303 174.14075674767568 734.8461839472297 200.8884810031312 -1 -1 -1 -1000 -1000 -1000 -10
59 15233 car 0 0 -1 359.8282195826471 182.27369767298777 423.6172499373972 215.29181428835173 -1 -1 -1 -1000 -1000 -1000 -10
59 15231 car 0 0 -1 701.214205127657 175.113155739458 733.0528259713648 202.74001740930473 -1 -1 -1 -1000 -1000 -1000 -10
60 15231 car 0 0 -1 699.2021281464463 174.97804080598578 732.3749565680309 203.9215171558388 -1 -1 -1 -1000 -1000 -1000 -10
61 15234 car 0 0 -1 282.1130092712923 178.70894023518855 377.00799384669995 223.1732886661694 -1 -1 -1 -1000 -1000 -1000 -10
61 15231 car 0 0 -1 697.1677407590868 174.33923355180244 731.4821370584165 203.62126162070908 -1 -1 -1 -1000 -1000 -1000 -10
62 15235 car 0 0 -1 811.442766138286 171.36306497044308 860.2820513221981 191.1877128596645 -1 -1 -1 -1000 -1000 -1000 -10
62 15234 car 0 0 -1 244.9873496074265 177.2249497572978 352.6335382554423 225.14379471749686 -1 -1 -1 -1000 -1000 -1000 -10
62 15231 car 0 0 -1 695.3991900548266 174.04363572734573 730.237088954853 203.53417962983238 -1 -1 -1 -1000 -1000 -1000 -10
63 15235 car 0 0 -1 812.0125393099714 169.71185117452157 857.5587381643767 189.1458730050605 -1 -1 -1 -1000 -1000 -1000 -10
63 15234 car 0 0 -1 206.52727133406307 177.53173205346033 328.8981190957706 231.1216669656164 -1 -1 -1 -1000 -1000 -1000 -10
63 15231 car 0 0 -1 693.2558235802309 174.05263059776976 729.3378346655273 204.01161692077622 -1 -1 -1 -1000 -1000 -1000 -10
64 15234 car 0 0 -1 163.50233236467682 178.3978781607858 297.82640054968766 236.52683681525872 -1 -1 -1 -1000 -1000 -1000 -10
64 15231 car 0 0 -1 692.4271125316603 173.67793835406394 729.7299875506227 204.55109740937928 -1 -1 -1 -1000 -1000 -1000 -10
65 15234 car 0 0 -1 106.9778025510056 181.70677462483195 261.0950483882766 246.56984120699298 -1 -1 -1 -1000 -1000 -1000 -10
65 15231 car 0 0 -1 693.0736039716727 175.35247439159113 730.9420872192833 206.8399237300254 -1 -1 -1 -1000 -1000 -1000 -10
66 15237 car 0 0 -1 1061.180977050348 157.24422340343273 1119.993883966002 183.52061644856258 -1 -1 -1 -1000 -1000 -1000 -10
66 15234 car 0 0 -1 38.32546049928405 182.81787593043092 220.70620684603293 257.5774625374488 -1 -1 -1 -1000 -1000 -1000 -10
66 15231 car 0 0 -1 693.6171768175366 176.04607668809118 732.4670986768028 208.2810291496339 -1 -1 -1 -1000 -1000 -1000 -10
67 15237 car 0 0 -1 1059.5645432983338 155.72247090540108 1121.933636008915 182.70939902024193 -1 -1 -1 -1000 -1000 -1000 -10
67 15234 car 0 0 -1 -5.7206337231286 187.12129557541894 182.88136165204762 268.31138476613705 -1 -1 -1 -1000 -1000 -1000 -10
67 15231 car 0 0 -1 694.0456005568257 175.03670507824214 734.1758859434916 208.11098339427608 -1 -1 -1 -1000 -1000 -1000 -10
68 15234 car 0 0 -1 -30.480670317728837 189.5206386395238 139.73015803878872 273.10664279335026 -1 -1 -1 -1000 -1000 -1000 -10
68 15231 car 0 0 -1 695.1774847599962 173.06783036990498 737.1562621974446 207.6434288056023 -1 -1 -1 -1000 -1000 -1000 -10
69 15231 car 0 0 -1 696.1666233085198 172.0655994870355 739.7105408106365 207.69936604802967 -1 -1 -1 -1000 -1000 -1000 -10
70 15231 car 0 0 -1 697.4528840036453 172.03312810617518 743.044385369772 209.3176614867815 -1 -1 -1 -1000 -1000 -1000 -10
71 15238 car 0 0 -1 887.013195746692 159.94482541125038 945.4960084992174 182.86427695867516 -1 -1 -1 -1000 -1000 -1000 -10
71 15231 car 0 0 -1 698.9083485514943 172.59493050982633 745.9518191861866 211.3035748312643 -1 -1 -1 -1000 -1000 -1000 -10
72 15238 car 0 0 -1 888.2684990933951 160.15493072405445 945.6481656139642 183.43211253133484 -1 -1 -1 -1000 -1000 -1000 -10
72 15231 car 0 0 -1 699.93548168494 172.89551371169514 749.1768805025331 213.25802672819017 -1 -1 -1 -1000 -1000 -1000 -10
73 15238 car 0 0 -1 895.6119797248682 160.77697498352205 947.776077067065 183.08600394743797 -1 -1 -1 -1000 -1000 -1000 -10
73 15231 car 0 0 -1 701.6381093973224 175.33508704693875 752.9792029225003 216.87512491070405 -1 -1 -1 -1000 -1000 -1000 -10
74 15238 car 0 0 -1 891.0512021745935 162.6474445660731 944.7354918805172 185.62047184274644 -1 -1 -1 -1000 -1000 -1000 -10
74 15231 car 0 0 -1 703.4875211759938 176.86125637627833 757.7515875320239 219.5740793689847 -1 -1 -1 -1000 -1000 -1000 -10
75 15238 car 0 0 -1 889.1552950973567 164.16530769883403 942.5179881810798 187.72293788732551 -1 -1 -1 -1000 -1000 -1000 -10
75 15231 car 0 0 -1 705.8175897656129 178.54937624810327 762.4530954358825 222.05633923073253 -1 -1 -1 -1000 -1000 -1000 -10
76 15238 car 0 0 -1 890.7372264282377 163.56069954321546 938.7963943364915 186.1251181886657 -1 -1 -1 -1000 -1000 -1000 -10
76 15231 car 0 0 -1 707.9992598127237 178.23603450169537 768.0963073551395 223.2459492586724 -1 -1 -1 -1000 -1000 -1000 -10
77 15238 car 0 0 -1 895.4958973830456 161.8976593957371 942.144119659488 184.88805107395387 -1 -1 -1 -1000 -1000 -1000 -10
77 15231 car 0 0 -1 710.9598830079613 176.44770935850116 773.8991364183753 223.35090952867884 -1 -1 -1 -1000 -1000 -1000 -10
78 15238 car 0 0 -1 886.3758841625303 159.93351434668017 936.085855872463 184.40666355190245 -1 -1 -1 -1000 -1000 -1000 -10
78 15231 car 0 0 -1 712.7340772567505 174.66843644977223 778.6159973934354 223.78704091035576 -1 -1 -1 -1000 -1000 -1000 -10
79 15238 car 0 0 -1 876.5140695910757 162.01558177492495 931.6324630511078 187.43219260157116 -1 -1 -1 -1000 -1000 -1000 -10
79 15231 car 0 0 -1 714.9193292044873 175.07553895736464 784.0043730704741 226.09305592739452 -1 -1 -1 -1000 -1000 -1000 -10
80 15238 car 0 0 -1 871.1663319393666 164.76044372486243 928.4028740183845 190.58185220240054 -1 -1 -1 -1000 -1000 -1000 -10
80 15231 car 0 0 -1 717.1842806862346 176.55678495489104 789.713824321808 229.5202281436687 -1 -1 -1 -1000 -1000 -1000 -10
81 15243 DontCare 0 0 -1 1139.897904189486 154.19936340480996 1232.3948807452177 189.03572033333887 -1 -1 -1 -1000 -1000 -1000 -10
81 15231 car 0 0 -1 720.0672118889509 177.96649589657966 796.2518449278557 233.19205256231174 -1 -1 -1 -1000 -1000 -1000 -10
82 15243 DontCare 0 0 -1 1146.0757725358158 155.10381615654433 1237.6070710364884 190.61718812986135 -1 -1 -1 -1000 -1000 -1000 -10
82 15231 car 0 0 -1 723.5737285616216 180.03910752398372 804.0083326043549 236.90922544779585 -1 -1 -1 -1000 -1000 -1000 -10
83 15243 DontCare 0 0 -1 1148.8957826865503 156.04984320249008 1241.8393539071499 192.6110423286504 -1 -1 -1 -1000 -1000 -1000 -10
83 15231 car 0 0 -1 727.5914647215557 180.5834327103272 812.5892187212166 239.80090222987354 -1 -1 -1 -1000 -1000 -1000 -10
84 15242 car 0 0 -1 369.17984328443174 180.0353427305044 415.8952718805342 202.4511258367043 -1 -1 -1 -1000 -1000 -1000 -10
84 15231 car 0 0 -1 731.5076146095857 181.35957105747056 821.7588125124694 242.8653207325572 -1 -1 -1 -1000 -1000 -1000 -10
85 15246 DontCare 0 0 -1 1144.4078637829934 152.9256398018748 1243.3566168251255 196.89781816494593 -1 -1 -1 -1000 -1000 -1000 -10
85 15242 car 0 0 -1 368.68024832821953 180.9628054225156 417.1730711471226 203.3917645261887 -1 -1 -1 -1000 -1000 -1000 -10
85 15231 car 0 0 -1 736.1671530119853 181.78270833258404 831.6549611150682 245.77953955888592 -1 -1 -1 -1000 -1000 -1000 -10
86 15247 car 0 0 -1 658.2283086044893 170.42582634592017 718.3613873971358 195.5742500639357 -1 -1 -1 -1000 -1000 -1000 -10
86 15242 car 0 0 -1 369.17005030339965 181.9022862486862 417.04111390031073 203.7835551631399 -1 -1 -1 -1000 -1000 -1000 -10
86 15231 car 0 0 -1 739.8470223366793 182.3609173604827 841.7610880809158 249.65015008401127 -1 -1 -1 -1000 -1000 -1000 -10
87 15247 car 0 0 -1 643.5927813630116 170.88435213228 705.1635656025852 196.6569389648067 -1 -1 -1 -1000 -1000 -1000 -10
87 15242 car 0 0 -1 372.5072530244057 182.1973154830147 423.5118638585109 203.93679852267914 -1 -1 -1 -1000 -1000 -1000 -10
87 15231 car 0 0 -1 743.4447896354827 182.70331955538762 852.2888874058178 253.52175981809563 -1 -1 -1 -1000 -1000 -1000 -10
88 15247 car 0 0 -1 633.1618968082347 170.97087455725477 695.2979624852097 196.9943623312597 -1 -1 -1 -1000 -1000 -1000 -10
88 15246 DontCare 0 0 -1 1162.6682899437408 151.11746034951676 1244.711193649972 191.86997637397553 -1 -1 -1 -1000 -1000 -1000 -10
88 15242 car 0 0 -1 375.3807661089196 181.3928101185853 426.2789218948536 203.51507691530335 -1 -1 -1 -1000 -1000 -1000 -10
88 15231 car 0 0 -1 748.6940837332818 182.9303795845057 864.5404889471702 257.41461961766896 -1 -1 -1 -1000 -1000 -1000 -10
89 15247 car 0 0 -1 625.124146637361 171.29115021770835 685.7036097312982 197.52929665048893 -1 -1 -1 -1000 -1000 -1000 -10
89 15246 DontCare 0 0 -1 1166.4859302455716 150.49736156724776 1244.7249341514644 190.73410253872635 -1 -1 -1 -1000 -1000 -1000 -10
89 15242 car 0 0 -1 380.2108470748108 180.5416389163066 434.93289209434556 203.88876159581062 -1 -1 -1 -1000 -1000 -1000 -10
89 15231 car 0 0 -1 753.6186760381541 183.06930923866457 877.0704613494034 261.35589248262926 -1 -1 -1 -1000 -1000 -1000 -10
90 15247 car 0 0 -1 609.7236317177773 172.06976993392237 674.1966939594489 199.87378388784293 -1 -1 -1 -1000 -1000 -1000 -10
90 15246 DontCare 0 0 -1 1170.4220627447028 150.9516423328672 1244.7157155973398 190.421590314787 -1 -1 -1 -1000 -1000 -1000 -10
90 15242 car 0 0 -1 382.80213452053704 179.41975150404264 439.94686591156596 203.48096901101704 -1 -1 -1 -1000 -1000 -1000 -10
90 15231 car 0 0 -1 759.6520517787408 183.47892729856355 892.3666540582203 266.3139234597638 -1 -1 -1 -1000 -1000 -1000 -10
91 15247 car 0 0 -1 595.4809356840343 173.33857481237982 663.349586909697 201.75769340153238 -1 -1 -1 -1000 -1000 -1000 -10
91 15242 car 0 0 -1 386.5598163917106 179.55716720547125 446.2222741441304 204.09493862936787 -1 -1 -1 -1000 -1000 -1000 -10
91 15231 car 0 0 -1 764.8617305692233 184.12134236709522 906.6647777831445 272.17615951658865 -1 -1 -1 -1000 -1000 -1000 -10
92 15249 car 0 0 -1 242.46559835117895 183.94664019616994 299.70556554759526 209.46646897335296 -1 -1 -1 -1000 -1000 -1000 -10
92 15247 car 0 0 -1 585.7631552621323 173.33244764135938 653.4461250477808 202.15626210897435 -1 -1 -1 -1000 -1000 -1000 -10
92 15242 car 0 0 -1 391.36797304882657 178.87868542641888 453.64510769613617 203.72603103896898 -1 -1 -1 -1000 -1000 -1000 -10
92 15231 car 0 0 -1 771.4437818705859 184.9623195527102 923.4403421557928 278.2635801581172 -1 -1 -1 -1000 -1000 -1000 -10
93 15249 car 0 0 -1 235.50154437619784 183.63323510820632 293.9755075081751 210.9567124907721 -1 -1 -1 -1000 -1000 -1000 -10
93 15247 car 0 0 -1 571.9366849141444 173.80367173403516 642.1301019675187 203.12375368862297 -1 -1 -1 -1000 -1000 -1000 -10
93 15242 car 0 0 -1 397.9826049981484 179.26052632090216 462.02879312317634 204.26881257841126 -1 -1 -1 -1000 -1000 -1000 -10
93 15231 car 0 0 -1 778.1242772413534 185.42650672667284 940.8972130449388 284.2260820252409 -1 -1 -1 -1000 -1000 -1000 -10
94 15249 car 0 0 -1 235.56837495598506 183.0232492244516 298.60404455511855 211.92689951920426 -1 -1 -1 -1000 -1000 -1000 -10
94 15247 car 0 0 -1 556.6396446624981 174.03667489310973 629.6016934885631 204.0405075557567 -1 -1 -1 -1000 -1000 -1000 -10
94 15242 car 0 0 -1 402.7818947682576 178.59645951855668 468.6089444166054 204.62025401101522 -1 -1 -1 -1000 -1000 -1000 -10
94 15231 car 0 0 -1 785.4797300884051 185.0139859467077 960.5535287315121 289.5600980922102 -1 -1 -1 -1000 -1000 -1000 -10
95 15254 car 0 0 -1 752.5303090904939 168.61036712637778 826.4129830410778 195.80161788882666 -1 -1 -1 -1000 -1000 -1000 -10
95 15249 car 0 0 -1 230.39465836838207 183.93416666175563 297.13801463763156 213.30847107100317 -1 -1 -1 -1000 -1000 -1000 -10
95 15247 car 0 0 -1 541.2033114266452 173.97561500892334 617.5883505600412 204.4769896620466 -1 -1 -1 -1000 -1000 -1000 -10
95 15242 car 0 0 -1 410.048317966809 178.17125181901918 477.9084827637804 204.92432574638877 -1 -1 -1 -1000 -1000 -1000 -10
95 15231 car 0 0 -1 793.8747621966844 186.57581515528972 982.1848942208998 297.5669479348719 -1 -1 -1 -1000 -1000 -1000 -10
96 15254 car 0 0 -1 745.0521251588518 168.88580093440433 816.222009562076 195.429222452466 -1 -1 -1 -1000 -1000 -1000 -10
96 15247 car 0 0 -1 525.8472291563761 174.06332036584604 604.3302296978517 205.1463197741229 -1 -1 -1 -1000 -1000 -1000 -10
96 15242 car 0 0 -1 414.94978409358697 177.58416777477714 481.6408005527763 204.14949713125515 -1 -1 -1 -1000 -1000 -1000 -10
96 15231 car 0 0 -1 801.166681819896 188.23053565318554 1005.3698984303549 306.5838433482657 -1 -1 -1 -1000 -1000 -1000 -10
97 15254 car 0 0 -1 734.0687988233994 167.7196550397949 807.2597738861948 195.73391584575316 -1 -1 -1 -1000 -1000 -1000 -10
97 15247 car 0 0 -1 508.968644023472 174.80440829132846 590.195742529112 206.63335614330373 -1 -1 -1 -1000 -1000 -1000 -10
97 15242 car 0 0 -1 423.19117583197135 178.21793695774628 490.83171161580674 204.97011964629112 -1 -1 -1 -1000 -1000 -1000 -10
97 15231 car 0 0 -1 808.9336867175692 188.54565573733072 1031.472942582507 316.03647813601276 -1 -1 -1 -1000 -1000 -1000 -10
98 15255 car 0 0 -1 224.8409640388832 184.0584209730537 295.6743199174683 209.35473979035365 -1 -1 -1 -1000 -1000 -1000 -10
98 15254 car 0 0 -1 723.474346361142 168.27192259365648 797.2269298627688 196.37069392564473 -1 -1 -1 -1000 -1000 -1000 -10
98 15247 car 0 0 -1 493.2460006887801 175.11677905428354 577.3380378210107 207.77658254209837 -1 -1 -1 -1000 -1000 -1000 -10
98 15242 car 0 0 -1 433.0871224297514 177.86490671191072 501.67448416424577 205.87471043618777 -1 -1 -1 -1000 -1000 -1000 -10
98 15231 car 0 0 -1 819.2489052919938 188.9206292314232 1062.1486137952948 325.0703694027138 -1 -1 -1 -1000 -1000 -1000 -10
99 15255 car 0 0 -1 223.96415389760497 184.4144636039778 292.8942909962172 210.79247780195342 -1 -1 -1 -1000 -1000 -1000 -10
99 15254 car 0 0 -1 714.8339335346407 167.9199433501351 788.5813614241706 196.39305515549887 -1 -1 -1 -1000 -1000 -1000 -10
99 15247 car 0 0 -1 475.3181492870625 175.25473432447657 562.347895955429 208.801082006085 -1 -1 -1 -1000 -1000 -1000 -10
99 15242 pedestrian 0 0 -1 433.85872694287417 180.98513419069334 492.71561262963706 211.4781715774577 -1 -1 -1 -1000 -1000 -1000 -10
99 15231 car 0 0 -1 827.7618378752543 191.82022929021701 1092.704111832021 337.96075910145584 -1 -1 -1 -1000 -1000 -1000 -10
100 15255 car 0 0 -1 226.7478621756153 184.89779965306366 294.2269989060054 211.652661280762 -1 -1 -1 -1000 -1000 -1000 -10
100 15254 car 0 0 -1 702.4821947369057 169.02166303343787 777.7435927412284 197.94676645404692 -1 -1 -1 -1000 -1000 -1000 -10
100 15247 car 0 0 -1 454.5122971207209 177.24278964967522 546.6518640589037 211.81255469098295 -1 -1 -1 -1000 -1000 -1000 -10
100 15231 car 0 0 -1 839.5447459812192 194.19130664115139 1129.6482500282555 350.5183000560164 -1 -1 -1 -1000 -1000 -1000 -10
101 15255 car 0 0 -1 222.08034732621473 183.62967069793066 294.75520758966826 212.62008333791644 -1 -1 -1 -1000 -1000 -1000 -10
101 15254 car 0 0 -1 691.6203732047611 170.08686107995558 766.7976624991152 199.18864489759133 -1 -1 -1 -1000 -1000 -1000 -10
101 15247 car 0 0 -1 440.63391991264314 178.4471807665924 533.8808976888321 214.41904298618238 -1 -1 -1 -1000 -1000 -1000 -10
101 15231 car 0 0 -1 852.7112807748473 195.85004817960996 1171.4241551969085 362.78157996027664 -1 -1 -1 -1000 -1000 -1000 -10
102 15255 car 0 0 -1 217.6553146791755 182.90229346613333 296.57473113326296 213.9371510581071 -1 -1 -1 -1000 -1000 -1000 -10
102 15254 car 0 0 -1 679.7815100441264 170.16331906609517 757.3390011088168 200.59794730891602 -1 -1 -1 -1000 -1000 -1000 -10
102 15247 car 0 0 -1 428.1111110188602 177.1462465958483 530.0545584383467 214.47690358028183 -1 -1 -1 -1000 -1000 -1000 -10
102 15231 car 0 0 -1 862.9232391749263 195.58323619995966 1207.3321591224023 370.037030626009 -1 -1 -1 -1000 -1000 -1000 -10
103 15257 car 0 0 -1 870.189830117874 169.22178926526817 971.8702169788103 200.77851637415534 -1 -1 -1 -1000 -1000 -1000 -10
103 15255 car 0 0 -1 217.4746724458042 181.44376453371183 299.50371267597535 214.20712184189318 -1 -1 -1 -1000 -1000 -1000 -10
103 15254 car 0 0 -1 668.6030466642729 170.50888365349158 746.7375101366896 201.43141013582078 -1 -1 -1 -1000 -1000 -1000 -10
103 15247 car 0 0 -1 404.53139019629725 178.81465936120583 507.72025399660583 218.17952580774835 -1 -1 -1 -1000 -1000 -1000 -10
103 15231 car 0 0 -1 866.9360358070112 193.40352194616435 1226.4279271928553 373.2994853426668 -1 -1 -1 -1000 -1000 -1000 -10
104 15257 car 0 0 -1 861.3377549435148 169.7054898194388 960.6959476503749 200.5300959869342 -1 -1 -1 -1000 -1000 -1000 -10
104 15256 car 0 0 -1 386.1309777008924 179.54639622898418 463.5819173769357 225.11694758214287 -1 -1 -1 -1000 -1000 -1000 -10
104 15255 car 0 0 -1 219.6140079143916 181.4371405763807 301.2563162459208 213.77514256370048 -1 -1 -1 -1000 -1000 -1000 -10
104 15254 car 0 0 -1 657.351625168361 171.04686269674303 735.367016753661 201.95751344418395 -1 -1 -1 -1000 -1000 -1000 -10
104 15231 car 0 0 -1 869.6895843354212 193.03074423431258 1237.372232047256 375.7887861227174 -1 -1 -1 -1000 -1000 -1000 -10
105 15258 car 0 0 -1 503.69621050562154 176.02619413636126 570.9495592801816 203.2091952412111 -1 -1 -1 -1000 -1000 -1000 -10
105 15257 car 0 0 -1 851.3798879740157 170.3919129893619 945.5797606674514 199.2581235779087 -1 -1 -1 -1000 -1000 -1000 -10
105 15256 car 0 0 -1 361.34788064892126 177.49020487371257 453.97806654397317 226.4118913876252 -1 -1 -1 -1000 -1000 -1000 -10
105 15255 car 0 0 -1 221.37862082051268 181.14607379494322 303.73109938078375 213.90555832565167 -1 -1 -1 -1000 -1000 -1000 -10
105 15254 car 0 0 -1 645.9681968497387 170.8757473614045 725.1535514010818 202.48476076353168 -1 -1 -1 -1000 -1000 -1000 -10
105 15231 car 0 0 -1 873.5509463990263 192.603106083243 1244.319203466472 376.78481459554234 -1 -1 -1 -1000 -1000 -1000 -10
106 15258 car 0 0 -1 512.899588233757 174.80350594518978 583.6769541356996 202.91767087475057 -1 -1 -1 -1000 -1000 -1000 -10
106 15257 car 0 0 -1 841.2771452712434 170.28495914367352 936.1482001233744 199.26398798447656 -1 -1 -1 -1000 -1000 -1000 -10
106 15256 car 0 0 -1 336.3652441763466 176.89678537570666 442.35993317691174 228.82544033362285 -1 -1 -1 -1000 -1000 -1000 -10
106 15255 car 0 0 -1 224.2671135050698 180.461175859013 307.8414871585819 213.86240259098042 -1 -1 -1 -1000 -1000 -1000 -10
106 15254 car 0 0 -1 633.9661740488717 170.9773029224418 714.6203545093484 202.4776182155251 -1 -1 -1 -1000 -1000 -1000 -10
106 15231 car 0 0 -1 881.5001940527626 191.46100281577145 1250.0457877636732 376.61863416843875 -1 -1 -1 -1000 -1000 -1000 -10
107 15258 car 0 0 -1 523.1410812072706 174.6667163737171 593.1571802177036 202.7752128582143 -1 -1 -1 -1000 -1000 -1000 -10
107 15257 car 0 0 -1 835.8012227354077 170.36475326413102 928.8449822201696 199.21138250892113 -1 -1 -1 -1000 -1000 -1000 -10
107 15256 car 0 0 -1 308.3668687071089 177.12073038400328 423.53406270718483 232.0001708991659 -1 -1 -1 -1000 -1000 -1000 -10
107 15255 car 0 0 -1 228.24343797049548 179.76525631189241 313.833286321822 214.2910073475279 -1 -1 -1 -1000 -1000 -1000 -10
107 15254 car 0 0 -1 621.871970617584 171.38465420780676 703.1711672385194 203.3921692616392 -1 -1 -1 -1000 -1000 -1000 -10
107 15231 car 0 0 -1 893.5313011006887 191.88656716452977 1255.4344208689336 377.45766153787997 -1 -1 -1 -1000 -1000 -1000 -10
108 15258 car 0 0 -1 531.562640688113 173.37325181556116 603.8797132743874 202.59814304794952 -1 -1 -1 -1000 -1000 -1000 -10
108 15257 car 0 0 -1 827.1050343554858 170.99081359140206 921.3785073815071 200.03457217501523 -1 -1 -1 -1000 -1000 -1000 -10
108 15256 car 0 0 -1 277.38872699898747 178.503568578726 401.7346811290567 235.91729867984037 -1 -1 -1 -1000 -1000 -1000 -10
108 15255 car 0 0 -1 229.3504611728749 178.9569537174096 313.779083019495 214.341236328369 -1 -1 -1 -1000 -1000 -1000 -10
108 15254 car 0 0 -1 607.2299439379383 171.57151248823155 690.603215396636 204.33001143929837 -1 -1 -1 -1000 -1000 -1000 -10
108 15231 car 0 0 -1 903.0528759686413 191.6346222225258 1257.6010884728234 378.0103552630351 -1 -1 -1 -1000 -1000 -1000 -10
109 15258 car 0 0 -1 544.3561845443094 173.49227313258646 619.3551326284389 203.49031286923557 -1 -1 -1 -1000 -1000 -1000 -10
109 15257 car 0 0 -1 815.8787960239316 169.98926497020108 909.0576904238645 200.2146816518616 -1 -1 -1 -1000 -1000 -1000 -10
109 15256 car 0 0 -1 244.43129802772353 180.309171101368 378.72745317795375 240.0438095887938 -1 -1 -1 -1000 -1000 -1000 -10
109 15254 car 0 0 -1 594.9635020238868 171.69918256742716 679.5597751502719 205.25145056131498 -1 -1 -1 -1000 -1000 -1000 -10
109 15231 car 0 0 -1 915.0116364215163 190.4202785015171 1259.754063509295 377.8673032651424 -1 -1 -1 -1000 -1000 -1000 -10
110 15258 car 0 0 -1 554.4889510176406 172.8554674014657 633.4790835398546 203.84699744581476 -1 -1 -1 -1000 -1000 -1000 -10
110 15257 car 0 0 -1 809.7780487680548 170.2994014096636 903.9254219167071 200.97816852997758 -1 -1 -1 -1000 -1000 -1000 -10
110 15256 car 0 0 -1 209.50354128279434 182.11616805985958 354.05928036915 245.0375927845437 -1 -1 -1 -1000 -1000 -1000 -10
110 15254 car 0 0 -1 581.8789552483211 172.89392939910277 668.1904166644854 207.04768067579073 -1 -1 -1 -1000 -1000 -1000 -10
110 15231 car 0 0 -1 928.8184097425215 191.95728957099047 1261.664248676254 378.9304502695427 -1 -1 -1 -1000 -1000 -1000 -10
111 15257 car 0 0 -1 802.6253010018804 169.86709401596372 901.6217279104578 201.82240920842085 -1 -1 -1 -1000 -1000 -1000 -10
111 15256 car 0 0 -1 167.28493903939767 183.33136126153804 325.4689692038768 250.90900957996334 -1 -1 -1 -1000 -1000 -1000 -10
111 15254 car 0 0 -1 568.1236944878818 173.57980950758156 656.409518042799 208.76944627261253 -1 -1 -1 -1000 -1000 -1000 -10
111 15231 car 0 0 -1 943.6932129322695 192.56784704419542 1263.1390387703796 379.1699164986927 -1 -1 -1 -1000 -1000 -1000 -10
112 15257 car 0 0 -1 793.9280808870341 168.90022928899867 895.4479704220602 201.61387971574584 -1 -1 -1 -1000 -1000 -1000 -10
112 15256 car 0 0 -1 120.69520107008707 184.5241131669267 293.9704386892277 258.2165065968489 -1 -1 -1 -1000 -1000 -1000 -10
112 15254 car 0 0 -1 553.3107203080201 173.1722814975795 643.3196227230728 209.3911695904468 -1 -1 -1 -1000 -1000 -1000 -10
112 15231 car 0 0 -1 960.6064564315668 195.7467827554221 1264.7921687387395 380.1014413909589 -1 -1 -1 -1000 -1000 -1000 -10
113 15264 DontCare 0 0 -1 985.0411850840767 156.00038909965053 1136.369118914298 266.9416576688239 -1 -1 -1 -1000 -1000 -1000 -10
113 15260 pedestrian 0 0 -1 393.67659309203884 166.72109252276582 422.6104996985872 238.79413973076683 -1 -1 -1 -1000 -1000 -1000 -10
113 15257 car 0 0 -1 782.2819765551504 173.15862713420157 880.8786539755305 203.573502716342 -1 -1 -1 -1000 -1000 -1000 -10
113 15256 car 0 0 -1 68.7994404509208 185.5449972333812 259.96132145993374 265.53034496398107 -1 -1 -1 -1000 -1000 -1000 -10
113 15255 car 0 0 -1 257.5864457996179 180.47931324922087 350.6830768252273 215.4810706814418 -1 -1 -1 -1000 -1000 -1000 -10
113 15254 car 0 0 -1 539.6298579803052 173.42665324233354 633.4572572420853 210.486085834707 -1 -1 -1 -1000 -1000 -1000 -10
113 15231 car 0 0 -1 976.350791305189 192.62902225012516 1265.2030626966734 378.12482334533416 -1 -1 -1 -1000 -1000 -1000 -10
114 15265 DontCare 0 0 -1 994.6117815293529 160.79761516434024 1143.680774175783 269.73160608051506 -1 -1 -1 -1000 -1000 -1000 -10
114 15260 pedestrian 0 0 -1 390.7674055479694 168.17863975531822 420.0006107277565 239.94332177605628 -1 -1 -1 -1000 -1000 -1000 -10
114 15257 car 0 0 -1 772.503228838729 172.14671344724684 870.8413696635148 202.94195993365554 -1 -1 -1 -1000 -1000 -1000 -10
114 15256 car 0 0 -1 16.24840462637634 188.26002869765216 224.55185544778124 277.023922739422 -1 -1 -1 -1000 -1000 -1000 -10
114 15255 car 0 0 -1 264.2799746851895 179.687319650079 360.47150150167454 215.6768784981924 -1 -1 -1 -1000 -1000 -1000 -10
114 15254 car 0 0 -1 524.767069447631 173.5919779281353 619.8893783733968 211.44670942292208 -1 -1 -1 -1000 -1000 -1000 -10
114 15231 car 0 0 -1 996.7687982223891 192.5128053201231 1267.2182309007694 378.1520461887485 -1 -1 -1 -1000 -1000 -1000 -10
115 15265 DontCare 0 0 -1 1003.4626531109387 163.31722553159094 1149.2200610612142 270.2404208285284 -1 -1 -1 -1000 -1000 -1000 -10
115 15260 pedestrian 0 0 -1 388.70964049221055 167.0544987512203 419.0207251533631 240.55246112607114 -1 -1 -1 -1000 -1000 -1000 -10
115 15258 car 0 0 -1 594.9964311792409 174.18174857751004 663.9944782467661 201.5694148341295 -1 -1 -1 -1000 -1000 -1000 -10
115 15257 car 0 0 -1 762.834452660989 172.82659776926377 861.1403914218686 203.6110858929583 -1 -1 -1 -1000 -1000 -1000 -10
115 15256 car 0 0 -1 -12.570959177951224 191.6933500614746 193.87676723800342 287.3246762201935 -1 -1 -1 -1000 -1000 -1000 -10
115 15255 car 0 0 -1 270.9015196263673 179.78223486588385 367.67401371657706 216.01287686163104 -1 -1 -1 -1000 -1000 -1000 -10
115 15254 car 0 0 -1 508.7445520486 173.17114828289675 606.947059037483 212.25431670223497 -1 -1 -1 -1000 -1000 -1000 -10
115 15231 car 0 0 -1 1018.5577710743019 194.15015038813576 1268.9452038012469 378.99764405726125 -1 -1 -1 -1000 -1000 -1000 -10
116 15265 DontCare 0 0 -1 1012.3261707973575 166.7481529749277 1162.9038072931166 275.17731648501086 -1 -1 -1 -1000 -1000 -1000 -10
116 15260 pedestrian 0 0 -1 385.93905434586395 168.39728561815383 416.84597853270816 242.42222103516787 -1 -1 -1 -1000 -1000 -1000 -10
116 15258 car 0 0 -1 607.4663370567953 175.0499147495335 671.5400034924569 201.3667504694227 -1 -1 -1 -1000 -1000 -1000 -10
116 15257 car 0 0 -1 752.4525559388338 172.63914522693744 849.0352071457543 203.63697631990766 -1 -1 -1 -1000 -1000 -1000 -10
116 15256 car 0 0 -1 -31.55801309941147 195.06452000716698 156.90228754551242 296.8108317706762 -1 -1 -1 -1000 -1000 -1000 -10
116 15255 car 0 0 -1 278.3344090987315 180.25402686714023 376.3537790417008 216.35721759663375 -1 -1 -1 -1000 -1000 -1000 -10
116 15254 car 0 0 -1 492.6488643309664 172.7007422638483 593.2379883368775 213.48689844022877 -1 -1 -1 -1000 -1000 -1000 -10
116 15231 car 0 0 -1 1041.5975902790906 196.609617002936 1270.478568878877 379.3500393880478 -1 -1 -1 -1000 -1000 -1000 -10
117 15265 DontCare 0 0 -1 1020.3784647500752 167.83318155765892 1175.0337433032814 279.3861404735714 -1 -1 -1 -1000 -1000 -1000 -10
117 15258 car 0 0 -1 617.758173249502 175.18404818974898 677.3475187380869 200.17142797462157 -1 -1 -1 -1000 -1000 -1000 -10
117 15257 car 0 0 -1 742.8960183642952 171.99780833152982 840.2097114463833 203.54701690257338 -1 -1 -1 -1000 -1000 -1000 -10
117 15256 car 0 0 -1 -45.835975324957666 199.48871140847433 109.31670519768917 304.8839830472574 -1 -1 -1 -1000 -1000 -1000 -10
117 15255 car 0 0 -1 284.98300574893307 179.1620470010438 382.08019563805266 215.13620688699228 -1 -1 -1 -1000 -1000 -1000 -10
117 15254 car 0 0 -1 475.54745041108833 172.78024448809367 578.2714477390272 215.6216373349423 -1 -1 -1 -1000 -1000 -1000 -10
117 15231 car 0 0 -1 1065.387788456677 198.98439738933615 1271.6535862481053 379.91234701367983 -1 -1 -1 -1000 -1000 -1000 -10
118 15266 pedestrian 0 0 -1 380.99477141469407 173.60685498126713 409.32106564242537 241.80623808137813 -1 -1 -1 -1000 -1000 -1000 -10
118 15258 car 0 0 -1 627.8385998155001 174.39306877809292 685.2051871052771 199.91801869483885 -1 -1 -1 -1000 -1000 -1000 -10
118 15257 car 0 0 -1 730.529836149444 172.129013783356 828.5251793443654 203.7869282604582 -1 -1 -1 -1000 -1000 -1000 -10
118 15255 car 0 0 -1 295.7545856684588 178.97394003489057 390.7542337898911 215.10023171245757 -1 -1 -1 -1000 -1000 -1000 -10
118 15254 car 0 0 -1 459.4747978762499 172.408767874258 564.7065938211587 216.79566245146782 -1 -1 -1 -1000 -1000 -1000 -10
119 15268 car 0 0 -1 983.8269297342756 159.0780550068178 1095.7044309865444 200.92202140303806 -1 -1 -1 -1000 -1000 -1000 -10
119 15258 car 0 0 -1 637.1413893800755 173.8349526943045 691.9044427347774 199.44054382172442 -1 -1 -1 -1000 -1000 -1000 -10
119 15257 car 0 0 -1 720.0118903125831 172.64093543783102 818.1135016487319 204.06413145218332 -1 -1 -1 -1000 -1000 -1000 -10
119 15255 car 0 0 -1 303.97015701641226 178.51888538500648 394.17548792212074 214.1650427483086 -1 -1 -1 -1000 -1000 -1000 -10
119 15254 car 0 0 -1 443.1199833220516 172.17518329842636 550.4030004601693 217.94863329906332 -1 -1 -1 -1000 -1000 -1000 -10
120 15268 car 0 0 -1 971.8802497008095 158.11907175077673 1083.52568704862 200.03388872803927 -1 -1 -1 -1000 -1000 -1000 -10
120 15265 DontCare 0 0 -1 1044.5017261322753 161.53956232331723 1215.9859813254532 281.9436311366005 -1 -1 -1 -1000 -1000 -1000 -10
120 15258 car 0 0 -1 644.9488543777145 175.80765709944006 696.7451504220453 199.72305928144294 -1 -1 -1 -1000 -1000 -1000 -10
120 15257 car 0 0 -1 706.5572651706991 172.19799931675084 805.9327738395882 203.48602737306624 -1 -1 -1 -1000 -1000 -1000 -10
120 15255 car 0 0 -1 312.4946894889181 177.9809280002323 399.5384525872247 213.52677217469923 -1 -1 -1 -1000 -1000 -1000 -10
120 15254 car 0 0 -1 422.75225881383034 172.15858012058956 533.8572934374536 219.58341235640066 -1 -1 -1 -1000 -1000 -1000 -10
121 15268 DontCare 0 0 -1 957.7519419924489 158.24391667652583 1069.6454685665276 201.03748397137338 -1 -1 -1 -1000 -1000 -1000 -10
121 15265 DontCare 0 0 -1 1047.3411663817433 163.83315365033917 1224.0550484978571 285.5502182166923 -1 -1 -1 -1000 -1000 -1000 -10
121 15258 car 0 0 -1 653.0000458181869 176.56869641620673 702.0585845091523 199.83030620374072 -1 -1 -1 -1000 -1000 -1000 -10
121 15257 car 0 0 -1 693.366629955215 173.74481614685632 792.3783516188115 205.47551746980642 -1 -1 -1 -1000 -1000 -1000 -10
121 15255 car 0 0 -1 325.10840308410684 176.86574126654537 410.8099068485965 212.8967520434534 -1 -1 -1 -1000 -1000 -1000 -10
121 15254 car 0 0 -1 403.36338877044915 172.41591871551734 517.9026999678044 221.86247364724446 -1 -1 -1 -1000 -1000 -1000 -10
122 15268 DontCare 0 0 -1 942.2969706854859 157.92510024077538 1055.4139016856423 201.0153558455639 -1 -1 -1 -1000 -1000 -1000 -10
122 15265 DontCare 0 0 -1 1052.4328523913032 161.86183342855608 1234.972549903016 287.5607013101903 -1 -1 -1 -1000 -1000 -1000 -10
122 15257 car 0 0 -1 680.5218758306688 173.7231499876174 782.0100073774605 206.1725140064253 -1 -1 -1 -1000 -1000 -1000 -10
122 15255 car 0 0 -1 334.71454643252633 177.66156920214104 419.7047793988124 214.06524331015441 -1 -1 -1 -1000 -1000 -1000 -10
122 15254 car 0 0 -1 385.42350456230304 173.19285546764235 502.4301665002007 224.620979953362 -1 -1 -1 -1000 -1000 -1000 -10
123 15268 DontCare 0 0 -1 933.2870696493026 157.86175563338617 1042.8693794193114 200.27455613317204 -1 -1 -1 -1000 -1000 -1000 -10
123 15265 DontCare 0 0 -1 1055.616632728227 165.1640907271605 1240.3320794334652 291.5112511684062 -1 -1 -1 -1000 -1000 -1000 -10
123 15257 car 0 0 -1 667.7987936732366 173.79110189318044 770.2574589945477 206.99870238091898 -1 -1 -1 -1000 -1000 -1000 -10
123 15255 car 0 0 -1 344.865365129773 177.0607228547071 433.8224140631783 214.76914869887221 -1 -1 -1 -1000 -1000 -1000 -10
123 15254 car 0 0 -1 359.3869579542519 173.4601122228251 483.39590781424783 228.26296896749233 -1 -1 -1 -1000 -1000 -1000 -10
124 15268 DontCare 0 0 -1 920.3514887775442 158.27972039453488 1027.86514793065 200.9930177585033 -1 -1 -1 -1000 -1000 -1000 -10
124 15265 DontCare 0 0 -1 1063.7738087442012 163.12041979859242 1246.6383627156156 289.5076151685405 -1 -1 -1 -1000 -1000 -1000 -10
124 15257 car 0 0 -1 654.0930433318406 173.39201534786793 757.7119421126458 207.71975381650088 -1 -1 -1 -1000 -1000 -1000 -10
124 15254 car 0 0 -1 340.6496073950976 173.71012493342954 467.6930546445032 230.75069389787137 -1 -1 -1 -1000 -1000 -1000 -10
125 15271 car 0 0 -1 519.3024206188807 177.01718419643336 558.5599107205346 193.98281580356664 -1 -1 -1 -1000 -1000 -1000 -10
125 15268 DontCare 0 0 -1 906.6519694006415 158.32870575976875 1013.4640728107076 201.3722232248603 -1 -1 -1 -1000 -1000 -1000 -10
125 15265 DontCare 0 0 -1 1070.9780507011112 162.88835518502844 1250.1768029371858 288.77713455702263 -1 -1 -1 -1000 -1000 -1000 -10
125 15257 car 0 0 -1 639.8745294306333 173.4894198799088 745.0207430739619 208.38096790910308 -1 -1 -1 -1000 -1000 -1000 -10
125 15254 car 0 0 -1 317.5807718334103 176.1461717563337 449.28581965520885 235.1745614336692 -1 -1 -1 -1000 -1000 -1000 -10
126 15268 car 0 0 -1 894.2074187577717 158.64232163902767 999.8104586018752 201.22328572861022 -1 -1 -1 -1000 -1000 -1000 -10
126 15265 DontCare 0 0 -1 1076.549381769151 164.64946672427385 1251.3364797431657 288.5562930811272 -1 -1 -1 -1000 -1000 -1000 -10
126 15257 car 0 0 -1 624.5886869918335 172.47007603437976 731.8567661395092 208.36326311838621 -1 -1 -1 -1000 -1000 -1000 -10
126 15254 car 0 0 -1 293.0632122470833 177.1219753402273 430.98516933146306 239.3491717287715 -1 -1 -1 -1000 -1000 -1000 -10
127 15269 car 0 0 -1 880.6719869365772 161.09900574779454 984.1854701964751 202.20050978414378 -1 -1 -1 -1000 -1000 -1000 -10
127 15268 DontCare 0 0 -1 879.6378079902327 159.32789561979277 984.3117464707927 201.27530980546922 -1 -1 -1 -1000 -1000 -1000 -10
127 15265 DontCare 0 0 -1 1078.2398088913442 164.8251511351138 1250.9534448729873 292.18749745902437 -1 -1 -1 -1000 -1000 -1000 -10
127 15257 car 0 0 -1 610.5499575711527 173.02867305278883 719.4945823084093 209.35644991993573 -1 -1 -1 -1000 -1000 -1000 -10
127 15254 car 0 0 -1 266.2830389756447 177.3500212859456 411.2055680186759 243.61052736412702 -1 -1 -1 -1000 -1000 -1000 -10
128 15269 DontCare 0 0 -1 869.050096308094 160.88954941160276 970.7885436809308 202.43839817156757 -1 -1 -1 -1000 -1000 -1000 -10
128 15268 car 0 0 -1 868.9545093994885 159.61110719926742 971.5015762945401 201.93615930517515 -1 -1 -1 -1000 -1000 -1000 -10
128 15265 DontCare 0 0 -1 1084.4927430322355 163.2136836173068 1251.9135995315592 294.50791801341745 -1 -1 -1 -1000 -1000 -1000 -10
128 15257 car 0 0 -1 596.1172162296673 173.64588617680772 705.0525740892069 209.96708683672102 -1 -1 -1 -1000 -1000 -1000 -10
128 15255 car 0 0 -1 369.5411156148511 177.5678535916888 461.0954457040577 213.6757013140135 -1 -1 -1 -1000 -1000 -1000 -10
128 15254 car 0 0 -1 235.6222393114288 177.88553785259484 388.0461251205176 247.9592506541918 -1 -1 -1 -1000 -1000 -1000 -10
129 15269 car 0 0 -1 855.6469578577947 161.56220009475908 957.2448196954596 202.42672736954933 -1 -1 -1 -1000 -1000 -1000 -10
129 15265 DontCare 0 0 -1 1088.047990751221 164.23223346941245 1251.9274924067943 300.91304641616 -1 -1 -1 -1000 -1000 -1000 -10
129 15257 car 0 0 -1 582.7576633377636 173.96311954989525 692.5339785913856 211.40524316989112 -1 -1 -1 -1000 -1000 -1000 -10
129 15255 car 0 0 -1 378.9182960763857 177.42087831844395 467.9876841141979 212.94897120647272 -1 -1 -1 -1000 -1000 -1000 -10
129 15254 car 0 0 -1 201.67645946848552 178.4012377715749 364.8123564750201 253.1246317283541 -1 -1 -1 -1000 -1000 -1000 -10
130 15269 car 0 0 -1 843.3706481676006 161.91853576229795 943.8941770941512 202.28728891871054 -1 -1 -1 -1000 -1000 -1000 -10
130 15265 DontCare 0 0 -1 1091.8448367743256 161.40407341661083 1251.011438361252 303.19276533431116 -1 -1 -1 -1000 -1000 -1000 -10
130 15257 car 0 0 -1 569.1151489596156 173.98327799725305 677.528769903032 211.3778306320755 -1 -1 -1 -1000 -1000 -1000 -10
130 15255 car 0 0 -1 384.9631989166428 176.9116929024855 470.9554612054153 211.17661456771808 -1 -1 -1 -1000 -1000 -1000 -10
130 15254 car 0 0 -1 161.05877548772452 179.46481115980407 336.5881371892603 259.34347166136723 -1 -1 -1 -1000 -1000 -1000 -10
131 15273 pedestrian 0 0 -1 352.1784205709409 169.01405491249471 384.58664851062207 254.10348695657967 -1 -1 -1 -1000 -1000 -1000 -10
131 15269 car 0 0 -1 831.4050885118056 162.22707649713436 932.7177484859501 202.70309980443324 -1 -1 -1 -1000 -1000 -1000 -10
131 15265 DontCare 0 0 -1 1097.7671279494473 159.6767195010255 1251.0228165280444 301.3534139123815 -1 -1 -1 -1000 -1000 -1000 -10
131 15257 car 0 0 -1 551.2975440930682 174.51378441989758 661.7389742895414 212.78316641628086 -1 -1 -1 -1000 -1000 -1000 -10
131 15255 car 0 0 -1 385.84849778335933 176.6371618561024 471.12546656511483 210.59621418113386 -1 -1 -1 -1000 -1000 -1000 -10
131 15254 car 0 0 -1 116.49504885790394 180.50601098491836 307.3066109588234 266.8356015993716 -1 -1 -1 -1000 -1000 -1000 -10
132 15273 pedestrian 0 0 -1 350.29591804996517 170.2248739649329 383.6773292395319 255.40625216012143 -1 -1 -1 -1000 -1000 -1000 -10
132 15269 car 0 0 -1 817.5546802200224 162.8378434367186 918.3372594399787 203.00544258211616 -1 -1 -1 -1000 -1000 -1000 -10
132 15265 DontCare 0 0 -1 1103.420769208411 165.40520779379182 1251.173862017698 306.6548843388111 -1 -1 -1 -1000 -1000 -1000 -10
132 15257 car 0 0 -1 534.4501487206427 174.9226850318562 647.0370735252967 214.3936512888423 -1 -1 -1 -1000 -1000 -1000 -10
132 15255 car 0 0 -1 396.45411857199616 177.06095831378087 474.9009886263519 210.51516378134272 -1 -1 -1 -1000 -1000 -1000 -10
132 15254 car 0 0 -1 66.97173347346882 182.64039445277945 275.30362457851794 276.30814577809844 -1 -1 -1 -1000 -1000 -1000 -10
133 15273 pedestrian 0 0 -1 348.8222498909719 171.6584038220131 382.20163652954113 256.154643524263 -1 -1 -1 -1000 -1000 -1000 -10
133 15268 DontCare 0 0 -1 803.0268786972299 162.88582139917423 902.5968789713434 204.42151329468936 -1 -1 -1 -1000 -1000 -1000 -10
133 15265 DontCare 0 0 -1 1111.022300170309 164.9921797312195 1251.964808641265 307.25064690412626 -1 -1 -1 -1000 -1000 -1000 -10
133 15257 car 0 0 -1 518.3411214643473 175.2163033652152 633.7087551707981 216.14720475788596 -1 -1 -1 -1000 -1000 -1000 -10
133 15255 car 0 0 -1 401.82874611419936 177.55323161061648 473.95913804209124 210.81998524606843 -1 -1 -1 -1000 -1000 -1000 -10
133 15254 car 0 0 -1 21.03832472491895 184.47261441138232 244.73609496652523 286.5784081798925 -1 -1 -1 -1000 -1000 -1000 -10
134 15273 pedestrian 0 0 -1 346.8870312103544 171.19907111384023 380.40671959241536 256.469257910389 -1 -1 -1 -1000 -1000 -1000 -10
134 15268 car 0 0 -1 789.687549236041 162.88556539458287 888.0167458325371 203.76669754686029 -1 -1 -1 -1000 -1000 -1000 -10
134 15265 DontCare 0 0 -1 1115.9526292303972 162.4497582717188 1251.1836787037619 302.5822309227654 -1 -1 -1 -1000 -1000 -1000 -10
134 15257 car 0 0 -1 502.17387707375553 174.87356752191593 619.9499849659411 216.58454523593977 -1 -1 -1 -1000 -1000 -1000 -10
134 15255 car 0 0 -1 405.51757218188754 177.13963505564286 472.23720227520164 210.2409367943017 -1 -1 -1 -1000 -1000 -1000 -10
134 15254 car 0 0 -1 -5.344604457187913 187.4588522336926 219.48251760754374 298.4725488766668 -1 -1 -1 -1000 -1000 -1000 -10
135 15276 car 0 0 -1 703.9862403411961 176.24876784248974 729.3965698988881 194.86342438109884 -1 -1 -1 -1000 -1000 -1000 -10
135 15273 pedestrian 0 0 -1 344.2178840680879 171.33418484385885 377.6883811760287 256.20964806977594 -1 -1 -1 -1000 -1000 -1000 -10
135 15269 car 0 0 -1 774.2017231320211 163.1382176332486 872.6628542760437 203.79393117527673 -1 -1 -1 -1000 -1000 -1000 -10
135 15268 DontCare 0 0 -1 775.3110782118122 162.8415662044116 873.0672080541024 204.2041842725502 -1 -1 -1 -1000 -1000 -1000 -10
135 15265 DontCare 0 0 -1 1119.0561324237528 162.29733806177364 1249.9796858749773 303.2070180863046 -1 -1 -1 -1000 -1000 -1000 -10
135 15257 car 0 0 -1 483.94102395824933 175.2609366624029 602.8582225307235 217.50913052797205 -1 -1 -1 -1000 -1000 -1000 -10
135 15255 car 0 0 -1 408.24955239782685 177.4737083012558 469.906701215112 210.19310387266833 -1 -1 -1 -1000 -1000 -1000 -10
135 15254 car 0 0 -1 -22.64067005793133 188.9038290475109 189.40864501385005 306.40781957390686 -1 -1 -1 -1000 -1000 -1000 -10
136 15276 car 0 0 -1 704.5582861701575 176.44757971587 730.0424825779526 195.42019305296975 -1 -1 -1 -1000 -1000 -1000 -10
136 15273 pedestrian 0 0 -1 342.86612082275855 172.6593855739721 375.21852690147256 256.87938218547407 -1 -1 -1 -1000 -1000 -1000 -10
136 15268 DontCare 0 0 -1 763.0390797261742 163.39798348928258 860.0753765959104 205.0916936271152 -1 -1 -1 -1000 -1000 -1000 -10
136 15265 DontCare 0 0 -1 1122.2186828927752 158.1090120593957 1249.1933559677373 300.3353233753093 -1 -1 -1 -1000 -1000 -1000 -10
136 15257 car 0 0 -1 464.14335826122294 176.3030709366096 585.9537291172545 219.54803047020786 -1 -1 -1 -1000 -1000 -1000 -10
136 15255 car 0 0 -1 412.52732707791046 178.78919906337563 471.34139849566935 210.9557885704017 -1 -1 -1 -1000 -1000 -1000 -10
136 15254 car 0 0 -1 -35.95729580696309 194.23161975721007 151.75153818120347 317.4944346156699 -1 -1 -1 -1000 -1000 -1000 -10
137 15276 car 0 0 -1 705.6156876396781 176.98013454819423 731.3974869122626 195.84243197494354 -1 -1 -1 -1000 -1000 -1000 -10
137 15273 pedestrian 0 0 -1 341.57538358101004 173.10622381290605 373.9290807244634 257.7901880383531 -1 -1 -1 -1000 -1000 -1000 -10
137 15268 DontCare 0 0 -1 749.2345047639117 163.89964740278424 846.2231649643898 206.42980608769983 -1 -1 -1 -1000 -1000 -1000 -10
137 15265 DontCare 0 0 -1 1132.0577629716167 160.80887488299868 1251.086183342206 300.1544253429887 -1 -1 -1 -1000 -1000 -1000 -10
137 15257 car 0 0 -1 446.48376818265456 177.9752185008403 572.9463977664152 222.2779263384504 -1 -1 -1 -1000 -1000 -1000 -10
137 15255 car 0 0 -1 416.8226496383897 178.91760153551135 476.10129081742485 210.9694199475604 -1 -1 -1 -1000 -1000 -1000 -10
137 15254 car 0 0 -1 -47.708786552944794 200.84937291790766 103.32345099172682 326.6782940522097 -1 -1 -1 -1000 -1000 -1000 -10
138 15273 pedestrian 0 0 -1 340.0014836202989 173.0878247278763 372.68261470647553 258.2548387004883 -1 -1 -1 -1000 -1000 -1000 -10
138 15268 DontCare 0 0 -1 733.301167406054 164.8571745635414 830.9732180384028 207.4580809453321 -1 -1 -1 -1000 -1000 -1000 -10
138 15265 DontCare 0 0 -1 1138.7214599681263 152.37745845849952 1251.211700351873 295.1410252040996 -1 -1 -1 -1000 -1000 -1000 -10
138 15257 car 0 0 -1 429.6356561115965 178.6086707034671 559.4787344622854 223.9279025650397 -1 -1 -1 -1000 -1000 -1000 -10
138 15255 car 0 0 -1 415.6432781634281 179.46675824085972 478.4678669400783 212.43531869682445 -1 -1 -1 -1000 -1000 -1000 -10
139 15273 pedestrian 0 0 -1 337.05843038796615 172.66849104941332 370.6935210663647 259.46420557918964 -1 -1 -1 -1000 -1000 -1000 -10
139 15268 DontCare 0 0 -1 718.334706001444 165.40125935526163 815.3923031272037 208.29635473593942 -1 -1 -1 -1000 -1000 -1000 -10
139 15265 DontCare 0 0 -1 1144.2991778703615 156.60203402283486 1250.54484812016 296.91886160248947 -1 -1 -1 -1000 -1000 -1000 -10
139 15257 car 0 0 -1 409.08629829377645 179.0256414188475 542.0164208186601 225.6366079416402 -1 -1 -1 -1000 -1000 -1000 -10
140 15279 DontCare 0 0 -1 1035.4990884852768 116.9851372058873 1233.5027453512644 210.89716810532653 -1 -1 -1 -1000 -1000 -1000 -10
140 15273 pedestrian 0 0 -1 334.5720523105047 172.7995609934933 368.8116434372985 260.2530628694463 -1 -1 -1 -1000 -1000 -1000 -10
140 15268 car 0 0 -1 702.8530824805778 165.989839002385 800.5801154944727 208.8583098486548 -1 -1 -1 -1000 -1000 -1000 -10
140 15265 DontCare 0 0 -1 1147.3458812463414 158.37308319554103 1249.0905869494832 298.0886069988676 -1 -1 -1 -1000 -1000 -1000 -10
140 15257 car 0 0 -1 389.2048232947035 179.4807482526797 526.2050165460221 227.89804665315057 -1 -1 -1 -1000 -1000 -1000 -10
141 15279 DontCare 0 0 -1 1015.4372675262088 116.6061825828188 1232.1050156387023 211.60968767992716 -1 -1 -1 -1000 -1000 -1000 -10
141 15273 pedestrian 0 0 -1 332.61331249839327 173.54699086034174 366.61842071684646 261.1398956731452 -1 -1 -1 -1000 -1000 -1000 -10
141 15268 DontCare 0 0 -1 688.2190303996291 165.93238838800704 785.680127635405 209.3230609164102 -1 -1 -1 -1000 -1000 -1000 -10
141 15265 DontCare 0 0 -1 1151.4347944343135 157.12076880889396 1248.616294531476 298.4918204230602 -1 -1 -1 -1000 -1000 -1000 -10
141 15257 car 0 0 -1 370.282419345383 179.24701418329187 510.3389691435858 229.76402646367018 -1 -1 -1 -1000 -1000 -1000 -10
142 15279 DontCare 0 0 -1 1000.3986067460593 117.01628190593456 1231.5956629972382 211.2320407499278 -1 -1 -1 -1000 -1000 -1000 -10
142 15273 pedestrian 0 0 -1 331.1483779249437 174.68823703429644 364.6780616768772 262.560155779655 -1 -1 -1 -1000 -1000 -1000 -10
142 15268 DontCare 0 0 -1 672.4571088002297 166.26018822987646 770.2419336056373 209.77472468830751 -1 -1 -1 -1000 -1000 -1000 -10
142 15257 car 0 0 -1 352.29103710794357 178.97292902871325 493.90223102312757 231.2568463565938 -1 -1 -1 -1000 -1000 -1000 -10
143 15279 DontCare 0 0 -1 977.3625616281237 118.13545774645969 1227.206114231545 210.82474627268357 -1 -1 -1 -1000 -1000 -1000 -10
143 15268 DontCare 0 0 -1 657.2066396109095 166.71132032864745 755.6287512260868 210.89873219087463 -1 -1 -1 -1000 -1000 -1000 -10
143 15257 car 0 0 -1 323.8455245877629 180.885332333713 471.7449023259315 234.32480171221755 -1 -1 -1 -1000 -1000 -1000 -10
144 15279 DontCare 0 0 -1 955.2486115265632 121.23748437638196 1213.310207841567 210.07340303272073 -1 -1 -1 -1000 -1000 -1000 -10
144 15268 DontCare 0 0 -1 641.2656600014192 166.4721458226736 740.2601708781932 211.70694262969386 -1 -1 -1 -1000 -1000 -1000 -10
144 15257 car 0 0 -1 295.2993439950092 181.12970131153273 452.06971174669224 237.22011899435066 -1 -1 -1 -1000 -1000 -1000 -10
145 15279 DontCare 0 0 -1 936.6118311452963 122.44114190726688 1203.0073390280834 209.65649282511984 -1 -1 -1 -1000 -1000 -1000 -10
145 15268 DontCare 0 0 -1 624.362250966274 166.34756775700325 724.6587086581843 212.6714959381956 -1 -1 -1 -1000 -1000 -1000 -10
145 15257 car 0 0 -1 267.7681899761567 181.69339939178622 432.33682966862057 241.04919318965398 -1 -1 -1 -1000 -1000 -1000 -10
146 15279 DontCare 0 0 -1 921.2611709001853 121.22649554759963 1206.3695412604943 209.05034357526873 -1 -1 -1 -1000 -1000 -1000 -10
146 15269 DontCare 0 0 -1 607.8470589256694 166.33047145427847 708.3130111897228 213.6886307386225 -1 -1 -1 -1000 -1000 -1000 -10
146 15257 car 0 0 -1 237.02556097462298 183.49361817899722 411.65122095439676 246.7243109579794 -1 -1 -1 -1000 -1000 -1000 -10
147 15279 DontCare 0 0 -1 893.6657582664182 122.5902652368556 1191.3455669338252 209.69849152448683 -1 -1 -1 -1000 -1000 -1000 -10
147 15273 pedestrian 0 0 -1 324.7806011723221 175.0981266840371 359.0770852373704 263.9565835639051 -1 -1 -1 -1000 -1000 -1000 -10
147 15269 DontCare 0 0 -1 590.7219632227976 166.4901369534088 692.2458273493916 214.48692476279518 -1 -1 -1 -1000 -1000 -1000 -10
147 15257 car 0 0 -1 199.83461608569735 184.18258707829023 378.2456854021516 250.7522758947 -1 -1 -1 -1000 -1000 -1000 -10
148 15279 DontCare 0 0 -1 874.6157994335371 122.12793161577815 1179.5449655018792 208.8618284286154 -1 -1 -1 -1000 -1000 -1000 -10
148 15273 pedestrian 0 0 -1 321.7956704255001 175.19759280208854 356.4483343223389 264.7737129869236 -1 -1 -1 -1000 -1000 -1000 -10
148 15269 DontCare 0 0 -1 573.4684019160519 165.9794052847821 675.6795838796503 214.67677410281374 -1 -1 -1 -1000 -1000 -1000 -10
148 15257 car 0 0 -1 165.968005889376 185.38081725598298 352.59371005212216 255.1715609145314 -1 -1 -1 -1000 -1000 -1000 -10
149 15279 DontCare 0 0 -1 856.5097991287253 122.37899820442075 1168.535700855634 208.1021368128314 -1 -1 -1 -1000 -1000 -1000 -10
149 15273 pedestrian 0 0 -1 319.6910240017685 175.0284305464706 353.93077702798905 264.604952003423 -1 -1 -1 -1000 -1000 -1000 -10
149 15269 DontCare 0 0 -1 555.4382139849166 166.9617336233103 658.9918680829056 216.15858720125823 -1 -1 -1 -1000 -1000 -1000 -10
149 15257 car 0 0 -1 129.12898461368485 186.06646516115111 328.3245216635425 259.7854939923185 -1 -1 -1 -1000 -1000 -1000 -10
150 15279 DontCare 0 0 -1 837.7889561762499 123.22076568306693 1164.1250806174376 208.38413902946564 -1 -1 -1 -1000 -1000 -1000 -10
150 15273 pedestrian 0 0 -1 318.3451423448119 173.51987517347692 352.3337030547737 263.9943014773947 -1 -1 -1 -1000 -1000 -1000 -10
150 15269 DontCare 0 0 -1 536.6055847066111 166.94785629344227 641.4699556171317 217.0789008072585 -1 -1 -1 -1000 -1000 -1000 -10
150 15257 car 0 0 -1 89.90789158792231 187.371767261063 306.5451540636309 264.9577539848949 -1 -1 -1 -1000 -1000 -1000 -10
151 15279 DontCare 0 0 -1 817.6202374820042 124.08172781654363 1148.1475586840606 209.2557274093344 -1 -1 -1 -1000 -1000 -1000 -10
151 15273 pedestrian 0 0 -1 316.9806602294648 174.20366289156544 351.39192169920454 265.75815017340784 -1 -1 -1 -1000 -1000 -1000 -10
151 15269 DontCare 0 0 -1 517.4111366593295 166.6176438606806 625.664926920283 218.3750916308817 -1 -1 -1 -1000 -1000 -1000 -10
151 15257 car 0 0 -1 40.93273277004889 188.92527215097567 277.6387167182685 272.280310598679 -1 -1 -1 -1000 -1000 -1000 -10
152 15279 DontCare 0 0 -1 797.9435201359338 125.63882188045713 1126.1604551105365 210.31423918122928 -1 -1 -1 -1000 -1000 -1000 -10
152 15273 pedestrian 0 0 -1 314.852493314681 174.8790591574272 350.14382689609573 267.3005000338285 -1 -1 -1 -1000 -1000 -1000 -10
152 15269 DontCare 0 0 -1 498.02749155660916 167.82730637986532 607.9651060114733 220.1141903125632 -1 -1 -1 -1000 -1000 -1000 -10
152 15257 car 0 0 -1 8.182082284924363 191.21598941865003 252.94355910082004 279.7641947927135 -1 -1 -1 -1000 -1000 -1000 -10
153 15279 DontCare 0 0 -1 778.7112348541025 126.02090845314055 1105.0081116053334 210.89397886626566 -1 -1 -1 -1000 -1000 -1000 -10
153 15273 pedestrian 0 0 -1 313.0110389226585 174.94829125593057 349.50929691741885 268.04812043818856 -1 -1 -1 -1000 -1000 -1000 -10
153 15269 DontCare 0 0 -1 477.176963825999 167.59372942947832 589.6490789615135 221.432933560294 -1 -1 -1 -1000 -1000 -1000 -10
153 15257 car 0 0 -1 -11.233361508586924 193.64126342225924 230.57381276190893 288.0915887385832 -1 -1 -1 -1000 -1000 -1000 -10
154 15279 DontCare 0 0 -1 762.6475409982793 126.63614951433452 1085.1709704378227 211.27125783219378 -1 -1 -1 -1000 -1000 -1000 -10
154 15273 pedestrian 0 0 -1 310.86383850020513 175.17758827115614 348.212906969316 268.1018301113188 -1 -1 -1 -1000 -1000 -1000 -10
154 15269 DontCare 0 0 -1 454.13949469063385 167.37764026133223 570.1357150458831 222.6769734636495 -1 -1 -1 -1000 -1000 -1000 -10
154 15257 car 0 0 -1 -23.903286271891915 195.3530230866112 204.79876408565795 294.22158603310237 -1 -1 -1 -1000 -1000 -1000 -10
155 15279 DontCare 0 0 -1 745.8916641325964 127.2093859620968 1065.122686345307 211.04442195397382 -1 -1 -1 -1000 -1000 -1000 -10
155 15273 pedestrian 0 0 -1 308.93484159658726 173.72543924284028 346.3300227184982 267.0206668456031 -1 -1 -1 -1000 -1000 -1000 -10
155 15269 DontCare 0 0 -1 431.376207250885 167.6095486808393 549.7423955281864 224.75792365723564 -1 -1 -1 -1000 -1000 -1000 -10
155 15257 car 0 0 -1 -33.42738403659888 196.1060756174972 173.20427610734717 297.5797277753791 -1 -1 -1 -1000 -1000 -1000 -10
156 15279 DontCare 0 0 -1 730.6266488309016 127.57434370288127 1045.889184914182 210.78248752496444 -1 -1 -1 -1000 -1000 -1000 -10
156 15273 pedestrian 0 0 -1 306.46840927903156 173.45173789045822 344.1923009101881 267.6195310779141 -1 -1 -1 -1000 -1000 -1000 -10
156 15269 DontCare 0 0 -1 407.23963573567465 168.63067457539674 529.2155174668485 227.18904790068515 -1 -1 -1 -1000 -1000 -1000 -10
156 15257 car 0 0 -1 -41.521854605528496 196.92379164828174 135.22365649705762 300.1072201657327 -1 -1 -1 -1000 -1000 -1000 -10
157 15279 DontCare 0 0 -1 713.955737856862 127.82387506130456 1025.6712755527253 210.5461470879973 -1 -1 -1 -1000 -1000 -1000 -10
157 15273 pedestrian 0 0 -1 306.16762012226377 172.82291724991134 344.1649468766208 269.0102298350174 -1 -1 -1 -1000 -1000 -1000 -10
157 15269 DontCare 0 0 -1 380.3298482682285 169.28184910037913 507.0008190838927 229.76451779765148 -1 -1 -1 -1000 -1000 -1000 -10
157 15257 car 0 0 -1 -48.57461470082781 201.92941425736905 91.69708922468543 306.6493513729342 -1 -1 -1 -1000 -1000 -1000 -10
158 15279 DontCare 0 0 -1 699.5970057458564 128.66478989413997 1007.4918309162858 210.99715242799596 -1 -1 -1 -1000 -1000 -1000 -10
158 15273 pedestrian 0 0 -1 306.0702602772098 172.88329753698522 344.24761942210733 270.5305617201054 -1 -1 -1 -1000 -1000 -1000 -10
158 15269 DontCare 0 0 -1 353.9483291612511 169.89862915664864 485.8653806154931 232.93579622214006 -1 -1 -1 -1000 -1000 -1000 -10
159 15284 car 0 0 -1 322.78513581732295 168.36127630375753 467.19825442890965 241.44764619236284 -1 -1 -1 -1000 -1000 -1000 -10
159 15279 DontCare 0 0 -1 685.1947406972455 129.5117073011233 991.6669934813896 211.2717412327479 -1 -1 -1 -1000 -1000 -1000 -10
159 15273 pedestrian 0 0 -1 305.12906267659764 174.0210974153857 343.97695253448524 271.9354327855528 -1 -1 -1 -1000 -1000 -1000 -10
159 15269 DontCare 0 0 -1 331.27034555130945 170.47616676768243 466.2453507370627 236.35355304286 -1 -1 -1 -1000 -1000 -1000 -10
160 15285 car 0 0 -1 231.43463286289298 183.4422485564471 302.6825953731112 215.08704909826406 -1 -1 -1 -1000 -1000 -1000 -10
160 15284 DontCare 0 0 -1 289.2683785358752 167.46861511741704 443.2556753683748 244.24828830330316 -1 -1 -1 -1000 -1000 -1000 -10
160 15279 DontCare 0 0 -1 670.3034067474714 129.93842882739142 973.9314963050222 211.2457891030367 -1 -1 -1 -1000 -1000 -1000 -10
161 15284 DontCare 0 0 -1 252.39783600120586 167.00338953139786 418.64962082133275 249.5286787287524 -1 -1 -1 -1000 -1000 -1000 -10
161 15279 DontCare 0 0 -1 655.2909185373608 130.34853236801274 958.0212469938299 211.61729092872997 -1 -1 -1 -1000 -1000 -1000 -10
162 15284 DontCare 0 0 -1 219.9573731431721 167.75235696600464 394.42323906031237 255.228261585602 -1 -1 -1 -1000 -1000 -1000 -10
162 15279 DontCare 0 0 -1 641.2593464539724 130.97053648174827 944.3905627003265 211.92176206985877 -1 -1 -1 -1000 -1000 -1000 -10
163 15285 car 0 0 -1 149.01236665540767 187.6518181896587 249.58103750644256 225.04747799912948 -1 -1 -1 -1000 -1000 -1000 -10
163 15284 DontCare 0 0 -1 186.42387684726418 167.71326267567736 377.20331754760593 261.519206067439 -1 -1 -1 -1000 -1000 -1000 -10
163 15279 DontCare 0 0 -1 625.3204428657664 130.5052490885143 928.0110842654071 212.06055489194966 -1 -1 -1 -1000 -1000 -1000 -10
164 15284 DontCare 0 0 -1 144.99679701241408 166.32120976014824 352.0094614977319 266.3133972002291 -1 -1 -1 -1000 -1000 -1000 -10
164 15279 DontCare 0 0 -1 611.0700502083422 130.99164367053626 909.4777724607626 212.08085484834496 -1 -1 -1 -1000 -1000 -1000 -10
165 15284 DontCare 0 0 -1 95.46609431729951 166.56563482971717 314.38761019650036 271.8592487985272 -1 -1 -1 -1000 -1000 -1000 -10
165 15279 DontCare 0 0 -1 599.139667634563 131.4192975977713 897.5993059759546 212.477944071186 -1 -1 -1 -1000 -1000 -1000 -10
165 15273 pedestrian 0 0 -1 299.814086776874 172.69023781358655 339.58462555073095 270.91600291597524 -1 -1 -1 -1000 -1000 -1000 -10
166 15284 car 0 0 -1 42.1374989992066 167.0840156640013 278.7287487795919 280.69053488482405 -1 -1 -1 -1000 -1000 -1000 -10
166 15279 DontCare 0 0 -1 585.886581212703 131.77390047243648 883.2517178769751 213.0687084448544 -1 -1 -1 -1000 -1000 -1000 -10
166 15273 pedestrian 0 0 -1 300.0108086412985 171.6049967680774 339.66717746580497 270.3759370949064 -1 -1 -1 -1000 -1000 -1000 -10
167 15287 car 0 0 -1 -6.4551855451819335 166.55161120265507 247.57881739732397 295.4476246987861 -1 -1 -1 -1000 -1000 -1000 -10
167 15284 DontCare 0 0 -1 0.47220316955480257 168.9752157556402 246.35502299810625 290.7693779763278 -1 -1 -1 -1000 -1000 -1000 -10
167 15279 DontCare 0 0 -1 572.3695093320185 131.68149433338826 867.7111305674049 212.8448822205681 -1 -1 -1 -1000 -1000 -1000 -10
167 15273 pedestrian 0 0 -1 299.6487170521405 171.5730376292094 339.5386650233481 270.4487517145255 -1 -1 -1 -1000 -1000 -1000 -10
168 15288 car 0 0 -1 513.4156581518513 178.48117752738924 556.113563093004 198.51882247261076 -1 -1 -1 -1000 -1000 -1000 -10
168 15287 car 0 0 -1 -19.775036626620235 170.8990223548999 216.82219781446952 303.64179427496634 -1 -1 -1 -1000 -1000 -1000 -10
168 15279 DontCare 0 0 -1 558.8631156588552 132.31142121770276 853.5585523129679 213.38060643457382 -1 -1 -1 -1000 -1000 -1000 -10
168 15273 pedestrian 0 0 -1 299.32600933273113 171.55256005443096 339.08551351412495 270.48213115132785 -1 -1 -1 -1000 -1000 -1000 -10
169 15288 car 0 0 -1 513.5831369472193 178.65866107539856 558.1274267583323 199.1884215791691 -1 -1 -1 -1000 -1000 -1000 -10
169 15287 DontCare 0 0 -1 -26.132402735349856 175.28370836192028 177.75199915231315 305.2146939818036 -1 -1 -1 -1000 -1000 -1000 -10
169 15279 DontCare 0 0 -1 547.2560177877216 133.40487226395913 840.6434104613573 214.6692500961426 -1 -1 -1 -1000 -1000 -1000 -10
169 15273 pedestrian 0 0 -1 299.2546123832062 171.53381885423101 338.92265379994683 270.50329215982873 -1 -1 -1 -1000 -1000 -1000 -10
170 15287 DontCare 0 0 -1 -31.66738465297881 184.1546949738065 134.232026959044 311.73074402832276 -1 -1 -1 -1000 -1000 -1000 -10
170 15284 car 0 0 -1 -44.8798703186765 179.37277977069735 144.86484106043773 315.8487521589009 -1 -1 -1 -1000 -1000 -1000 -10
170 15279 DontCare 0 0 -1 535.0154476894324 134.89328153199946 828.2331274577502 216.02130678416242 -1 -1 -1 -1000 -1000 -1000 -10
170 15273 pedestrian 0 0 -1 299.2717270073774 172.173348162369 338.87301571243734 271.16867728228783 -1 -1 -1 -1000 -1000 -1000 -10
171 15287 car 0 0 -1 -35.13835952637041 197.51356815278734 77.44084110555711 308.74709646025786 -1 -1 -1 -1000 -1000 -1000 -10
171 15279 DontCare 0 0 -1 521.3620872311261 135.65960500226714 813.9046112899986 216.9575551055142 -1 -1 -1 -1000 -1000 -1000 -10
171 15273 pedestrian 0 0 -1 299.50028893193974 171.93367992684827 339.33688557447977 271.246789792754 -1 -1 -1 -1000 -1000 -1000 -10
172 15279 DontCare 0 0 -1 509.7094835136995 134.50917321494444 802.1785290205544 216.7619242766964 -1 -1 -1 -1000 -1000 -1000 -10
172 15273 pedestrian 0 0 -1 299.56902298294654 171.32224877212113 339.57707438389184 271.13841109813177 -1 -1 -1 -1000 -1000 -1000 -10
173 15279 DontCare 0 0 -1 496.7146833046886 134.06876467115973 790.2664790422045 217.31337526620013 -1 -1 -1 -1000 -1000 -1000 -10
173 15273 pedestrian 0 0 -1 299.1222731508619 171.46319663591547 339.52834487415447 271.3736217269544 -1 -1 -1 -1000 -1000 -1000 -10
174 15279 DontCare 0 0 -1 484.46163791424067 134.83514703501595 778.9771175750196 218.52214012451287 -1 -1 -1 -1000 -1000 -1000 -10
174 15273 pedestrian 0 0 -1 298.9016345379003 171.0351111973672 339.5977063287541 271.2887815493792 -1 -1 -1 -1000 -1000 -1000 -10
175 15279 DontCare 0 0 -1 472.25848431401727 134.57300000384222 767.4901548078751 218.8544545451534 -1 -1 -1 -1000 -1000 -1000 -10
175 15273 pedestrian 0 0 -1 298.78621008852355 170.8166246495013 339.69018660528883 271.31019493320343 -1 -1 -1 -1000 -1000 -1000 -10
176 15279 DontCare 0 0 -1 460.1738125686977 134.07234644230647 757.1212057468981 219.35424054285062 -1 -1 -1 -1000 -1000 -1000 -10
176 15273 pedestrian 0 0 -1 298.72345808189596 170.69557553718033 339.77586419918816 271.35538536592173 -1 -1 -1 -1000 -1000 -1000 -10
177 15279 DontCare 0 0 -1 446.5914160907167 133.88686005236468 744.7875953234059 220.1672905655243 -1 -1 -1 -1000 -1000 -1000 -10
177 15273 pedestrian 0 0 -1 298.6895473650265 170.62414500147833 339.84725639868947 271.39748931444916 -1 -1 -1 -1000 -1000 -1000 -10
178 15279 DontCare 0 0 -1 435.1502993266236 133.61870404924957 736.1715839453439 220.65001049311007 -1 -1 -1 -1000 -1000 -1000 -10
178 15273 pedestrian 0 0 -1 298.6711692352843 170.11467037768892 339.90595099095674 271.2424983102242 -1 -1 -1 -1000 -1000 -1000 -10
179 15279 DontCare 0 0 -1 422.28093380672055 134.03375043095184 725.3199184510946 221.59958731567406 -1 -1 -1 -1000 -1000 -1000 -10
179 15273 pedestrian 0 0 -1 298.66405094855685 169.86293703889177 339.9519885009774 271.2426108597929 -1 -1 -1 -1000 -1000 -1000 -10
180 15279 DontCare 0 0 -1 406.83320165887574 133.6269228719177 711.069920586228 221.8485507346527 -1 -1 -1 -1000 -1000 -1000 -10
180 15273 pedestrian 0 0 -1 299.1299168608556 169.73609818100613 340.1752610107852 271.2759161621741 -1 -1 -1 -1000 -1000 -1000 -10
181 15279 DontCare 0 0 -1 392.8092851163244 133.34368207814083 699.0045362637247 222.0489891197857 -1 -1 -1 -1000 -1000 -1000 -10
181 15273 pedestrian 0 0 -1 299.3596236487357 169.66314588721866 340.22563900634236 271.31570388202766 -1 -1 -1 -1000 -1000 -1000 -10
182 15279 DontCare 0 0 -1 376.12994796560497 132.95509565591524 685.0929136487043 221.73270974858573 -1 -1 -1 -1000 -1000 -1000 -10
182 15273 pedestrian 0 0 -1 299.48696887235104 169.6191987881563 340.2199268120568 271.3493890649297 -1 -1 -1 -1000 -1000 -1000 -10
183 15279 DontCare 0 0 -1 356.9466403556701 133.14144546286187 671.328208497539 222.56721073739445 -1 -1 -1 -1000 -1000 -1000 -10
183 15273 pedestrian 0 0 -1 299.56631011922576 169.59243582089204 340.2000656346965 271.3744421008145 -1 -1 -1 -1000 -1000 -1000 -10
184 15279 DontCare 0 0 -1 343.48514588057174 133.1087476435503 660.1035984560933 222.97132487499888 -1 -1 -1 -1000 -1000 -1000 -10
184 15273 pedestrian 0 0 -1 299.6216459335216 170.04180666960752 340.1791364275769 271.579416394276 -1 -1 -1 -1000 -1000 -1000 -10
185 15279 DontCare 0 0 -1 327.49957679433766 131.9876495859238 647.3633413352734 223.56360792361005 -1 -1 -1 -1000 -1000 -1000 -10
185 15273 pedestrian 0 0 -1 300.1285017199982 171.84413535059014 340.3489432009833 272.6384124328056 -1 -1 -1 -1000 -1000 -1000 -10
186 15279 DontCare 0 0 -1 313.3998009490863 131.44163109577983 636.4253138018574 224.54662150756604 -1 -1 -1 -1000 -1000 -1000 -10
186 15273 pedestrian 0 0 -1 300.38522524250965 172.19597893251677 340.3578217855135 272.71592184776176 -1 -1 -1 -1000 -1000 -1000 -10
187 15279 DontCare 0 0 -1 278.2036203330637 129.95307757270388 619.2523832811253 226.1875126340754 -1 -1 -1 -1000 -1000 -1000 -10
187 15273 pedestrian 0 0 -1 300.8082736946778 172.84527701799988 340.0420812025921 272.8737892908136 -1 -1 -1 -1000 -1000 -1000 -10
188 15279 DontCare 0 0 -1 256.36025090664043 129.1336236289566 606.4583388823338 227.70452794086643 -1 -1 -1 -1000 -1000 -1000 -10
188 15273 pedestrian 0 0 -1 301.5668983018444 173.1828269875741 339.9824913668924 272.8328930866629 -1 -1 -1 -1000 -1000 -1000 -10
189 15279 DontCare 0 0 -1 238.30621702715214 128.8960775160021 595.3489552942704 228.8466567736362 -1 -1 -1 -1000 -1000 -1000 -10
189 15273 pedestrian 0 0 -1 302.46621296926565 173.8402682233429 340.00528310736905 272.9304500771296 -1 -1 -1 -1000 -1000 -1000 -10
190 15279 DontCare 0 0 -1 221.53500930108973 128.38487744646284 585.0427040883061 230.9928798826179 -1 -1 -1 -1000 -1000 -1000 -10
190 15273 pedestrian 0 0 -1 302.4955581741374 173.2631490745259 339.6740859692327 272.4771203078952 -1 -1 -1 -1000 -1000 -1000 -10
191 15279 DontCare 0 0 -1 205.47466804709504 127.07763115498607 573.506978047299 231.59821748834332 -1 -1 -1 -1000 -1000 -1000 -10
191 15273 pedestrian 0 0 -1 301.8266052810252 172.5236852230576 339.57531741435844 272.16240644099855 -1 -1 -1 -1000 -1000 -1000 -10
192 15279 DontCare 0 0 -1 197.5084760584941 127.10029876226179 567.3858619020034 233.25108830845 -1 -1 -1 -1000 -1000 -1000 -10
192 15273 pedestrian 0 0 -1 300.8215154474283 172.8240762776 338.98435760428026 272.76172786344864 -1 -1 -1 -1000 -1000 -1000 -10
193 15291 car 0 0 -1 1093.3366027305224 168.32849167157264 1185.3700774657827 204.14241709788075 -1 -1 -1 -1000 -1000 -1000 -10
193 15290 DontCare 0 0 -1 160.34064900564965 120.771047419132 459.9543746202777 251.228952580868 -1 -1 -1 -1000 -1000 -1000 -10
193 15279 DontCare 0 0 -1 173.08927954884803 126.51469338419673 548.2153352143148 234.45635475690426 -1 -1 -1 -1000 -1000 -1000 -10
193 15273 pedestrian 0 0 -1 300.64618263661265 172.44267223667242 338.55834941766824 272.8267766174677 -1 -1 -1 -1000 -1000 -1000 -10
194 15291 car 0 0 -1 1082.9977229707658 167.80844018494128 1183.6953876321356 205.09285651307505 -1 -1 -1 -1000 -1000 -1000 -10
194 15290 DontCare 0 0 -1 138.34985298427418 119.69466345845923 469.04037651959993 256.54074981437907 -1 -1 -1 -1000 -1000 -1000 -10
194 15279 DontCare 0 0 -1 157.43237190558168 125.49662482593948 539.1146854309204 235.03818913259505 -1 -1 -1 -1000 -1000 -1000 -10
194 15273 pedestrian 0 0 -1 301.0950544417242 173.14633900474212 338.541725784998 273.30340708748594 -1 -1 -1 -1000 -1000 -1000 -10
195 15291 car 0 0 -1 1072.8114904849235 167.50689531182343 1178.6244922541005 204.72632567796404 -1 -1 -1 -1000 -1000 -1000 -10
195 15290 DontCare 0 0 -1 102.62708892674627 117.0763652198747 443.66907774595234 257.88796368470435 -1 -1 -1 -1000 -1000 -1000 -10
195 15279 DontCare 0 0 -1 129.5584415386223 124.53416924586476 519.3630806141606 235.81775498408837 -1 -1 -1 -1000 -1000 -1000 -10
195 15273 pedestrian 0 0 -1 300.88620432911813 172.79465890338903 338.26899728462826 272.7911411292142 -1 -1 -1 -1000 -1000 -1000 -10
196 15291 car 0 0 -1 1063.3931656016077 167.4560825067243 1177.9442570850686 205.30896321747687 -1 -1 -1 -1000 -1000 -1000 -10
196 15290 DontCare 0 0 -1 71.70453514943864 114.86358371896215 418.4243057939924 258.14914350387903 -1 -1 -1 -1000 -1000 -1000 -10
196 15279 DontCare 0 0 -1 149.91350703744087 124.65239220831845 524.9927639143823 236.92128526699233 -1 -1 -1 -1000 -1000 -1000 -10
196 15273 pedestrian 0 0 -1 300.1679623791955 172.22317532730614 337.5050246697473 272.37532904283194 -1 -1 -1 -1000 -1000 -1000 -10
197 15294 DontCare 0 0 -1 36.65041275784759 96.87644194651838 474.64728521303573 265.7117030525859 -1 -1 -1 -1000 -1000 -1000 -10
197 15291 car 0 0 -1 1052.7867232560113 167.31187537150046 1174.3205600103768 204.92040063552642 -1 -1 -1 -1000 -1000 -1000 -10
197 15273 pedestrian 0 0 -1 299.25395191821576 172.16799525820363 336.5590734572604 272.70561190631554 -1 -1 -1 -1000 -1000 -1000 -10
198 15294 DontCare 0 0 -1 9.50282141835686 96.6162988280124 466.5951575724608 271.2217861523882 -1 -1 -1 -1000 -1000 -1000 -10
198 15293 car 0 0 -1 1045.1983122356694 172.47830764047396 1134.9682374595775 203.7538055393472 -1 -1 -1 -1000 -1000 -1000 -10
198 15291 car 0 0 -1 1046.284953978022 167.41506757710533 1177.0919037593524 205.32792968628718 -1 -1 -1 -1000 -1000 -1000 -10
198 15273 pedestrian 0 0 -1 298.2652029422885 171.6164802990179 335.548523979602 272.7070641310379 -1 -1 -1 -1000 -1000 -1000 -10
199 15294 DontCare 0 0 -1 -11.467187803754058 98.12903109138011 431.3895480120717 274.0133426312048 -1 -1 -1 -1000 -1000 -1000 -10
199 15291 car 0 0 -1 1033.5567119273949 168.29754838714854 1158.818023498309 205.3170880465109 -1 -1 -1 -1000 -1000 -1000 -10
199 15273 pedestrian 0 0 -1 297.0640221582211 172.24318314600626 334.04903619302723 273.17636767549584 -1 -1 -1 -1000 -1000 -1000 -10
200 15294 DontCare 0 0 -1 -11.189733899309857 99.0379171744918 424.94556924140716 274.20352409204725 -1 -1 -1 -1000 -1000 -1000 -10
200 15291 car 0 0 -1 1027.9496236430512 168.10555377740337 1156.3177610962236 205.1460740330017 -1 -1 -1 -1000 -1000 -1000 -10
200 15273 pedestrian 0 0 -1 296.3945844626542 172.03090117785348 333.71570632457764 273.15020895881577 -1 -1 -1 -1000 -1000 -1000 -10
201 15294 DontCare 0 0 -1 -16.098453069110548 98.4513996560382 423.56030099976135 283.5186345681483 -1 -1 -1 -1000 -1000 -1000 -10
201 15291 car 0 0 -1 1018.9860573094045 168.17547010245192 1144.0251900776782 204.93626248962806 -1 -1 -1 -1000 -1000 -1000 -10
201 15279 DontCare 0 0 -1 158.31172190003542 126.53505248306985 455.4977003476213 237.91665998834705 -1 -1 -1 -1000 -1000 -1000 -10
201 15273 pedestrian 0 0 -1 296.0940559884016 171.45256704381143 333.6617527388179 272.9821537475564 -1 -1 -1 -1000 -1000 -1000 -10
202 15294 DontCare 0 0 -1 -21.03588663767013 95.98380966582783 411.2267319610313 288.8497892474604 -1 -1 -1 -1000 -1000 -1000 -10
202 15291 car 0 0 -1 1012.5152580702079 169.72776866225755 1135.7784947486657 205.33341906700272 -1 -1 -1 -1000 -1000 -1000 -10
202 15273 pedestrian 0 0 -1 294.3693450675137 171.61668195850197 332.66593304196 273.18638976567854 -1 -1 -1 -1000 -1000 -1000 -10
203 15294 DontCare 0 0 -1 -23.491911389549188 93.76810946666508 397.1682138421296 293.25472259136023 -1 -1 -1 -1000 -1000 -1000 -10
203 15291 car 0 0 -1 1009.0515454016672 169.00816007995732 1132.2950544741711 204.7810290532838 -1 -1 -1 -1000 -1000 -1000 -10
203 15273 pedestrian 0 0 -1 292.9491610530859 172.14396708046297 331.7750878245426 273.4515077485587 -1 -1 -1 -1000 -1000 -1000 -10
204 15294 DontCare 0 0 -1 -25.181378067695846 92.13401392760848 375.71061888088707 294.1451900067984 -1 -1 -1 -1000 -1000 -1000 -10
204 15291 car 0 0 -1 1005.7895089905589 169.21579854168638 1128.1734747305256 204.7502985310501 -1 -1 -1 -1000 -1000 -1000 -10
204 15273 pedestrian 0 0 -1 294.5697212216664 172.8599083860295 333.2277306796122 273.68735541504304 -1 -1 -1 -1000 -1000 -1000 -10
205 15294 DontCare 0 0 -1 -27.859366244942805 91.35964787073577 352.77333985356813 299.19297402421256 -1 -1 -1 -1000 -1000 -1000 -10
205 15291 car 0 0 -1 1001.232296116175 169.32040347062292 1124.4888856525793 204.7080707279568 -1 -1 -1 -1000 -1000 -1000 -10
206 15297 pedestrian 0 0 -1 286.6550005811175 175.91426357199012 321.3451750439973 268.61513329798004 -1 -1 -1 -1000 -1000 -1000 -10
206 15294 DontCare 0 0 -1 -22.47838653162256 94.84050955629027 345.58237310052937 305.1836121820089 -1 -1 -1 -1000 -1000 -1000 -10
206 15291 car 0 0 -1 998.9131354365184 168.908953235039 1122.8332765615785 204.47974532099227 -1 -1 -1 -1000 -1000 -1000 -10
207 15294 DontCare 0 0 -1 -20.03806603674036 95.04167669356482 337.43735505243126 311.0371667721397 -1 -1 -1 -1000 -1000 -1000 -10
207 15291 car 0 0 -1 994.9776703038475 168.54361751683342 1120.4243884276973 203.94282732310768 -1 -1 -1 -1000 -1000 -1000 -10
207 15279 DontCare 0 0 -1 -8.711157845062218 109.67924346942509 329.7333813901387 285.5886931677353 -1 -1 -1 -1000 -1000 -1000 -10
207 15273 pedestrian 0 0 -1 292.1329595621696 172.94000130763524 331.2618032112521 273.4449299193405 -1 -1 -1 -1000 -1000 -1000 -10
208 15294 DontCare 0 0 -1 -19.202548594162238 93.21049573350852 324.0281310121683 309.6769769512489 -1 -1 -1 -1000 -1000 -1000 -10
208 15291 car 0 0 -1 992.346933877295 168.9268816140928 1119.0749754670317 203.87579228743442 -1 -1 -1 -1000 -1000 -1000 -10
208 15273 pedestrian 0 0 -1 292.27766380132516 172.79692635115305 333.16535399928205 273.375530223013 -1 -1 -1 -1000 -1000 -1000 -10
209 15294 DontCare 0 0 -1 -21.388844338335957 94.91070367971334 302.4165060123388 311.2497933475483 -1 -1 -1 -1000 -1000 -1000 -10
209 15291 car 0 0 -1 989.3963743720301 168.66038334184591 1118.2587736449977 203.60726331318668 -1 -1 -1 -1000 -1000 -1000 -10
209 15273 pedestrian 0 0 -1 291.69012122460634 173.2175722782449 333.24107740727635 273.52502815744634 -1 -1 -1 -1000 -1000 -1000 -10
210 15294 DontCare 0 0 -1 -22.423533579691593 94.60393650996319 280.04317026871877 308.0475798732683 -1 -1 -1 -1000 -1000 -1000 -10
210 15291 car 0 0 -1 989.4718144107271 169.24310179127679 1117.750656003254 204.13479728193346 -1 -1 -1 -1000 -1000 -1000 -10
210 15273 pedestrian 0 0 -1 290.993353491091 173.4247077415161 332.45828954945904 273.5307623667112 -1 -1 -1 -1000 -1000 -1000 -10
211 15294 DontCare 0 0 -1 -23.48939864408341 96.2330628086878 256.54744919685277 308.9264702521497 -1 -1 -1 -1000 -1000 -1000 -10
211 15291 car 0 0 -1 989.3008594436768 169.47649179698593 1117.4125380355358 204.3227594610386 -1 -1 -1 -1000 -1000 -1000 -10
211 15273 pedestrian 0 0 -1 291.130191724341 173.99968748005836 333.0873749405355 273.68525506682107 -1 -1 -1 -1000 -1000 -1000 -10
212 15294 DontCare 0 0 -1 -25.306873959303175 98.85773076865863 230.09807307193321 312.4077198489749 -1 -1 -1 -1000 -1000 -1000 -10
212 15291 car 0 0 -1 995.7313397817596 169.88471844210522 1118.9255646197932 204.07231656745762 -1 -1 -1 -1000 -1000 -1000 -10
212 15273 pedestrian 0 0 -1 291.94950669894524 174.10244430957056 334.5389258658779 273.2012189434408 -1 -1 -1 -1000 -1000 -1000 -10
213 15298 car 0 0 -1 511.9544804449342 180.1029762576947 545.9866722106727 198.8381763979122 -1 -1 -1 -1000 -1000 -1000 -10
213 15294 DontCare 0 0 -1 -25.950216681972677 98.49780429857007 203.7222298396171 310.38288901828525 -1 -1 -1 -1000 -1000 -1000 -10
213 15291 car 0 0 -1 988.5518470864664 169.65942802640674 1114.3067620351471 203.7003542137725 -1 -1 -1 -1000 -1000 -1000 -10
213 15273 pedestrian 0 0 -1 292.15904092311774 174.23544781351953 335.2064965714274 272.9180099224396 -1 -1 -1 -1000 -1000 -1000 -10
214 15298 car 0 0 -1 511.90118778431764 180.06509289362364 546.2067473470554 199.04284223774934 -1 -1 -1 -1000 -1000 -1000 -10
214 15294 DontCare 0 0 -1 -27.658300761466975 96.23501694596396 173.00564975401943 304.4327123949877 -1 -1 -1 -1000 -1000 -1000 -10
214 15291 car 0 0 -1 985.1485187697982 169.2971977155951 1113.4565787563088 203.8342560050386 -1 -1 -1 -1000 -1000 -1000 -10
214 15273 pedestrian 0 0 -1 291.32225444294687 175.00909080317015 334.42607575938024 273.389175486577 -1 -1 -1 -1000 -1000 -1000 -10
215 15298 car 0 0 -1 512.0343933490175 179.98094165426946 546.8707007712939 199.14321967366172 -1 -1 -1 -1000 -1000 -1000 -10
215 15294 DontCare 0 0 -1 -29.609955960860837 102.96446972795786 141.17012135561123 312.20871928296776 -1 -1 -1 -1000 -1000 -1000 -10
215 15291 car 0 0 -1 983.5908989275938 169.55855837395342 1113.626106336493 204.13988398557098 -1 -1 -1 -1000 -1000 -1000 -10
215 15273 pedestrian 0 0 -1 290.9996537367766 175.35360176850725 334.14338727488894 273.51208787445813 -1 -1 -1 -1000 -1000 -1000 -10
216 15298 car 0 0 -1 512.0186304774305 179.940823935487 547.107776522792 199.16937188891035 -1 -1 -1 -1000 -1000 -1000 -10
216 15294 DontCare 0 0 -1 -31.2333346833139 101.67188435636395 107.21687875646677 308.4524785091269 -1 -1 -1 -1000 -1000 -1000 -10
216 15291 car 0 0 -1 982.6397333722574 169.65663647352852 1113.6097498900515 204.25620756157207 -1 -1 -1 -1000 -1000 -1000 -10
216 15273 pedestrian 0 0 -1 290.876398644431 175.52026762979054 334.04816916457696 273.5155391459254 -1 -1 -1 -1000 -1000 -1000 -10
217 15298 car 0 0 -1 511.97962015555436 179.92287224489408 547.1943488253949 199.16962601295816 -1 -1 -1 -1000 -1000 -1000 -10
217 15291 car 0 0 -1 982.2285908990459 169.69383356010172 1113.8501295116978 204.2984868786982 -1 -1 -1 -1000 -1000 -1000 -10
217 15273 pedestrian 0 0 -1 290.8309903542683 175.60918160848797 334.0222078157754 273.48354909303856 -1 -1 -1 -1000 -1000 -1000 -10
218 15298 car 0 0 -1 511.94674622123927 179.91641083525178 547.2226048593 199.1606223705793 -1 -1 -1 -1000 -1000 -1000 -10
218 15291 car 0 0 -1 982.0796076476653 169.52920552143448 1114.114071935919 203.83762230185974 -1 -1 -1 -1000 -1000 -1000 -10
218 15273 pedestrian 0 0 -1 290.627533318597 175.6648739578184 333.5565662163739 273.4421469945181 -1 -1 -1 -1000 -1000 -1000 -10
219 15298 car 0 0 -1 511.92452118436387 179.91592816442886 547.2267477001858 199.1486843560125 -1 -1 -1 -1000 -1000 -1000 -10
219 15291 car 0 0 -1 982.0257448594443 169.70114643035245 1114.37469955824 204.08045959593997 -1 -1 -1 -1000 -1000 -1000 -10
219 15273 pedestrian 0 0 -1 290.60210710043447 175.7009102414847 333.3389555460398 273.404764512433 -1 -1 -1 -1000 -1000 -1000 -10
220 15298 car 0 0 -1 511.91133839862783 179.9184774672293 547.2205205770049 199.13633264362494 -1 -1 -1 -1000 -1000 -1000 -10
220 15291 car 0 0 -1 982.0359094484829 169.7567643289117 1114.5905665267346 204.18160480891794 -1 -1 -1 -1000 -1000 -1000 -10
220 15273 pedestrian 0 0 -1 290.8210458650444 175.72165758380407 333.69212934960694 273.3773242537012 -1 -1 -1 -1000 -1000 -1000 -10
221 15298 car 0 0 -1 511.90465599020314 179.92245598891762 547.2098457406003 199.12457113760743 -1 -1 -1 -1000 -1000 -1000 -10
221 15291 car 0 0 -1 982.0811761524249 169.77196177337217 1114.7644020397086 204.2244181606533 -1 -1 -1 -1000 -1000 -1000 -10
221 15273 pedestrian 0 0 -1 290.8861141277431 175.73606512703992 333.8542769504629 273.3547627749566 -1 -1 -1 -1000 -1000 -1000 -10
222 15298 car 0 0 -1 511.9023146551981 179.92698942243211 547.1974470739644 199.11376677576126 -1 -1 -1 -1000 -1000 -1000 -10
222 15291 car 0 0 -1 982.1459233603948 169.77461822124752 1114.903224963455 204.24209396959657 -1 -1 -1 -1000 -1000 -1000 -10
222 15273 pedestrian 0 0 -1 290.89819330276674 175.74638725342564 333.93634092766973 273.3362601530981 -1 -1 -1 -1000 -1000 -1000 -10
223 15298 car 0 0 -1 511.902738286922 179.93160635876382 547.184649576485 199.1040112256025 -1 -1 -1 -1000 -1000 -1000 -10
223 15291 car 0 0 -1 982.2210386288665 169.77454140374363 1115.0141353455842 204.24823401257953 -1 -1 -1 -1000 -1000 -1000 -10
223 15273 pedestrian 0 0 -1 290.8942869080405 175.753976357718 333.98266502091155 273.3209633213657 -1 -1 -1 -1000 -1000 -1000 -10
224 15298 car 0 0 -1 511.90484528790336 179.93606081997194 547.1721216210495 199.09527723869758 -1 -1 -1 -1000 -1000 -1000 -10
224 15291 car 0 0 -1 982.300904845942 169.77485774047597 1115.1031280093048 204.24867441268282 -1 -1 -1 -1000 -1000 -1000 -10
224 15273 pedestrian 0 0 -1 290.88735551170635 175.75970015860824 334.01156525659326 273.308149968634 -1 -1 -1 -1000 -1000 -1000 -10
225 15298 car 0 0 -1 511.90791634048037 179.94023355232346 547.1602008814418 199.08748885609558 -1 -1 -1 -1000 -1000 -1000 -10
225 15291 car 0 0 -1 982.3819533241322 169.77631118783793 1115.1749453146454 204.24609321208501 -1 -1 -1 -1000 -1000 -1000 -10
225 15273 pedestrian 0 0 -1 290.88202221833257 176.22898842239098 334.0304769129685 273.4853809664152 -1 -1 -1 -1000 -1000 -1000 -10
226 15298 car 0 0 -1 511.9114827798188 179.94407632568817 547.1490478376458 199.08055370854186 -1 -1 -1 -1000 -1000 -1000 -10
226 15291 car 0 0 -1 982.4619009088232 169.77886171456933 1115.233242951856 204.24182850101298 -1 -1 -1 -1000 -1000 -1000 -10
226 15273 pedestrian 0 0 -1 290.8786120381053 176.45663789085583 334.0437538234852 273.4989156114317 -1 -1 -1 -1000 -1000 -1000 -10
227 15298 car 0 0 -1 511.91524497372484 179.94758015904762 547.1387236439302 199.0743779472453 -1 -1 -1 -1000 -1000 -1000 -10
227 15291 car 0 0 -1 982.5393086601574 169.7822621118097 1115.2808145075855 204.23661218675744 -1 -1 -1 -1000 -1000 -1000 -10
227 15273 pedestrian 0 0 -1 290.8761950566307 176.11437134529106 334.05416823604725 273.27452103609255 -1 -1 -1 -1000 -1000 -1000 -10
228 15298 car 0 0 -1 511.91901584175855 179.95075705952456 547.1292325106998 199.06887294705376 -1 -1 -1 -1000 -1000 -1000 -10
228 15291 car 0 0 -1 982.6133062458117 169.78625305914298 1115.3197944954456 204.23087757224275 -1 -1 -1 -1000 -1000 -1000 -10
228 15273 pedestrian 0 0 -1 290.87535524380445 175.9624210284528 334.0618856428321 273.20691668947467 -1 -1 -1 -1000 -1000 -1000 -10
229 15298 car 0 0 -1 511.9226826504535 179.95362949611803 547.120546158376 199.0639580203378 -1 -1 -1 -1000 -1000 -1000 -10
229 15291 car 0 0 -1 982.6834102742732 169.7906190589261 1115.35182133325 204.22489612212252 -1 -1 -1 -1000 -1000 -1000 -10
229 15273 pedestrian 0 0 -1 290.875660533989 175.88939226942816 334.0676641660629 273.1937790273439 -1 -1 -1 -1000 -1000 -1000 -10
230 15298 car 0 0 -1 511.92618139883797 179.9562243535951 547.1126185236812 199.05956117877892 -1 -1 -1 -1000 -1000 -1000 -10
230 15291 car 0 0 -1 982.7494004736566 169.79519625986543 1115.3781619687222 204.2188434446871 -1 -1 -1 -1000 -1000 -1000 -10
230 15273 pedestrian 0 0 -1 290.87676169188666 175.85095918969506 334.0720129561876 273.1974106783092 -1 -1 -1 -1000 -1000 -1000 -10
231 15298 car 0 0 -1 511.9294796967154 179.95856950765818 547.1053948134739 199.05561895244455 -1 -1 -1 -1000 -1000 -1000 -10
231 15291 car 0 0 -1 982.8112337304349 169.79986561840974 1115.399805137273 204.21283433549092 -1 -1 -1 -1000 -1000 -1000 -10
231 15273 pedestrian 0 0 -1 290.8783947103269 175.8289560105577 334.0752888586899 273.2044874705506 -1 -1 -1 -1000 -1000 -1000 -10
232 15298 car 0 0 -1 511.93256533458265 179.96069194485867 547.0988171132668 199.05207577773385 -1 -1 -1 -1000 -1000 -1000 -10
232 15291 car 0 0 -1 982.8689839101371 169.80454317380202 1115.4175304948049 204.20694322497855 -1 -1 -1 -1000 -1000 -1000 -10
232 15273 pedestrian 0 0 -1 290.8803666552916 175.8155658064024 334.0777488986648 273.2107277201615 -1 -1 -1 -1000 -1000 -1000 -10
