0 15299 car 0 0 -1 885.0 188.0 1241.0 376.0 -1 -1 -1 -1000 -1000 -1000 -10
1 15299 car 0 0 -1 873.8918474581924 189.0362040319123 1238.1095508638214 376.9635962078001 -1 -1 -1 -1000 -1000 -1000 -10
2 15299 car 0 0 -1 862.1828043744044 188.62953259866038 1235.8182653635781 377.48800927041407 -1 -1 -1 -1000 -1000 -1000 -10
3 15299 car 0 0 -1 851.3072874427311 188.84491134414384 1234.3874817337755 378.0920494717751 -1 -1 -1 -1000 -1000 -1000 -10
4 15299 car 0 0 -1 843.8370551163846 189.30748031536154 1234.5336463147821 377.82085053346657 -1 -1 -1 -1000 -1000 -1000 -10
5 15299 car 0 0 -1 833.3207061779091 188.6205352645665 1233.7654649943784 377.0591648412582 -1 -1 -1 -1000 -1000 -1000 -10
6 15300 car 0 0 -1 248.1136476667055 171.51976028604562 317.4174382137407 204.24500315609382 -1 -1 -1 -1000 -1000 -1000 -10
6 15299 car 0 0 -1 822.4356671204508 187.81733176866595 1232.8443693257611 376.64955722201233 -1 -1 -1 -1000 -1000 -1000 -10
7 15300 car 0 0 -1 236.9230905238664 172.49157260093486 306.5412732442017 205.32858480959513 -1 -1 -1 -1000 -1000 -1000 -10
7 15299 car 0 0 -1 813.5151018574733 188.33999310064326 1233.9770989514625 377.8008603217695 -1 -1 -1 -1000 -1000 -1000 -10
8 15300 car 0 0 -1 226.86051076167314 172.6416646788711 297.8420039172805 205.66260349719482 -1 -1 -1 -1000 -1000 -1000 -10
8 15299 car 0 0 -1 801.8064383730109 189.16250139298978 1217.318510629799 377.58824778288425 -1 -1 -1 -1000 -1000 -1000 -10
9 15300 car 0 0 -1 214.9024454189817 173.8926991439917 282.47470990705096 205.232771323238 -1 -1 -1 -1000 -1000 -1000 -10
9 15299 car 0 0 -1 788.5552223436396 189.4096883080968 1194.2618137455654 376.88158392193435 -1 -1 -1 -1000 -1000 -1000 -10
10 15300 car 0 0 -1 205.98608613096712 171.02363163318552 283.0332873260067 204.75075237348915 -1 -1 -1 -1000 -1000 -1000 -10
10 15299 car 0 0 -1 775.5536814295133 189.72799455571555 1165.553033958959 374.3711381555694 -1 -1 -1 -1000 -1000 -1000 -10
11 15300 car 0 0 -1 195.96565658718833 168.05998931184192 279.8016714858184 203.71687154613315 -1 -1 -1 -1000 -1000 -1000 -10
11 15299 car 0 0 -1 765.0333882886947 188.09223003214868 1133.8880474642187 367.1748259188631 -1 -1 -1 -1000 -1000 -1000 -10
12 15300 car 0 0 -1 190.06526202449606 169.35018415600356 276.1743283614542 205.11359118092165 -1 -1 -1 -1000 -1000 -1000 -10
12 15299 car 0 0 -1 758.0874262015486 187.70966799517987 1103.9429540341835 360.9556159343307 -1 -1 -1 -1000 -1000 -1000 -10
13 15300 car 0 0 -1 176.72611822672252 168.91862952577247 270.419234968546 206.54792173738417 -1 -1 -1 -1000 -1000 -1000 -10
13 15299 car 0 0 -1 754.9211034701532 186.91343636435096 1080.2443635367833 354.03320227936564 -1 -1 -1 -1000 -1000 -1000 -10
14 15301 car 0 0 -1 156.7019504817983 178.55140370816554 229.94705132335514 213.0952829959083 -1 -1 -1 -1000 -1000 -1000 -10
14 15299 car 0 0 -1 750.7571412996662 184.76077721868356 1056.7130827296478 343.4535027614993 -1 -1 -1 -1000 -1000 -1000 -10
15 15301 car 0 0 -1 142.67360823623503 181.66900804323762 219.29297159853516 217.36680396312 -1 -1 -1 -1000 -1000 -1000 -10
15 15299 car 0 0 -1 748.6926163827636 185.12881155713922 1035.396748759943 335.75902448523277 -1 -1 -1 -1000 -1000 -1000 -10
16 15301 car 0 0 -1 129.2543311752762 182.30177714082868 207.1953475878757 218.34601109368543 -1 -1 -1 -1000 -1000 -1000 -10
16 15299 car 0 0 -1 747.8882450720375 185.56992929002308 1015.1043287578716 328.0825220273597 -1 -1 -1 -1000 -1000 -1000 -10
17 15302 car 0 0 -1 169.93692255321025 176.1460715722659 243.00524623592622 211.6774628044107 -1 -1 -1 -1000 -1000 -1000 -10
17 15301 car 0 0 -1 113.23419969062292 181.10461031499835 195.9421626728755 218.98141104412713 -1 -1 -1 -1000 -1000 -1000 -10
17 15299 car 0 0 -1 744.8640412678498 184.62226938243515 994.5964361987222 319.87225455807845 -1 -1 -1 -1000 -1000 -1000 -10
18 15302 car 0 0 -1 161.0798325225415 175.374639516366 233.569806551451 211.10212635656902 -1 -1 -1 -1000 -1000 -1000 -10
18 15301 car 0 0 -1 96.57553255612908 181.673019302397 182.64450659868652 220.13512520917345 -1 -1 -1 -1000 -1000 -1000 -10
18 15299 car 0 0 -1 742.1470527831825 184.12460379689213 976.1333189827706 312.470230585963 -1 -1 -1 -1000 -1000 -1000 -10
19 15302 car 0 0 -1 151.615952725946 174.49503824965592 222.69273243594 211.59698079727661 -1 -1 -1 -1000 -1000 -1000 -10
19 15301 car 0 0 -1 77.78264337769012 182.55050687079859 167.83053395491004 221.78256740659333 -1 -1 -1 -1000 -1000 -1000 -10
19 15299 car 0 0 -1 741.1312961528857 184.60429540926089 959.4725305794574 306.54791917637715 -1 -1 -1 -1000 -1000 -1000 -10
20 15302 car 0 0 -1 138.7910768999056 172.5805372951704 210.94480533044236 212.6580839127105 -1 -1 -1 -1000 -1000 -1000 -10
20 15301 car 0 0 -1 57.02628876173881 183.26237969528566 153.08153101867202 224.57490585267223 -1 -1 -1 -1000 -1000 -1000 -10
20 15299 car 0 0 -1 739.7469608819628 185.13384284344386 945.1436744060978 300.85631352148386 -1 -1 -1 -1000 -1000 -1000 -10
21 15302 car 0 0 -1 125.75883622437776 174.07029137828746 198.88331972952312 215.89304984330184 -1 -1 -1 -1000 -1000 -1000 -10
21 15301 car 0 0 -1 35.455599489973906 184.47259929366368 138.5322030574657 227.2197399291142 -1 -1 -1 -1000 -1000 -1000 -10
21 15299 car 0 0 -1 736.8321684066609 185.85591524241656 929.7903870135556 295.73360943366805 -1 -1 -1 -1000 -1000 -1000 -10
22 15302 car 0 0 -1 108.91139157087684 176.23947503885972 184.94413784588755 219.56048229025606 -1 -1 -1 -1000 -1000 -1000 -10
22 15301 car 0 0 -1 12.229152570948202 187.4066089466381 120.76297682012779 232.29859443964725 -1 -1 -1 -1000 -1000 -1000 -10
22 15299 car 0 0 -1 734.4085279471523 187.40420811942099 916.2291964365564 292.035018498423 -1 -1 -1 -1000 -1000 -1000 -10
23 15302 car 0 0 -1 97.9754355999003 170.35326406523808 199.55771954346997 223.37869680145457 -1 -1 -1 -1000 -1000 -1000 -10
23 15301 car 0 0 -1 -3.532838957056235 188.16144801612546 105.82622549182199 235.0505376374449 -1 -1 -1 -1000 -1000 -1000 -10
23 15299 car 0 0 -1 731.8474722096392 188.2831710278654 904.3071141787453 287.89019805957224 -1 -1 -1 -1000 -1000 -1000 -10
24 15302 car 0 0 -1 69.07361191791475 175.58153207960387 168.37253634155385 226.14533260151424 -1 -1 -1 -1000 -1000 -1000 -10
24 15301 car 0 0 -1 -13.313792480726455 187.49149171920354 88.08581167210835 235.54941617736412 -1 -1 -1 -1000 -1000 -1000 -10
24 15299 car 0 0 -1 727.985984994243 188.43960138368246 890.9632517395677 283.3836739614389 -1 -1 -1 -1000 -1000 -1000 -10
25 15304 car 0 0 -1 1084.600659158922 181.26677133830717 1233.990160185138 383.9689772831415 -1 -1 -1 -1000 -1000 -1000 -10
25 15302 car 0 0 -1 28.0154677462765 173.53329305966938 138.36576871881795 226.37824850830393 -1 -1 -1 -1000 -1000 -1000 -10
25 15301 car 0 0 -1 -14.583637831262976 186.14050273538695 82.21538209004117 236.03426881299393 -1 -1 -1 -1000 -1000 -1000 -10
25 15299 car 0 0 -1 725.4234917670826 188.28704225370979 878.538837333879 278.77186081490254 -1 -1 -1 -1000 -1000 -1000 -10
26 15304 car 0 0 -1 1056.086035424082 170.14784546587924 1231.9064765701794 385.5615772666711 -1 -1 -1 -1000 -1000 -1000 -10
26 15302 car 0 0 -1 8.625720506020926 176.61842416758873 119.72548242913244 228.5547841662531 -1 -1 -1 -1000 -1000 -1000 -10
26 15299 car 0 0 -1 723.0207487295186 188.92352973675875 866.127658676282 274.5206837164776 -1 -1 -1 -1000 -1000 -1000 -10
27 15304 car 0 0 -1 1027.6082352836297 152.99164727588686 1231.035549015966 384.6905484217564 -1 -1 -1 -1000 -1000 -1000 -10
27 15302 car 0 0 -1 -6.495421946245308 179.98632669098117 100.5768231490726 231.07571295991005 -1 -1 -1 -1000 -1000 -1000 -10
27 15299 car 0 0 -1 719.8482934242143 189.16299425324553 853.8810786361973 270.4478622538529 -1 -1 -1 -1000 -1000 -1000 -10
28 15304 car 0 0 -1 1002.2831066306296 149.6536726343596 1229.5415592198235 385.75793688369424 -1 -1 -1 -1000 -1000 -1000 -10
28 15302 car 0 0 -1 -15.264137351035586 182.60853094736197 81.14013886528842 233.22939959040363 -1 -1 -1 -1000 -1000 -1000 -10
28 15299 car 0 0 -1 717.1269031678734 190.06793106211956 842.8990771053678 266.9306219997757 -1 -1 -1 -1000 -1000 -1000 -10
29 15304 car 0 0 -1 985.1018000935929 149.18211040869792 1230.6316477261826 385.9021461431154 -1 -1 -1 -1000 -1000 -1000 -10
29 15302 car 0 0 -1 -20.034244931343565 184.0804295447326 61.95096068012276 234.11913408138568 -1 -1 -1 -1000 -1000 -1000 -10
29 15299 car 0 0 -1 713.1939733048691 191.06601871226638 831.1514634729883 263.12640296436876 -1 -1 -1 -1000 -1000 -1000 -10
30 15304 car 0 0 -1 966.1614433444311 150.03535852452455 1229.9358683971764 385.9658268508282 -1 -1 -1 -1000 -1000 -1000 -10
30 15299 car 0 0 -1 709.5033967425959 191.63491924353448 819.7041652756177 259.6726068424779 -1 -1 -1 -1000 -1000 -1000 -10
31 15304 car 0 0 -1 946.6642865862691 149.87842027157046 1229.8323365242513 386.01907911538024 -1 -1 -1 -1000 -1000 -1000 -10
31 15299 car 0 0 -1 704.5018115166243 191.67103295524612 807.8044717409181 256.06421497653463 -1 -1 -1 -1000 -1000 -1000 -10
32 15304 car 0 0 -1 926.4313742273748 151.0764842004251 1229.7405128973141 385.6546974286736 -1 -1 -1 -1000 -1000 -1000 -10
32 15299 car 0 0 -1 699.7970748255829 191.48853162238396 796.2376543818497 252.41072992604273 -1 -1 -1 -1000 -1000 -1000 -10
33 15304 car 0 0 -1 908.8431253725 151.98435484423644 1230.064676267574 384.5367173757361 -1 -1 -1 -1000 -1000 -1000 -10
33 15299 car 0 0 -1 694.3264038764991 191.6254560095148 784.3649381656645 248.98978112340106 -1 -1 -1 -1000 -1000 -1000 -10
34 15304 car 0 0 -1 888.7318513973694 152.68775528166935 1229.321600429954 383.2113948333669 -1 -1 -1 -1000 -1000 -1000 -10
34 15299 car 0 0 -1 688.9128955789021 192.12137294285336 772.6775609715843 246.0711684086581 -1 -1 -1 -1000 -1000 -1000 -10
35 15304 car 0 0 -1 868.3541387745165 151.7614006287905 1228.8186589145082 381.35143146438963 -1 -1 -1 -1000 -1000 -1000 -10
35 15299 car 0 0 -1 683.3853332047095 191.98710968262247 761.8473844722373 242.80031271648926 -1 -1 -1 -1000 -1000 -1000 -10
36 15304 car 0 0 -1 850.7751922862869 152.29375297528063 1229.4722835752416 380.5333139854358 -1 -1 -1 -1000 -1000 -1000 -10
36 15299 car 0 0 -1 677.4794829195945 191.93468374047018 750.3682896646227 239.07167421786568 -1 -1 -1 -1000 -1000 -1000 -10
37 15304 car 0 0 -1 830.5604362086826 152.50143065713786 1228.9385975052098 380.30962656536843 -1 -1 -1 -1000 -1000 -1000 -10
37 15299 car 0 0 -1 670.8916587018554 192.30016139872865 738.5254490442009 236.74091368676764 -1 -1 -1 -1000 -1000 -1000 -10
38 15304 car 0 0 -1 809.4178599942952 153.0249179289387 1223.2683813334254 380.51957627162784 -1 -1 -1 -1000 -1000 -1000 -10
39 15304 car 0 0 -1 781.2813429262545 155.56297856681516 1192.71196329821 380.9595291322816 -1 -1 -1 -1000 -1000 -1000 -10
40 15306 car 0 0 -1 633.8081899864186 180.4090429207689 722.9578724232709 242.70872817787313 -1 -1 -1 -1000 -1000 -1000 -10
40 15304 car 0 0 -1 753.6421552456096 159.8156358676123 1153.6656206517557 382.48654166791187 -1 -1 -1 -1000 -1000 -1000 -10
41 15306 car 0 0 -1 626.8697018250614 181.2494958898733 713.2570235438557 242.22884228989972 -1 -1 -1 -1000 -1000 -1000 -10
41 15304 car 0 0 -1 730.730070800483 162.41845631067537 1113.5872995437323 381.4483916077323 -1 -1 -1 -1000 -1000 -1000 -10
42 15306 car 0 0 -1 619.5401894215418 182.68489616422227 703.6416992025822 241.75152540446612 -1 -1 -1 -1000 -1000 -1000 -10
42 15304 car 0 0 -1 711.2661145024548 161.60157014353098 1076.1846037866203 375.0075492437091 -1 -1 -1 -1000 -1000 -1000 -10
43 15306 car 0 0 -1 612.2114067028995 182.0713040088201 694.6980037380561 240.47751580681052 -1 -1 -1 -1000 -1000 -1000 -10
43 15304 car 0 0 -1 693.6721721933015 161.51271766215376 1038.675514438777 368.43957928145716 -1 -1 -1 -1000 -1000 -1000 -10
44 15306 car 0 0 -1 606.4937745038892 182.2424851689915 686.4911679145707 238.9842805906423 -1 -1 -1 -1000 -1000 -1000 -10
44 15304 car 0 0 -1 677.9091818939789 160.5257614103299 1000.7331076942899 360.3999840464717 -1 -1 -1 -1000 -1000 -1000 -10
45 15306 car 0 0 -1 600.2888990386319 181.93032992633692 677.4351375050184 237.47683412816565 -1 -1 -1 -1000 -1000 -1000 -10
45 15304 car 0 0 -1 664.7582492177422 160.06062692290806 965.3496922953071 351.6171272397187 -1 -1 -1 -1000 -1000 -1000 -10
46 15306 car 0 0 -1 595.7443526003425 181.83448172121433 670.3552034456812 236.27539168886756 -1 -1 -1 -1000 -1000 -1000 -10
46 15304 car 0 0 -1 653.9399212598527 159.44647670820055 932.907358754169 343.5772132237622 -1 -1 -1 -1000 -1000 -1000 -10
47 15306 car 0 0 -1 589.758914780677 182.99772710123668 661.919601100601 236.0410730335719 -1 -1 -1 -1000 -1000 -1000 -10
47 15304 car 0 0 -1 644.7157537647142 160.9534773576803 904.1614933155422 336.93146014573455 -1 -1 -1 -1000 -1000 -1000 -10
48 15306 car 0 0 -1 585.28115151623 184.49418752835112 654.9760536246924 235.60151397625845 -1 -1 -1 -1000 -1000 -1000 -10
48 15304 car 0 0 -1 634.8466325909712 163.98865951172183 876.762052875775 332.0639118112454 -1 -1 -1 -1000 -1000 -1000 -10
49 15306 car 0 0 -1 581.3040866451302 183.68707967138798 649.2864535525698 234.1573729834382 -1 -1 -1 -1000 -1000 -1000 -10
49 15304 car 0 0 -1 628.3861285303449 164.0552004873208 853.402336519257 324.2296133501448 -1 -1 -1 -1000 -1000 -1000 -10
50 15306 car 0 0 -1 577.3912470542492 181.8176551072043 643.4905551018829 231.21965173815101 -1 -1 -1 -1000 -1000 -1000 -10
50 15304 car 0 0 -1 621.7006062679421 163.2123391089653 831.1142907152906 315.70977751178447 -1 -1 -1 -1000 -1000 -1000 -10
51 15306 car 0 0 -1 572.7039171759633 180.23860797073175 637.76500584341 228.38072512335592 -1 -1 -1 -1000 -1000 -1000 -10
51 15304 car 0 0 -1 615.2322583952896 162.66086679807944 810.8603958012204 307.6151259181813 -1 -1 -1 -1000 -1000 -1000 -10
52 15306 car 0 0 -1 569.181631752162 179.68416425705956 633.2347649488559 226.66343538948988 -1 -1 -1 -1000 -1000 -1000 -10
52 15304 car 0 0 -1 610.3277976360025 162.09536201659301 793.1318139065295 300.4748119878791 -1 -1 -1 -1000 -1000 -1000 -10
53 15306 car 0 0 -1 565.3224697604153 178.712773374899 628.5902285416523 225.5188794220932 -1 -1 -1 -1000 -1000 -1000 -10
53 15304 car 0 0 -1 604.6473802580273 162.08772711492125 775.7332880518962 293.7978681675843 -1 -1 -1 -1000 -1000 -1000 -10
54 15306 car 0 0 -1 561.8815750826819 178.8877927912202 623.9956181941903 225.26282533376792 -1 -1 -1 -1000 -1000 -1000 -10
54 15304 car 0 0 -1 601.0636859397449 164.72911815090524 761.2540397257707 289.43905541789286 -1 -1 -1 -1000 -1000 -1000 -10
55 15306 car 0 0 -1 558.9042934074098 180.96146300263433 619.7541732449708 225.8439064704022 -1 -1 -1 -1000 -1000 -1000 -10
55 15304 car 0 0 -1 595.6565426993268 166.97609316108606 746.5403780315194 286.0516298085239 -1 -1 -1 -1000 -1000 -1000 -10
56 15306 car 0 0 -1 556.6946428012039 183.143705480541 616.3492492308407 226.68184811501132 -1 -1 -1 -1000 -1000 -1000 -10
56 15304 car 0 0 -1 589.9356673586819 169.14743483617426 731.9684012726168 282.2950371343123 -1 -1 -1 -1000 -1000 -1000 -10
57 15306 car 0 0 -1 554.525374037066 183.73866982483386 612.8359021845953 226.6072048780085 -1 -1 -1 -1000 -1000 -1000 -10
57 15304 car 0 0 -1 586.0745687429072 171.26506614512215 720.6597574900514 279.0664003674898 -1 -1 -1 -1000 -1000 -1000 -10
58 15306 car 0 0 -1 553.2925112262247 184.374454851169 610.3066667111094 226.19129563351652 -1 -1 -1 -1000 -1000 -1000 -10
58 15304 car 0 0 -1 583.6770581108735 171.64709470665034 710.4456877697492 275.1320747550139 -1 -1 -1 -1000 -1000 -1000 -10
59 15306 car 0 0 -1 552.3746724819827 183.96152042922603 608.1697308247202 224.74259258713766 -1 -1 -1 -1000 -1000 -1000 -10
59 15304 car 0 0 -1 583.8088328851628 172.39207808914668 702.5440459513655 271.20851094571844 -1 -1 -1 -1000 -1000 -1000 -10
60 15306 car 0 0 -1 552.8388192106372 183.98394137474511 607.5144562561566 224.03395081112856 -1 -1 -1 -1000 -1000 -1000 -10
60 15304 car 0 0 -1 580.9954713916029 173.2687737279246 693.494149979693 267.94646552897433 -1 -1 -1 -1000 -1000 -1000 -10
61 15306 car 0 0 -1 551.6435128507356 185.58889664874155 603.69161293579 224.1529760355102 -1 -1 -1 -1000 -1000 -1000 -10
61 15304 car 0 0 -1 579.5241432454038 175.09253195484968 685.4150177753634 264.6883234033398 -1 -1 -1 -1000 -1000 -1000 -10
62 15306 car 0 0 -1 551.2367733967615 186.30822948415607 600.5001223923177 223.45208395588867 -1 -1 -1 -1000 -1000 -1000 -10
62 15304 car 0 0 -1 578.9994340402241 176.63033115170637 678.5301283565655 262.07169657072774 -1 -1 -1 -1000 -1000 -1000 -10
63 15306 car 0 0 -1 550.314283054156 187.34821684626917 596.3899189684801 223.08659917076426 -1 -1 -1 -1000 -1000 -1000 -10
63 15304 car 0 0 -1 576.0312231964657 177.8832692028698 670.2845408564009 259.86793458858506 -1 -1 -1 -1000 -1000 -1000 -10
64 15304 car 0 0 -1 571.6140778091736 177.09210017996313 662.0035709096923 256.4847555477256 -1 -1 -1 -1000 -1000 -1000 -10
65 15304 car 0 0 -1 569.7402344203517 177.80057156226067 656.4644788420117 254.94678500842448 -1 -1 -1 -1000 -1000 -1000 -10
66 15306 car 0 0 -1 545.8548988366608 191.74645532600596 588.7001978312167 223.93986216722658 -1 -1 -1 -1000 -1000 -1000 -10
66 15304 car 0 0 -1 567.6228618951907 181.5548361415843 649.8800660757042 255.54947698285025 -1 -1 -1 -1000 -1000 -1000 -10
67 15306 car 0 0 -1 545.142027075008 191.6806961747092 589.4343778029615 224.94395774589125 -1 -1 -1 -1000 -1000 -1000 -10
67 15304 car 0 0 -1 565.0916186461634 184.4563375145595 643.838743823911 256.34842979364277 -1 -1 -1 -1000 -1000 -1000 -10
68 15306 car 0 0 -1 544.7173306041014 189.71571515886407 590.0525320249259 223.9873819468091 -1 -1 -1 -1000 -1000 -1000 -10
68 15304 car 0 0 -1 562.9373545260838 184.56841823016052 638.7460512815481 253.7908017786422 -1 -1 -1 -1000 -1000 -1000 -10
69 15306 car 0 0 -1 543.4198778227567 185.8124095503704 589.6469095906721 220.24553886821283 -1 -1 -1 -1000 -1000 -1000 -10
69 15304 car 0 0 -1 560.6046269438915 181.4927439687964 633.6533707019147 248.16083470008897 -1 -1 -1 -1000 -1000 -1000 -10
70 15306 car 0 0 -1 539.0057424806226 182.57254596983637 585.0935391284303 217.32794907446907 -1 -1 -1 -1000 -1000 -1000 -10
70 15304 car 0 0 -1 559.2412034977547 178.2361758043907 629.454544510076 242.95726058186847 -1 -1 -1 -1000 -1000 -1000 -10
71 15306 car 0 0 -1 539.0700130245276 181.24350750322725 582.4477616360722 215.69650180633897 -1 -1 -1 -1000 -1000 -1000 -10
71 15304 car 0 0 -1 557.060594706976 177.6347714093023 625.4465990779934 240.43469456029078 -1 -1 -1 -1000 -1000 -1000 -10
72 15306 car 0 0 -1 540.624755704208 180.96529073551483 582.6975954723786 215.54531839073013 -1 -1 -1 -1000 -1000 -1000 -10
72 15304 car 0 0 -1 555.293946394841 178.90621929698088 622.0655002972082 240.03402153245193 -1 -1 -1 -1000 -1000 -1000 -10
73 15304 car 0 0 -1 553.704513327158 180.44061940820856 618.2240832892388 240.22910995740787 -1 -1 -1 -1000 -1000 -1000 -10
74 15304 car 0 0 -1 552.6027330213009 181.53418379341758 615.7221724966652 239.87300052402207 -1 -1 -1 -1000 -1000 -1000 -10
75 15304 car 0 0 -1 552.0930517828017 181.90540655554136 613.2977856246468 238.54557168674532 -1 -1 -1 -1000 -1000 -1000 -10
76 15311 car 0 0 -1 260.96703373481677 163.7377321213728 317.1771134496557 199.49944678497337 -1 -1 -1 -1000 -1000 -1000 -10
76 15304 car 0 0 -1 552.5175782507737 182.045500126323 612.7795880701154 238.10599773357708 -1 -1 -1 -1000 -1000 -1000 -10
77 15311 car 0 0 -1 251.0135913959678 162.82712088450597 308.8776427620649 200.29464839741945 -1 -1 -1 -1000 -1000 -1000 -10
77 15304 car 0 0 -1 553.2889479529695 182.06347798379946 612.3116770329675 237.3811028865234 -1 -1 -1 -1000 -1000 -1000 -10
78 15312 car 0 0 -1 16.130583164200118 175.4160646999225 122.34210583734168 214.6426298247588 -1 -1 -1 -1000 -1000 -1000 -10
78 15311 car 0 0 -1 237.33776896104996 162.54599026087467 297.7113414830752 201.88254077914937 -1 -1 -1 -1000 -1000 -1000 -10
78 15304 car 0 0 -1 553.0094615971199 181.95761544358265 611.7086009194064 236.62139245688599 -1 -1 -1 -1000 -1000 -1000 -10
79 15313 DontCare 0 0 -1 218.2614009148488 160.50193184676263 284.9172805942952 204.3803734644512 -1 -1 -1 -1000 -1000 -1000 -10
79 15312 car 0 0 -1 1.9619083636069234 175.65319574817948 111.0227715745686 215.3917001991125 -1 -1 -1 -1000 -1000 -1000 -10
79 15311 car 0 0 -1 221.31723520109043 161.89571122827346 285.8456297328647 203.6806914120064 -1 -1 -1 -1000 -1000 -1000 -10
79 15304 car 0 0 -1 553.846340016577 181.91715248705313 611.4706819787318 235.73330574327437 -1 -1 -1 -1000 -1000 -1000 -10
80 15313 DontCare 0 0 -1 199.71930377626916 157.22919131830045 274.9580985643547 205.44543098074254 -1 -1 -1 -1000 -1000 -1000 -10
80 15312 car 0 0 -1 -5.39777363045463 174.8720780750321 99.71406397995756 214.81854851696693 -1 -1 -1 -1000 -1000 -1000 -10
80 15304 car 0 0 -1 553.5107964213739 182.19417640541474 609.6780497826244 234.50166845658543 -1 -1 -1 -1000 -1000 -1000 -10
81 15313 DontCare 0 0 -1 178.01623791850488 155.0292799710346 260.0217937403956 207.0347663157961 -1 -1 -1 -1000 -1000 -1000 -10
81 15312 car 0 0 -1 -8.773197277782486 175.13977880482832 88.26794468790652 214.8371318847892 -1 -1 -1 -1000 -1000 -1000 -10
81 15304 car 0 0 -1 554.5808356612735 182.06994607635852 608.0350883514269 233.00659073212393 -1 -1 -1 -1000 -1000 -1000 -10
82 15313 DontCare 0 0 -1 152.83662978321394 153.01110779407713 243.5578246521515 209.62450493045776 -1 -1 -1 -1000 -1000 -1000 -10
82 15312 car 0 0 -1 -10.581653716571275 176.13974462757557 74.8492928132512 214.63595724324614 -1 -1 -1 -1000 -1000 -1000 -10
82 15311 car 0 0 -1 158.81192816189724 155.641315763591 242.7486102994136 208.0173415446421 -1 -1 -1 -1000 -1000 -1000 -10
82 15304 car 0 0 -1 556.5400184943751 183.263015051728 607.3823953494787 232.5530260420073 -1 -1 -1 -1000 -1000 -1000 -10
83 15313 car 0 0 -1 123.95704432909602 151.317531349991 223.69064623082616 211.52683158831388 -1 -1 -1 -1000 -1000 -1000 -10
83 15311 DontCare 0 0 -1 130.26366307103103 154.0298833065686 223.35709968242935 209.88335228008538 -1 -1 -1 -1000 -1000 -1000 -10
83 15304 car 0 0 -1 558.5609539613464 184.11581179252425 607.3610045887968 231.37362608763158 -1 -1 -1 -1000 -1000 -1000 -10
84 15314 car 0 0 -1 -2.527232473752065 174.28109896343932 38.29181229712999 215.89544306973994 -1 -1 -1 -1000 -1000 -1000 -10
84 15313 DontCare 0 0 -1 90.45502627732398 149.00061237593044 201.37594358005467 213.92393810778364 -1 -1 -1 -1000 -1000 -1000 -10
84 15304 car 0 0 -1 561.6862760918577 185.63990272874827 609.0876628297717 231.72519992011087 -1 -1 -1 -1000 -1000 -1000 -10
85 15313 DontCare 0 0 -1 49.8089652010949 146.15889212092293 174.33340326071203 216.11217740921938 -1 -1 -1 -1000 -1000 -1000 -10
85 15304 car 0 0 -1 563.2801354147097 185.44772474415592 610.7913746318033 230.7056635275833 -1 -1 -1 -1000 -1000 -1000 -10
86 15313 car 0 0 -1 8.86747690721873 142.79725263705032 143.5715780144433 218.56098731865822 -1 -1 -1 -1000 -1000 -1000 -10
86 15311 DontCare 0 0 -1 17.092638140606248 145.207223646613 142.8582032324508 215.02484045756654 -1 -1 -1 -1000 -1000 -1000 -10
86 15304 car 0 0 -1 563.3512110409905 184.31194757441608 610.7901106689934 228.14703264020795 -1 -1 -1 -1000 -1000 -1000 -10
87 15311 DontCare 0 0 -1 -6.466262905307872 141.6043687004422 114.03675870635502 215.09628824070035 -1 -1 -1 -1000 -1000 -1000 -10
87 15304 car 0 0 -1 564.8262593505607 183.53636750636983 611.4077083094013 226.2486640800913 -1 -1 -1 -1000 -1000 -1000 -10
88 15311 DontCare 0 0 -1 -21.850759134244566 141.16640002480065 80.79022262274088 216.8439655094747 -1 -1 -1 -1000 -1000 -1000 -10
88 15304 car 0 0 -1 564.6552877665104 183.18408754444917 611.1618734488836 224.97379709832856 -1 -1 -1 -1000 -1000 -1000 -10
89 15304 car 0 0 -1 565.0821275693633 182.57255531579878 611.3130468133908 223.7054176955066 -1 -1 -1 -1000 -1000 -1000 -10
90 15304 car 0 0 -1 566.460258016814 182.94779708118014 612.1889658309354 223.3144003121109 -1 -1 -1 -1000 -1000 -1000 -10
91 15304 car 0 0 -1 568.1932089129737 182.5935627822784 613.3356335199928 222.40067277279047 -1 -1 -1 -1000 -1000 -1000 -10
92 15304 car 0 0 -1 569.0918074538399 183.77073608208053 612.9289320404232 222.74275060457768 -1 -1 -1 -1000 -1000 -1000 -10
93 15304 car 0 0 -1 569.8772158518618 184.79374100383893 613.0248865287258 222.98750761796663 -1 -1 -1 -1000 -1000 -1000 -10
94 15304 car 0 0 -1 570.0534990617086 184.8695606812496 612.5661588582079 222.7704528965404 -1 -1 -1 -1000 -1000 -1000 -10
95 15304 car 0 0 -1 569.5111193371774 182.50446717947733 611.7269785062122 220.53691442962867 -1 -1 -1 -1000 -1000 -1000 -10
96 15304 car 0 0 -1 568.8181621869703 180.4038968430107 611.2734987596082 218.96246427492954 -1 -1 -1 -1000 -1000 -1000 -10
97 15304 car 0 0 -1 568.8331168900049 178.74339289516462 610.8553023407164 217.30822855697136 -1 -1 -1 -1000 -1000 -1000 -10
98 15304 car 0 0 -1 569.5941349003391 177.9198500561554 611.2786546257247 216.2665494093611 -1 -1 -1 -1000 -1000 -1000 -10
99 15304 car 0 0 -1 569.210833175906 179.96578105963692 611.4863897939714 218.13318552720534 -1 -1 -1 -1000 -1000 -1000 -10
100 15304 car 0 0 -1 570.4960098792141 182.09393550973158 611.4640736753828 219.49261108113058 -1 -1 -1 -1000 -1000 -1000 -10
101 15316 car 0 0 -1 252.3287574387879 172.58721345000532 312.8685250347727 195.4127660684601 -1 -1 -1 -1000 -1000 -1000 -10
101 15304 car 0 0 -1 571.8488997954531 183.03131069427278 611.916638333393 219.90768658869374 -1 -1 -1 -1000 -1000 -1000 -10
102 15316 car 0 0 -1 244.96154527653752 173.52054300115802 301.0823541734198 196.20675644828245 -1 -1 -1 -1000 -1000 -1000 -10
102 15304 car 0 0 -1 572.3576094965581 184.62140754495456 611.4542118234081 220.8083516084403 -1 -1 -1 -1000 -1000 -1000 -10
103 15316 car 0 0 -1 237.5661072334071 175.48807038383558 293.5540618199924 199.0495045182234 -1 -1 -1 -1000 -1000 -1000 -10
103 15304 car 0 0 -1 572.2276508226557 185.29021650981286 610.95834216339 221.0963999935716 -1 -1 -1 -1000 -1000 -1000 -10
104 15316 car 0 0 -1 228.36657977768056 177.99474945018144 278.8002651465939 200.96318169706686 -1 -1 -1 -1000 -1000 -1000 -10
104 15304 car 0 0 -1 572.8700925080566 184.9322943926055 611.3937161288875 220.51655883427452 -1 -1 -1 -1000 -1000 -1000 -10
105 15304 car 0 0 -1 573.8834941643767 184.9284386409504 611.4506866088644 220.16854599336972 -1 -1 -1 -1000 -1000 -1000 -10
106 15304 car 0 0 -1 575.3509466386429 183.744222813389 611.6998527778994 218.61304088651957 -1 -1 -1 -1000 -1000 -1000 -10
107 15304 car 0 0 -1 576.7894549757456 183.15436856620204 612.2189203534336 217.51921389655865 -1 -1 -1 -1000 -1000 -1000 -10
108 15304 car 0 0 -1 578.2069423789329 183.2896161773035 612.8451261792674 216.76000707413598 -1 -1 -1 -1000 -1000 -1000 -10
109 15316 car 0 0 -1 182.3020267080355 176.04867593456407 238.94568777325213 202.1197611417362 -1 -1 -1 -1000 -1000 -1000 -10
109 15304 car 0 0 -1 578.8093413441992 182.35806467375346 613.0077811158236 215.51318057626713 -1 -1 -1 -1000 -1000 -1000 -10
110 15316 car 0 0 -1 170.3589444519876 175.7314722808942 230.15834805433371 202.6938607496371 -1 -1 -1 -1000 -1000 -1000 -10
110 15304 car 0 0 -1 579.5509500964625 182.08743039716302 613.1954133245214 214.97653947796965 -1 -1 -1 -1000 -1000 -1000 -10
111 15316 car 0 0 -1 155.11198354533525 176.06884885980418 220.43675451304244 203.74046780579852 -1 -1 -1 -1000 -1000 -1000 -10
111 15304 car 0 0 -1 581.0644048350988 182.5308761556385 613.9782951287071 214.90215582536047 -1 -1 -1 -1000 -1000 -1000 -10
112 15320 car 0 0 -1 206.81354954143478 178.5129289255802 261.32840589213254 204.05493578978323 -1 -1 -1 -1000 -1000 -1000 -10
112 15316 car 0 0 -1 140.77630856506167 177.60844631476692 209.54655786433594 205.98232915686123 -1 -1 -1 -1000 -1000 -1000 -10
112 15304 car 0 0 -1 581.7774989805993 183.90020076468977 614.118480292659 215.65322974810925 -1 -1 -1 -1000 -1000 -1000 -10
113 15321 car 0 0 -1 251.43973383698278 180.4703195778045 292.5612594911437 202.5295276024837 -1 -1 -1 -1000 -1000 -1000 -10
113 15320 car 0 0 -1 194.96213122264638 180.27567042819555 253.5771406000667 206.98864347954378 -1 -1 -1 -1000 -1000 -1000 -10
113 15316 car 0 0 -1 127.28980516846337 179.4015157987473 198.3948875426567 208.20755270566843 -1 -1 -1 -1000 -1000 -1000 -10
113 15304 car 0 0 -1 581.9310222969041 185.20984576367493 613.6142187297585 216.4705817348118 -1 -1 -1 -1000 -1000 -1000 -10
114 15321 car 0 0 -1 237.79153140558074 179.30025888539268 285.58528543729807 204.00548953870464 -1 -1 -1 -1000 -1000 -1000 -10
114 15320 car 0 0 -1 185.2403254140942 181.01437960730183 245.33167930963046 208.5850611904743 -1 -1 -1 -1000 -1000 -1000 -10
114 15316 car 0 0 -1 113.78774895395638 179.93155317830093 190.13354467601982 209.14474176200395 -1 -1 -1 -1000 -1000 -1000 -10
114 15304 car 0 0 -1 582.1978527853571 185.90484472026037 613.846528968809 217.24441322087768 -1 -1 -1 -1000 -1000 -1000 -10
115 15321 car 0 0 -1 225.7194508844404 178.33544232217793 279.6043492912792 205.7607185185488 -1 -1 -1 -1000 -1000 -1000 -10
115 15320 car 0 0 -1 183.90063193473108 180.65875268336555 240.74976871429774 208.39147526705852 -1 -1 -1 -1000 -1000 -1000 -10
115 15316 car 0 0 -1 98.41451649220852 181.18682513996555 180.24717785153143 211.67095199395482 -1 -1 -1 -1000 -1000 -1000 -10
115 15304 car 0 0 -1 583.0183914134587 187.07507179330796 614.5025403662165 217.93997330951308 -1 -1 -1 -1000 -1000 -1000 -10
116 15320 car 0 0 -1 166.41849631512721 179.55980120377103 226.6006786069063 207.8878650939344 -1 -1 -1 -1000 -1000 -1000 -10
116 15316 car 0 0 -1 73.12661555169674 180.78734674151872 159.94889531882987 212.1320498370352 -1 -1 -1 -1000 -1000 -1000 -10
116 15304 car 0 0 -1 584.967197687788 186.83082300000146 615.7062555283185 216.93079380264138 -1 -1 -1 -1000 -1000 -1000 -10
117 15316 car 0 0 -1 51.94728537793047 178.34067810656455 144.94440168851224 211.26657727493125 -1 -1 -1 -1000 -1000 -1000 -10
117 15304 car 0 0 -1 585.3799723257471 184.66445563497223 615.8126544174092 214.04649853587887 -1 -1 -1 -1000 -1000 -1000 -10
118 15322 car 0 0 -1 117.80087675884789 174.97148995495223 207.43611978356068 208.328516093347 -1 -1 -1 -1000 -1000 -1000 -10
118 15316 car 0 0 -1 25.872270554345455 177.97139850862968 124.70987920474306 212.29701053825292 -1 -1 -1 -1000 -1000 -1000 -10
118 15304 car 0 0 -1 585.1915692557238 184.03498574722167 614.8639259471365 212.76356375923248 -1 -1 -1 -1000 -1000 -1000 -10
119 15322 car 0 0 -1 100.90829551550624 177.82775164774955 196.1997424682336 212.67871375295573 -1 -1 -1 -1000 -1000 -1000 -10
119 15316 car 0 0 -1 5.763238609452912 178.2183201864263 110.4412721984134 215.53464603318474 -1 -1 -1 -1000 -1000 -1000 -10
119 15304 car 0 0 -1 586.2137578889381 185.1182187370892 614.6908966644346 212.92856255635536 -1 -1 -1 -1000 -1000 -1000 -10
120 15322 car 0 0 -1 88.26778634178302 179.41003888446585 198.9943090803578 219.34893935323788 -1 -1 -1 -1000 -1000 -1000 -10
120 15316 car 0 0 -1 -8.031443529230664 180.29258390240443 90.50483690114856 218.66614271549918 -1 -1 -1 -1000 -1000 -1000 -10
120 15304 car 0 0 -1 587.1271858915408 186.25781399942485 614.077764765353 212.93126288543237 -1 -1 -1 -1000 -1000 -1000 -10
121 15322 car 0 0 -1 70.88118941863374 186.4362930592917 180.81493308680555 230.75574992929597 -1 -1 -1 -1000 -1000 -1000 -10
121 15321 car 0 0 -1 151.4373990453101 179.71603896241498 222.39498479825335 213.947280841819 -1 -1 -1 -1000 -1000 -1000 -10
121 15316 car 0 0 -1 -15.413018020186357 182.97953336872277 72.9258966882725 222.48141523442175 -1 -1 -1 -1000 -1000 -1000 -10
121 15304 car 0 0 -1 587.2962664590705 187.3083616369045 613.3478458875827 212.97786587940058 -1 -1 -1 -1000 -1000 -1000 -10
122 15321 car 0 0 -1 135.45357848504727 179.98045832033384 209.60241881951964 213.7455546527024 -1 -1 -1 -1000 -1000 -1000 -10
122 15304 car 0 0 -1 588.1380697235885 188.0494916730725 612.9264490093896 212.00654676857323 -1 -1 -1 -1000 -1000 -1000 -10
123 15321 car 0 0 -1 118.31008283331957 179.42375369057592 196.2207159779778 212.944442862 -1 -1 -1 -1000 -1000 -1000 -10
124 15323 car 0 0 -1 15.065625309701417 179.64796072224829 107.49018751965885 218.13967674522428 -1 -1 -1 -1000 -1000 -1000 -10
124 15321 car 0 0 -1 96.57881107145529 178.07457191133952 182.15437049310117 213.7388471052374 -1 -1 -1 -1000 -1000 -1000 -10
125 15324 car 0 0 -1 579.3254231308531 180.77815225884044 618.8510424924702 218.92768742905 -1 -1 -1 -1000 -1000 -1000 -10
125 15323 car 0 0 -1 -2.522395549405907 178.90068117161752 87.10007160163644 219.20426122564186 -1 -1 -1 -1000 -1000 -1000 -10
125 15321 car 0 0 -1 77.38749966146449 179.3012168500701 168.2527606014982 216.2316905132975 -1 -1 -1 -1000 -1000 -1000 -10
126 15324 car 0 0 -1 579.752395443539 180.12540733234226 618.9237560289585 217.7201461487711 -1 -1 -1 -1000 -1000 -1000 -10
126 15323 car 0 0 -1 -10.587357876039988 179.21610537702304 67.56559675392668 219.0917742063241 -1 -1 -1 -1000 -1000 -1000 -10
126 15321 car 0 0 -1 56.197749247501434 180.3674017150184 153.46256284321376 218.50927264551342 -1 -1 -1 -1000 -1000 -1000 -10
127 15324 car 0 0 -1 580.6891530102456 179.19380165786905 619.7192680712384 216.5232490038217 -1 -1 -1 -1000 -1000 -1000 -10
127 15321 car 0 0 -1 33.68277410155702 180.62056049045725 135.0073774742643 219.4734806699504 -1 -1 -1 -1000 -1000 -1000 -10
128 15324 car 0 0 -1 581.7675458059175 179.26685067009961 619.9180582396491 215.05154273672284 -1 -1 -1 -1000 -1000 -1000 -10
128 15321 car 0 0 -1 16.900600141958066 181.26339227616467 123.44533498184536 221.87018794583122 -1 -1 -1 -1000 -1000 -1000 -10
129 15324 car 0 0 -1 581.5777670076892 178.87973196231508 619.7980750050257 214.28507289347596 -1 -1 -1 -1000 -1000 -1000 -10
129 15323 car 0 0 -1 5.193120215845468 178.33459806031038 90.70991587848859 217.37331014238998 -1 -1 -1 -1000 -1000 -1000 -10
129 15321 car 0 0 -1 -1.5995964918188932 180.79088943940374 104.61785615483083 223.44239527721763 -1 -1 -1 -1000 -1000 -1000 -10
130 15324 car 0 0 -1 582.0530877343898 179.39281017771472 619.8852790689647 214.10219835325566 -1 -1 -1 -1000 -1000 -1000 -10
130 15323 car 0 0 -1 -3.018714607451429 179.65139337139848 75.9579377376569 217.93617397671605 -1 -1 -1 -1000 -1000 -1000 -10
131 15324 car 0 0 -1 582.7232562717362 179.20100146795002 620.0838248314732 213.76120157584901 -1 -1 -1 -1000 -1000 -1000 -10
131 15323 car 0 0 -1 -9.008515115423794 180.7038711683749 57.25976506839383 217.61002369266427 -1 -1 -1 -1000 -1000 -1000 -10
132 15324 car 0 0 -1 583.2645568645846 178.78807145796864 620.5176034209983 212.64973011336664 -1 -1 -1 -1000 -1000 -1000 -10
133 15325 car 0 0 -1 319.9105460072251 177.7223894068464 353.85475230390546 197.21876324876052 -1 -1 -1 -1000 -1000 -1000 -10
133 15324 car 0 0 -1 584.2190212460984 179.04929688062776 621.9180404008542 213.19755299574325 -1 -1 -1 -1000 -1000 -1000 -10
134 15325 car 0 0 -1 314.2472130720068 178.02287357383648 348.6436676902353 197.93214421210416 -1 -1 -1 -1000 -1000 -1000 -10
134 15324 car 0 0 -1 584.6919430626692 178.92263929280068 622.9623447295614 212.98350608382145 -1 -1 -1 -1000 -1000 -1000 -10
135 15325 car 0 0 -1 308.0862784730158 176.6579365721002 342.88354163646113 197.18485183503446 -1 -1 -1 -1000 -1000 -1000 -10
135 15324 car 0 0 -1 586.3727910336521 177.12521498274452 624.4755583690804 211.34874896022234 -1 -1 -1 -1000 -1000 -1000 -10
136 15325 car 0 0 -1 302.2986711867977 175.34004689814208 338.02925183195805 196.3500877562853 -1 -1 -1 -1000 -1000 -1000 -10
136 15324 car 0 0 -1 587.6442750972885 174.61989596056065 625.689318268421 209.2777917216921 -1 -1 -1 -1000 -1000 -1000 -10
137 15325 car 0 0 -1 294.9278730501554 172.27102366736236 332.3194861078995 194.43339594204346 -1 -1 -1 -1000 -1000 -1000 -10
137 15324 car 0 0 -1 588.31250740967 172.09973457393514 626.5711322017547 206.8107504202359 -1 -1 -1 -1000 -1000 -1000 -10
138 15325 car 0 0 -1 287.8958854918067 171.74323868026255 326.8881198531266 194.66067762327503 -1 -1 -1 -1000 -1000 -1000 -10
138 15324 car 0 0 -1 589.1989766117033 171.4816109664467 627.5390929635241 205.60070121311466 -1 -1 -1 -1000 -1000 -1000 -10
139 15325 car 0 0 -1 280.42506842682417 173.42967235198 322.8225391018723 197.05483715911294 -1 -1 -1 -1000 -1000 -1000 -10
139 15324 car 0 0 -1 589.4300370395226 173.2166734134517 627.9595319588291 207.84044435841582 -1 -1 -1 -1000 -1000 -1000 -10
140 15325 car 0 0 -1 273.225006203771 177.08203488571834 322.8966775119375 203.07968507649113 -1 -1 -1 -1000 -1000 -1000 -10
140 15324 car 0 0 -1 588.3670030900083 177.38498111642863 627.2500373601323 211.79459618101677 -1 -1 -1 -1000 -1000 -1000 -10
141 15324 car 0 0 -1 587.2253846038072 180.32172942609665 626.3675316566123 214.58007231673017 -1 -1 -1 -1000 -1000 -1000 -10
142 15324 car 0 0 -1 586.448824443255 179.9550686215443 626.3475114279895 213.83284793692204 -1 -1 -1 -1000 -1000 -1000 -10
143 15324 car 0 0 -1 586.6018865948926 179.90529822240305 625.870508005468 213.4497652695069 -1 -1 -1 -1000 -1000 -1000 -10
