0 15332 car 0 0 -1 928.0 148.0 1061.0 202.0 -1 -1 -1 -1000 -1000 -1000 -10
0 15331 DontCare 0 0 -1 926.0 148.0 1061.0 203.0 -1 -1 -1 -1000 -1000 -1000 -10
0 15330 car 0 0 -1 1128.0 161.0 1242.0 222.0 -1 -1 -1 -1000 -1000 -1000 -10
0 15329 car 0 0 -1 70.0 181.0 272.0 249.0 -1 -1 -1 -1000 -1000 -1000 -10
0 15328 car 0 0 -1 429.0 172.0 576.0 221.0 -1 -1 -1 -1000 -1000 -1000 -10
0 15327 car 0 0 -1 806.0 163.0 956.0 251.0 -1 -1 -1 -1000 -1000 -1000 -10
1 15332 car 0 0 -1 943.9428489775694 149.92548077833283 1061.0555529401295 201.07441934152337 -1 -1 -1 -1000 -1000 -1000 -10
1 15330 car 0 0 -1 1168.3151331455035 165.56591262283354 1247.6802723678804 220.43378773673498 -1 -1 -1 -1000 -1000 -1000 -10
1 15329 car 0 0 -1 1.3891982768109727 181.8773405381592 220.62278734044833 255.12196030083405 -1 -1 -1 -1000 -1000 -1000 -10
1 15328 car 0 0 -1 398.2960193236147 170.2454836568839 552.709374204152 222.7545163431161 -1 -1 -1 -1000 -1000 -1000 -10
1 15327 car 0 0 -1 828.0666824785906 160.40409179276853 989.9277242333551 252.59600808737528 -1 -1 -1 -1000 -1000 -1000 -10
2 15330 car 0 0 -1 1196.068154354064 155.3224202863218 1248.046430336034 201.67816019347555 -1 -1 -1 -1000 -1000 -1000 -10
2 15329 car 0 0 -1 -14.97092046910032 184.83884962919169 172.5080963326142 255.3960048793895 -1 -1 -1 -1000 -1000 -1000 -10
2 15328 car 0 0 -1 364.61689309483853 169.1664950701644 526.7403171037377 224.77465758544253 -1 -1 -1 -1000 -1000 -1000 -10
2 15327 car 0 0 -1 852.8168980629827 156.4078116335753 1023.0611282963017 251.8276541538529 -1 -1 -1 -1000 -1000 -1000 -10
3 15329 car 0 0 -1 -23.796909314183907 190.73890457564042 113.52439079961461 254.13488765604657 -1 -1 -1 -1000 -1000 -1000 -10
3 15328 car 0 0 -1 324.21100326772665 167.94019659784084 497.7433100191035 227.0148211880998 -1 -1 -1 -1000 -1000 -1000 -10
3 15327 car 0 0 -1 881.1514107806348 151.92743981161306 1059.5328705583022 249.55836686887267 -1 -1 -1 -1000 -1000 -1000 -10
4 15328 car 0 0 -1 281.47236719957874 165.4431918415262 466.3403406985511 228.18052935798858 -1 -1 -1 -1000 -1000 -1000 -10
4 15327 car 0 0 -1 908.1160671368896 148.2599581381072 1094.6496213265611 249.3130059544472 -1 -1 -1 -1000 -1000 -1000 -10
5 15333 car 0 0 -1 1196.1497290204554 142.5005117631281 1240.0858895866847 197.9699613525931 -1 -1 -1 -1000 -1000 -1000 -10
5 15328 car 0 0 -1 229.99180853165484 164.51838634811992 428.5757978278347 230.88702133387568 -1 -1 -1 -1000 -1000 -1000 -10
5 15327 car 0 0 -1 936.5633701378863 148.75821729648771 1129.7374465391242 250.81847597386547 -1 -1 -1 -1000 -1000 -1000 -10
6 15333 car 0 0 -1 1188.3416502891944 147.1025152431847 1239.1442426580586 203.65757506340555 -1 -1 -1 -1000 -1000 -1000 -10
6 15331 DontCare 0 0 -1 852.6709647240369 142.58878903280777 1020.2063694532975 211.120554323028 -1 -1 -1 -1000 -1000 -1000 -10
6 15328 car 0 0 -1 168.66742934443946 165.10842286434377 384.17965432802237 235.87880290323307 -1 -1 -1 -1000 -1000 -1000 -10
6 15327 car 0 0 -1 964.5679936267128 150.587104879803 1165.6868497978717 254.14826204098085 -1 -1 -1 -1000 -1000 -1000 -10
7 15333 car 0 0 -1 1174.392323709025 149.35812561423515 1236.2476367444126 207.98223475337963 -1 -1 -1 -1000 -1000 -1000 -10
7 15331 DontCare 0 0 -1 834.1409922250307 143.82140558106917 1000.0920465788226 212.46769571875595 -1 -1 -1 -1000 -1000 -1000 -10
7 15328 car 0 0 -1 95.90853768276128 166.8110622687566 334.2774264190387 244.45366600588994 -1 -1 -1 -1000 -1000 -1000 -10
7 15327 car 0 0 -1 992.7593043249656 151.36220582964376 1200.1683628635494 255.98856934730878 -1 -1 -1 -1000 -1000 -1000 -10
8 15333 car 0 0 -1 1166.2804595071789 153.09635570201263 1236.630442393663 214.93048309698165 -1 -1 -1 -1000 -1000 -1000 -10
8 15331 DontCare 0 0 -1 808.6574086622934 144.71752275544173 977.7207103980543 215.20949259282105 -1 -1 -1 -1000 -1000 -1000 -10
8 15328 car 0 0 -1 18.252525971180518 167.83299547628076 277.64882010625877 252.51357323876874 -1 -1 -1 -1000 -1000 -1000 -10
8 15327 car 0 0 -1 1021.4711642689329 152.6386000513831 1233.6748300230695 258.43947828457897 -1 -1 -1 -1000 -1000 -1000 -10
9 15331 DontCare 0 0 -1 780.2196510478326 145.26602429418242 952.5081016869864 217.96665195535294 -1 -1 -1 -1000 -1000 -1000 -10
9 15328 car 0 0 -1 -23.074656204560213 169.95253137951497 226.40877985579033 258.3024481295647 -1 -1 -1 -1000 -1000 -1000 -10
9 15327 car 0 0 -1 1044.1256323614523 153.99478930396162 1253.4108895097581 259.81187492559985 -1 -1 -1 -1000 -1000 -1000 -10
10 15331 DontCare 0 0 -1 748.6487815231427 144.96755445960295 923.8241189834556 220.0785861541555 -1 -1 -1 -1000 -1000 -1000 -10
10 15328 car 0 0 -1 -48.08467433513785 173.27503162651644 166.0964289826307 262.4230679692365 -1 -1 -1 -1000 -1000 -1000 -10
10 15327 car 0 0 -1 1062.7221416237926 154.65936887762024 1260.0080689580445 260.1406000501215 -1 -1 -1 -1000 -1000 -1000 -10
11 15331 DontCare 0 0 -1 713.0804455973787 144.52122560949533 893.5787048229579 221.78833309764167 -1 -1 -1 -1000 -1000 -1000 -10
11 15327 car 0 0 -1 1081.1519709203246 155.72963879793105 1265.330251027374 261.42022144375784 -1 -1 -1 -1000 -1000 -1000 -10
12 15331 DontCare 0 0 -1 675.9726677099304 146.83173046121107 858.3471068149083 226.54905625837745 -1 -1 -1 -1000 -1000 -1000 -10
12 15327 car 0 0 -1 1097.684133982188 159.6515730089427 1266.905929524065 264.3339278407173 -1 -1 -1 -1000 -1000 -1000 -10
13 15333 car 0 0 -1 1033.926592584803 162.34479024053076 1162.631241353546 228.22134574363577 -1 -1 -1 -1000 -1000 -1000 -10
13 15331 DontCare 0 0 -1 630.6503000348091 149.6901035759353 817.7977990171271 232.23718382754325 -1 -1 -1 -1000 -1000 -1000 -10
13 15327 car 0 0 -1 1111.8663840964518 164.77877519113386 1266.261686317483 267.691795650398 -1 -1 -1 -1000 -1000 -1000 -10
14 15333 car 0 0 -1 994.6796966346722 167.34867973017515 1130.7857947456857 230.65315825721115 -1 -1 -1 -1000 -1000 -1000 -10
14 15331 DontCare 0 0 -1 579.5798873042206 153.24741267768152 773.514531444755 239.73118349326725 -1 -1 -1 -1000 -1000 -1000 -10
14 15327 car 0 0 -1 1123.1677140220418 169.2876971294868 1264.3180270754892 270.9305002487969 -1 -1 -1 -1000 -1000 -1000 -10
15 15333 car 0 0 -1 952.234949011114 170.18344993534458 1091.5537896940405 232.36797085666018 -1 -1 -1 -1000 -1000 -1000 -10
15 15331 DontCare 0 0 -1 523.5703855065941 155.70645546383668 724.8949537406119 245.92429272946038 -1 -1 -1 -1000 -1000 -1000 -10
15 15327 car 0 0 -1 1130.829791901169 171.65131886718646 1261.3091088741778 272.05358746853415 -1 -1 -1 -1000 -1000 -1000 -10
16 15333 car 0 0 -1 909.3425039479341 172.9342773264181 1052.203234463454 235.08883833320635 -1 -1 -1 -1000 -1000 -1000 -10
16 15331 DontCare 0 0 -1 461.3841417949757 157.41324289664894 672.6007667323606 251.9392832591856 -1 -1 -1 -1000 -1000 -1000 -10
16 15327 car 0 0 -1 1137.1701232444611 174.6647700953795 1258.003460611235 272.2259609185395 -1 -1 -1 -1000 -1000 -1000 -10
17 15333 car 0 0 -1 864.753268781679 174.56185758279926 1010.5792374286957 236.63775179199385 -1 -1 -1 -1000 -1000 -1000 -10
17 15331 DontCare 0 0 -1 395.11839255993317 158.77519503355572 617.613313236672 257.9319127839876 -1 -1 -1 -1000 -1000 -1000 -10
17 15327 car 0 0 -1 1140.1140310919834 177.38526457606122 1254.3394901727058 272.57623131834885 -1 -1 -1 -1000 -1000 -1000 -10
18 15337 car 0 0 -1 1026.0694431634315 180.7738465928582 1134.0551056069812 225.40238980089754 -1 -1 -1 -1000 -1000 -1000 -10
18 15333 car 0 0 -1 818.8142287503716 176.62869183156351 965.7164192262659 238.8688029344907 -1 -1 -1 -1000 -1000 -1000 -10
18 15331 DontCare 0 0 -1 318.0741196791846 159.38457435226468 557.279318272126 265.1838932638555 -1 -1 -1 -1000 -1000 -1000 -10
18 15327 car 0 0 -1 1138.1060262698184 177.7086852417816 1250.4019545837991 271.99844816078013 -1 -1 -1 -1000 -1000 -1000 -10
19 15337 car 0 0 -1 985.8672110525486 181.01449754013507 1091.9209054443072 225.27319391394062 -1 -1 -1 -1000 -1000 -1000 -10
19 15333 car 0 0 -1 770.9869089501603 177.49057630745583 921.8568391538424 241.4181866478132 -1 -1 -1 -1000 -1000 -1000 -10
19 15331 DontCare 0 0 -1 229.15216594307478 159.4498102842221 489.8444882394315 274.473525062687 -1 -1 -1 -1000 -1000 -1000 -10
19 15327 car 0 0 -1 1135.3136768766833 177.32318625203052 1247.3682126494184 270.2228744116307 -1 -1 -1 -1000 -1000 -1000 -10
20 15337 car 0 0 -1 949.5269108092491 181.26369998510262 1051.693904508204 224.994272127797 -1 -1 -1 -1000 -1000 -1000 -10
20 15333 car 0 0 -1 726.3043347333527 177.69830286178808 878.6262100771436 242.9790058608583 -1 -1 -1 -1000 -1000 -1000 -10
20 15331 DontCare 0 0 -1 123.99734783958417 160.13396826612873 416.00024373433274 286.9741250576223 -1 -1 -1 -1000 -1000 -1000 -10
20 15327 car 0 0 -1 1129.7874990893572 176.24201577721115 1244.6131266873074 267.7808986178826 -1 -1 -1 -1000 -1000 -1000 -10
21 15338 car 0 0 -1 1039.8295258159114 179.16116978504684 1125.2352278927879 215.78021210012773 -1 -1 -1 -1000 -1000 -1000 -10
21 15337 car 0 0 -1 912.3371665358886 180.09104353262597 1013.7364743533026 224.64178304771235 -1 -1 -1 -1000 -1000 -1000 -10
21 15333 car 0 0 -1 678.752343090311 178.17155661889262 834.5743088775833 245.63249209236466 -1 -1 -1 -1000 -1000 -1000 -10
21 15331 DontCare 0 0 -1 29.58958862482922 162.0139806551295 340.831177224299 301.01810868681105 -1 -1 -1 -1000 -1000 -1000 -10
21 15327 car 0 0 -1 1121.4783237464749 174.76723298281175 1241.201468418324 264.5804001105614 -1 -1 -1 -1000 -1000 -1000 -10
22 15338 car 0 0 -1 1005.0178360024154 180.57932245324875 1084.1953545819276 215.7641553511136 -1 -1 -1 -1000 -1000 -1000 -10
22 15337 car 0 0 -1 875.4281986389292 180.6857004825882 977.2710456103048 225.66206741217704 -1 -1 -1 -1000 -1000 -1000 -10
22 15333 car 0 0 -1 630.4439677953994 179.30279570139822 789.9987384803483 249.46155835285805 -1 -1 -1 -1000 -1000 -1000 -10
22 15331 DontCare 0 0 -1 -26.972845168084874 165.866470938239 265.7165919372486 314.09795915050745 -1 -1 -1 -1000 -1000 -1000 -10
22 15327 car 0 0 -1 1110.6495732216779 175.24284511437097 1233.876841275195 262.9397470366275 -1 -1 -1 -1000 -1000 -1000 -10
23 15338 car 0 0 -1 969.0414863847458 183.2970279321075 1043.7595166456424 217.38180619789225 -1 -1 -1 -1000 -1000 -1000 -10
23 15337 car 0 0 -1 837.6691845561382 183.71946590470654 937.9840959922755 228.76713951811743 -1 -1 -1 -1000 -1000 -1000 -10
23 15333 car 0 0 -1 577.8763047345594 182.3518178547143 742.1002181189458 255.3442503713783 -1 -1 -1 -1000 -1000 -1000 -10
23 15327 car 0 0 -1 1092.301860583696 178.17418692020073 1215.3894214196762 262.80460697165506 -1 -1 -1 -1000 -1000 -1000 -10
24 15338 car 0 0 -1 933.0490026548161 188.2921321757996 1004.5601977264491 221.10635833194456 -1 -1 -1 -1000 -1000 -1000 -10
24 15337 car 0 0 -1 798.883216289095 186.38059338514566 899.7896869850994 232.3964460013926 -1 -1 -1 -1000 -1000 -1000 -10
24 15333 car 0 0 -1 515.9563973516213 183.32133603593758 690.3174173362088 261.5281533540019 -1 -1 -1 -1000 -1000 -1000 -10
24 15327 car 0 0 -1 1070.6642431571534 181.38633139457656 1191.2844031767547 263.2373198796257 -1 -1 -1 -1000 -1000 -1000 -10
25 15338 car 0 0 -1 895.3024559362569 190.5778209039025 964.568626004393 222.35156294728196 -1 -1 -1 -1000 -1000 -1000 -10
25 15337 car 0 0 -1 755.4185100308695 188.01694970461983 859.5085017441794 235.69695992433856 -1 -1 -1 -1000 -1000 -1000 -10
25 15333 car 0 0 -1 447.9226831808777 184.9308392175882 635.1847447339745 269.6593180762089 -1 -1 -1 -1000 -1000 -1000 -10
25 15327 car 0 0 -1 1047.2423477831187 183.8416697565905 1163.137296705517 262.78029154972364 -1 -1 -1 -1000 -1000 -1000 -10
26 15338 car 0 0 -1 857.1511417755315 189.50024116366197 924.8132879110032 221.01874172628598 -1 -1 -1 -1000 -1000 -1000 -10
26 15337 car 0 0 -1 714.3483655343881 187.47695289232772 818.4350526651609 236.61643830692392 -1 -1 -1 -1000 -1000 -1000 -10
26 15333 car 0 0 -1 368.46697431670407 183.5467646949889 573.6499827526361 276.52046764590773 -1 -1 -1 -1000 -1000 -1000 -10
26 15327 car 0 0 -1 1069.915831252408 177.67252442899232 1169.8651291738936 244.82723552310628 -1 -1 -1 -1000 -1000 -1000 -10
27 15341 car 0 0 -1 981.029873381914 183.65481021920314 1080.9354910531702 254.09968971273346 -1 -1 -1 -1000 -1000 -1000 -10
27 15338 car 0 0 -1 815.3470896683923 188.60196529641323 883.1616204635802 219.54078145635256 -1 -1 -1 -1000 -1000 -1000 -10
27 15337 car 0 0 -1 670.3398723157588 186.12850658224494 777.583172676191 236.6686078086601 -1 -1 -1 -1000 -1000 -1000 -10
27 15333 car 0 0 -1 271.2630665181856 182.9604761669607 503.0141813185129 287.4992427347388 -1 -1 -1 -1000 -1000 -1000 -10
28 15341 car 0 0 -1 949.5953385852418 183.17975257441384 1043.3485174622979 252.59320824683965 -1 -1 -1 -1000 -1000 -1000 -10
28 15338 car 0 0 -1 776.530203387771 187.9945770278913 844.0317249123716 219.1908914460705 -1 -1 -1 -1000 -1000 -1000 -10
28 15337 car 0 0 -1 621.5532820157568 185.77335490428788 733.8835598507449 238.45059044127657 -1 -1 -1 -1000 -1000 -1000 -10
28 15333 car 0 0 -1 147.64886749384445 183.30234779502743 421.37986121467793 303.9831319935444 -1 -1 -1 -1000 -1000 -1000 -10
29 15341 car 0 0 -1 916.9441662348281 182.03273618016658 1004.8060565251617 249.75187984016452 -1 -1 -1 -1000 -1000 -1000 -10
29 15338 car 0 0 -1 735.8376245000588 187.88087903859557 802.7436014916723 219.56458573728676 -1 -1 -1 -1000 -1000 -1000 -10
29 15337 car 0 0 -1 570.1595064620838 185.76888725536458 686.6903117811898 239.58308838627096 -1 -1 -1 -1000 -1000 -1000 -10
29 15333 car 0 0 -1 39.043934860375884 186.77986186380465 337.65097547728305 323.6693252398818 -1 -1 -1 -1000 -1000 -1000 -10
30 15341 car 0 0 -1 884.0272035517421 181.1545806919074 965.3224857374248 246.96696544638579 -1 -1 -1 -1000 -1000 -1000 -10
30 15338 car 0 0 -1 694.8530686091734 186.87838031720094 762.2787464900208 219.95019617419916 -1 -1 -1 -1000 -1000 -1000 -10
30 15337 car 0 0 -1 514.7550543581492 186.88574639589464 637.3389339137645 244.1098107727831 -1 -1 -1 -1000 -1000 -1000 -10
30 15333 car 0 0 -1 -26.162597227953455 188.74172942189597 252.33618100978 335.4715141737926 -1 -1 -1 -1000 -1000 -1000 -10
31 15341 car 0 0 -1 850.8362764776341 180.6216092681209 926.8317115916398 244.05673708663562 -1 -1 -1 -1000 -1000 -1000 -10
31 15338 car 0 0 -1 653.343293266332 184.7070791143418 722.5536092920247 219.85805782333688 -1 -1 -1 -1000 -1000 -1000 -10
31 15337 car 0 0 -1 452.7319963055286 185.7879392889239 585.1322625674418 247.92496347975896 -1 -1 -1 -1000 -1000 -1000 -10
32 15341 car 0 0 -1 818.0940125290681 180.08452206102677 888.3725168616731 241.28521356476327 -1 -1 -1 -1000 -1000 -1000 -10
32 15338 car 0 0 -1 610.8867824765779 184.47048721686718 681.2165580018994 220.5440867122232 -1 -1 -1 -1000 -1000 -1000 -10
32 15337 car 0 0 -1 385.4621866737732 184.39621352380848 532.0858674895059 252.89675437771328 -1 -1 -1 -1000 -1000 -1000 -10
33 15341 car 0 0 -1 783.598529150901 178.758897586818 849.2598468250862 238.02585855345384 -1 -1 -1 -1000 -1000 -1000 -10
33 15338 car 0 0 -1 566.827758580962 184.18480729577124 638.5579116980581 220.9812847354151 -1 -1 -1 -1000 -1000 -1000 -10
33 15337 car 0 0 -1 303.4499031188574 184.2936516050819 470.58835939393816 262.15661340940414 -1 -1 -1 -1000 -1000 -1000 -10
34 15341 car 0 0 -1 749.0674028632252 178.08854956473277 810.7679608537226 235.02736871678633 -1 -1 -1 -1000 -1000 -1000 -10
34 15338 car 0 0 -1 520.741840435896 184.21207914865835 595.5355393531644 222.31277388673135 -1 -1 -1 -1000 -1000 -1000 -10
34 15337 car 0 0 -1 203.02227985045135 185.37290646924026 399.88079203728284 276.26208061211776 -1 -1 -1 -1000 -1000 -1000 -10
35 15341 car 0 0 -1 715.5984538972149 178.61002712070842 773.5208992224387 233.20348600225378 -1 -1 -1 -1000 -1000 -1000 -10
35 15338 car 0 0 -1 473.57902782249204 182.98829251273287 553.3809900800396 224.0324826638631 -1 -1 -1 -1000 -1000 -1000 -10
35 15337 car 0 0 -1 75.09274410194924 187.6447568197572 316.3081711811449 295.35194757967207 -1 -1 -1 -1000 -1000 -1000 -10
36 15341 car 0 0 -1 684.3531265546542 178.37559840548502 739.6177794833065 231.0193285631274 -1 -1 -1 -1000 -1000 -1000 -10
36 15338 car 0 0 -1 426.0684782780605 183.63407193011133 511.528107737083 227.49739235022426 -1 -1 -1 -1000 -1000 -1000 -10
36 15337 car 0 0 -1 1.0180621886537153 193.99575914588544 249.0973043659613 314.61284982045925 -1 -1 -1 -1000 -1000 -1000 -10
37 15341 car 0 0 -1 658.070458865526 178.30682267120807 710.7999924565063 228.91857781078608 -1 -1 -1 -1000 -1000 -1000 -10
37 15338 car 0 0 -1 380.65599361527984 184.34410319639858 472.83787062113583 230.94365046732537 -1 -1 -1 -1000 -1000 -1000 -10
37 15337 car 0 0 -1 -40.72692338100963 198.04995966154414 184.23378404674656 325.931059866283 -1 -1 -1 -1000 -1000 -1000 -10
38 15341 car 0 0 -1 633.9610881967212 178.94825725869748 684.8603815619226 227.5262220345541 -1 -1 -1 -1000 -1000 -1000 -10
38 15338 car 0 0 -1 334.1947756386436 186.97767949646519 436.5440908877497 236.4045313883154 -1 -1 -1 -1000 -1000 -1000 -10
39 15341 car 0 0 -1 613.6100727762041 179.55791914508512 662.9344404163262 226.69639281997598 -1 -1 -1 -1000 -1000 -1000 -10
39 15338 car 0 0 -1 286.0640683001815 188.6540567829644 399.81007425643065 242.32920332489397 -1 -1 -1 -1000 -1000 -1000 -10
40 15361 car 0 0 -1 397.0686055950789 185.7028965808787 460.93567335685054 224.29687418955365 -1 -1 -1 -1000 -1000 -1000 -10
40 15341 car 0 0 -1 596.5791613604486 179.8768760926288 644.4841633191936 225.6931167246777 -1 -1 -1 -1000 -1000 -1000 -10
40 15338 car 0 0 -1 238.37159843412803 188.42353644911958 365.11457732931035 247.3332014779013 -1 -1 -1 -1000 -1000 -1000 -10
41 15361 car 0 0 -1 371.23463665589355 184.57154473246806 440.08568801383643 225.88707790367795 -1 -1 -1 -1000 -1000 -1000 -10
41 15341 car 0 0 -1 582.6793952675633 180.24339292310069 629.3125544682449 225.1198133864037 -1 -1 -1 -1000 -1000 -1000 -10
41 15338 car 0 0 -1 187.43777724474762 188.70716088962487 330.67358852753046 254.01011269527552 -1 -1 -1 -1000 -1000 -1000 -10
42 15362 car 0 0 -1 446.5843128909139 181.586760484791 487.2980916355589 210.2369267115974 -1 -1 -1 -1000 -1000 -1000 -10
42 15361 car 0 0 -1 347.18589965125784 186.57399814902712 418.3006610100772 229.36537347015368 -1 -1 -1 -1000 -1000 -1000 -10
42 15341 car 0 0 -1 571.8510253692149 180.56268992016678 617.3212732123101 224.76992655563615 -1 -1 -1 -1000 -1000 -1000 -10
42 15338 car 0 0 -1 131.66877183361174 189.9289530874555 296.6668057418188 263.1833995346541 -1 -1 -1 -1000 -1000 -1000 -10
43 15363 car 0 0 -1 397.78123007626436 183.95674139544633 447.80920721851646 219.92533468619985 -1 -1 -1 -1000 -1000 -1000 -10
43 15361 car 0 0 -1 322.86648842620536 188.5767804793033 399.8442653928844 234.1226634395838 -1 -1 -1 -1000 -1000 -1000 -10
43 15341 car 0 0 -1 564.1118431812885 181.76430283923554 608.4232937213186 224.91114683266312 -1 -1 -1 -1000 -1000 -1000 -10
43 15338 car 0 0 -1 67.10741545980912 192.85857356529237 260.6422554952951 275.85587327723283 -1 -1 -1 -1000 -1000 -1000 -10
44 15363 car 0 0 -1 384.7398458897224 186.05582421949265 437.79369840132375 223.70116460680532 -1 -1 -1 -1000 -1000 -1000 -10
44 15361 car 0 0 -1 300.37923049844716 189.37851945489192 383.9646834319606 238.27188169789784 -1 -1 -1 -1000 -1000 -1000 -10
44 15338 car 0 0 -1 15.04336455509437 196.89851178895196 228.3225137625554 289.36250684419616 -1 -1 -1 -1000 -1000 -1000 -10
45 15364 car 0 0 -1 452.6562242715583 184.98436354144826 487.8713884661699 209.71566638501355 -1 -1 -1 -1000 -1000 -1000 -10
45 15363 car 0 0 -1 372.46460998430314 185.40241617730982 430.26797601071144 224.90636849675553 -1 -1 -1 -1000 -1000 -1000 -10
45 15362 car 0 0 -1 424.5954913178409 187.50718077579438 464.08178429837164 214.73858468929188 -1 -1 -1 -1000 -1000 -1000 -10
45 15361 car 0 0 -1 276.332145184449 190.74149126296547 369.6029583230777 243.32697213595614 -1 -1 -1 -1000 -1000 -1000 -10
45 15338 car 0 0 -1 -15.919523218916268 204.7645388222365 199.37374874348478 308.2390306556587 -1 -1 -1 -1000 -1000 -1000 -10
46 15365 car 0 0 -1 563.3285319871645 181.72139248154565 608.3191480450357 225.21983658391713 -1 -1 -1 -1000 -1000 -1000 -10
46 15363 car 0 0 -1 358.96757587947747 185.7932617528047 424.002451229726 228.16644225679516 -1 -1 -1 -1000 -1000 -1000 -10
46 15362 car 0 0 -1 413.0817147138922 186.0488464391237 456.30570415225816 216.01531147046367 -1 -1 -1 -1000 -1000 -1000 -10
46 15361 car 0 0 -1 252.5583455676197 191.79201591678725 355.5494305655057 249.1852457060544 -1 -1 -1 -1000 -1000 -1000 -10
46 15338 car 0 0 -1 -34.9167151825973 207.86067088048912 164.4369021242857 317.67889530660636 -1 -1 -1 -1000 -1000 -1000 -10
47 15365 car 0 0 -1 564.1162573612522 181.84229868044773 607.8496939610667 224.26567958430897 -1 -1 -1 -1000 -1000 -1000 -10
47 15363 car 0 0 -1 342.72320307365453 187.31768768498546 411.87409420654615 231.26127086949128 -1 -1 -1 -1000 -1000 -1000 -10
47 15362 car 0 0 -1 408.9987112150709 185.0029453787485 454.99880356640244 217.59231223115387 -1 -1 -1 -1000 -1000 -1000 -10
47 15361 car 0 0 -1 223.50288699369472 191.3278356616972 339.46055249094826 253.99932096951378 -1 -1 -1 -1000 -1000 -1000 -10
47 15338 car 0 0 -1 -48.62758187639204 222.85219606176122 123.13118135072997 339.1951313123036 -1 -1 -1 -1000 -1000 -1000 -10
48 15365 car 0 0 -1 563.8161891376315 181.26282312999197 607.6331312521866 223.8613659250419 -1 -1 -1 -1000 -1000 -1000 -10
48 15363 car 0 0 -1 331.5158633561037 187.8617348753065 405.1450139335281 233.55595754711973 -1 -1 -1 -1000 -1000 -1000 -10
48 15362 car 0 0 -1 402.50803782141975 183.50695853786652 452.64311551561286 218.5105473583705 -1 -1 -1 -1000 -1000 -1000 -10
48 15361 car 0 0 -1 189.6497482803138 192.29002986678984 319.4442437909129 259.81423022319467 -1 -1 -1 -1000 -1000 -1000 -10
49 15365 car 0 0 -1 564.2574318045345 181.04435983150813 607.1381320786584 223.06585564995572 -1 -1 -1 -1000 -1000 -1000 -10
49 15363 car 0 0 -1 317.98114843032863 186.3059730355782 398.87122676456625 235.27581036547767 -1 -1 -1 -1000 -1000 -1000 -10
49 15362 car 0 0 -1 394.89695836580165 181.6944861940658 447.4007848100699 218.68906421377585 -1 -1 -1 -1000 -1000 -1000 -10
49 15361 car 0 0 -1 150.0385463393868 193.25275895858272 296.01245871339285 267.1842280507755 -1 -1 -1 -1000 -1000 -1000 -10
50 15365 car 0 0 -1 564.0535604949213 181.53039585900873 606.6877420920483 222.9902363356688 -1 -1 -1 -1000 -1000 -1000 -10
50 15364 car 0 0 -1 441.4268483683691 186.0947509094151 475.9448137009618 210.52917581832207 -1 -1 -1 -1000 -1000 -1000 -10
50 15363 car 0 0 -1 301.57195982522717 187.52008137531558 387.98539890418124 238.71951809723734 -1 -1 -1 -1000 -1000 -1000 -10
50 15362 car 0 0 -1 390.3560122233702 182.32468066342815 443.67242314078163 220.77070454398662 -1 -1 -1 -1000 -1000 -1000 -10
50 15361 car 0 0 -1 99.27266715229446 195.63666486332116 267.129076453807 278.34835822323436 -1 -1 -1 -1000 -1000 -1000 -10
51 15365 car 0 0 -1 564.0223520886566 182.48045790467523 606.5492100996821 223.61147438768296 -1 -1 -1 -1000 -1000 -1000 -10
51 15364 car 0 0 -1 439.60374126807375 187.54391567555237 475.1840683142196 212.17921212176182 -1 -1 -1 -1000 -1000 -1000 -10
51 15363 car 0 0 -1 282.6680357444601 189.81184234051955 376.8895737397145 244.7413359464113 -1 -1 -1 -1000 -1000 -1000 -10
51 15362 car 0 0 -1 384.98249165971555 184.97941477132528 438.4383608479903 223.0962121997508 -1 -1 -1 -1000 -1000 -1000 -10
51 15361 car 0 0 -1 36.41043050221329 199.66633754214558 232.3737887900819 293.09094311436166 -1 -1 -1 -1000 -1000 -1000 -10
52 15365 car 0 0 -1 565.2422191742452 182.91025241662683 607.3763279902361 223.76415036795 -1 -1 -1 -1000 -1000 -1000 -10
52 15364 car 0 0 -1 437.3003209281536 189.87212289985158 472.0233005269499 215.00703811961327 -1 -1 -1 -1000 -1000 -1000 -10
52 15363 car 0 0 -1 259.8989675726905 191.3513705139564 362.6975647166465 250.16134565154124 -1 -1 -1 -1000 -1000 -1000 -10
52 15362 car 0 0 -1 376.5173359309579 186.96416239829347 431.42278717851576 225.58335608363865 -1 -1 -1 -1000 -1000 -1000 -10
52 15361 car 0 0 -1 -0.4779598377654821 206.47097970229927 204.76365292619084 310.26438794361616 -1 -1 -1 -1000 -1000 -1000 -10
53 15365 car 0 0 -1 566.7747625758635 181.81389088701144 607.9830189749588 222.36458932406958 -1 -1 -1 -1000 -1000 -1000 -10
53 15364 car 0 0 -1 433.3853371098004 189.67785689754913 468.75124933666086 215.06642656235454 -1 -1 -1 -1000 -1000 -1000 -10
53 15363 car 0 0 -1 233.68641910652457 190.91495571519135 346.11138519777774 254.37002176378718 -1 -1 -1 -1000 -1000 -1000 -10
53 15362 car 0 0 -1 368.20001407936684 187.8881425309747 425.7643215992372 227.5973076740439 -1 -1 -1 -1000 -1000 -1000 -10
53 15361 car 0 0 -1 -23.886653415079067 211.52763049421407 170.9652923122295 323.8225915512782 -1 -1 -1 -1000 -1000 -1000 -10
54 15365 car 0 0 -1 566.9250092484806 180.76234292728714 607.2922179555082 219.81049667377903 -1 -1 -1 -1000 -1000 -1000 -10
54 15364 car 0 0 -1 430.30360166084364 189.3457140016303 466.68213057885924 214.63139945755694 -1 -1 -1 -1000 -1000 -1000 -10
54 15363 car 0 0 -1 197.38391095022013 190.20799287833796 324.93955471807493 259.64231493886757 -1 -1 -1 -1000 -1000 -1000 -10
54 15362 car 0 0 -1 357.4984078743844 188.03321040949365 417.7829125070176 228.4847342544533 -1 -1 -1 -1000 -1000 -1000 -10
54 15361 car 0 0 -1 -41.679681436439395 214.09678690491648 121.81330082673388 329.24150344610416 -1 -1 -1 -1000 -1000 -1000 -10
55 15365 car 0 0 -1 567.5705445665492 180.79541731787182 607.1185060324408 219.12595649422568 -1 -1 -1 -1000 -1000 -1000 -10
55 15364 car 0 0 -1 425.8178706637643 189.70991787656249 463.4652588468283 215.92776771290636 -1 -1 -1 -1000 -1000 -1000 -10
55 15363 car 0 0 -1 155.33025773673856 190.5913186286552 302.8287326165487 268.0856069847279 -1 -1 -1 -1000 -1000 -1000 -10
55 15362 car 0 0 -1 344.48836930121206 187.8917454326446 409.04415435284466 230.26166102514657 -1 -1 -1 -1000 -1000 -1000 -10
56 15365 car 0 0 -1 568.3676333001627 181.97008278613478 607.1676605286864 220.39895181486364 -1 -1 -1 -1000 -1000 -1000 -10
56 15364 car 0 0 -1 420.52046365442527 191.80696551534464 459.4516849734906 217.7244206951985 -1 -1 -1 -1000 -1000 -1000 -10
56 15363 car 0 0 -1 101.03637983893837 193.13258413565816 272.14150882291926 279.91411909026147 -1 -1 -1 -1000 -1000 -1000 -10
56 15362 car 0 0 -1 330.08528723338185 188.76428209904893 400.5780594197408 233.88619323963607 -1 -1 -1 -1000 -1000 -1000 -10
57 15365 car 0 0 -1 569.4438975607022 183.71062059184698 607.7352697609965 222.2511342673971 -1 -1 -1 -1000 -1000 -1000 -10
57 15364 car 0 0 -1 414.2244512300081 192.52307779641282 456.50844651623555 219.75235948512628 -1 -1 -1 -1000 -1000 -1000 -10
57 15363 car 0 0 -1 37.51523185464893 198.01486854760898 238.42656787262783 297.3781704309123 -1 -1 -1 -1000 -1000 -1000 -10
57 15362 car 0 0 -1 312.7808059590249 189.1742501915237 388.71453683933436 237.0764997898156 -1 -1 -1 -1000 -1000 -1000 -10
58 15365 car 0 0 -1 570.7578614228823 185.6301568300688 609.0177445482377 224.33408419160895 -1 -1 -1 -1000 -1000 -1000 -10
58 15364 car 0 0 -1 407.03829275619984 189.48868292804866 453.8402688343576 220.4809765637939 -1 -1 -1 -1000 -1000 -1000 -10
58 15363 car 0 0 -1 1.0596959215466342 202.33905080512173 208.72559757857846 312.44115990370227 -1 -1 -1 -1000 -1000 -1000 -10
58 15362 car 0 0 -1 303.5614166005951 187.7544884295703 379.5577910772976 237.15638009565475 -1 -1 -1 -1000 -1000 -1000 -10
59 15365 car 0 0 -1 572.3882355682717 185.01802961595462 610.3319523625926 223.81061480232336 -1 -1 -1 -1000 -1000 -1000 -10
59 15364 car 0 0 -1 399.7867955606228 191.4824649533178 449.0485352571471 222.1703160474769 -1 -1 -1 -1000 -1000 -1000 -10
59 15363 car 0 0 -1 -21.95445089604614 203.2182646996521 173.53439731796482 321.24524349505134 -1 -1 -1 -1000 -1000 -1000 -10
60 15367 car 0 0 -1 233.4901626112365 186.36189797067317 348.5718939471037 251.7554910786895 -1 -1 -1 -1000 -1000 -1000 -10
60 15365 car 0 0 -1 573.2356291832425 183.89871126984067 611.23360315888 222.51337291276312 -1 -1 -1 -1000 -1000 -1000 -10
60 15364 car 0 0 -1 392.56205874314116 189.80274518049788 444.73464976280263 221.91887575740515 -1 -1 -1 -1000 -1000 -1000 -10
60 15363 car 0 0 -1 -40.77867987634594 206.2898877103593 122.13832347693602 328.09806353566495 -1 -1 -1 -1000 -1000 -1000 -10
61 15367 car 0 0 -1 200.74658346767896 184.5850327930143 328.1352184936827 255.50475910156968 -1 -1 -1 -1000 -1000 -1000 -10
61 15365 car 0 0 -1 574.2122619426148 182.49168266809093 612.2050098840339 220.37276664795954 -1 -1 -1 -1000 -1000 -1000 -10
61 15364 car 0 0 -1 385.52337274749027 187.45353751891818 441.09973648099515 221.5280700067248 -1 -1 -1 -1000 -1000 -1000 -10
62 15367 car 0 0 -1 159.71509466714218 183.90236736940795 304.84005780126614 263.6310121155318 -1 -1 -1 -1000 -1000 -1000 -10
62 15365 car 0 0 -1 576.0043716413833 180.62080118063295 613.088136589822 217.62495594669446 -1 -1 -1 -1000 -1000 -1000 -10
62 15364 car 0 0 -1 376.8919240922534 186.05925280980253 436.77732972537166 222.51017601738576 -1 -1 -1 -1000 -1000 -1000 -10
63 15367 car 0 0 -1 107.43977958881109 182.64764842034833 277.5668889566798 274.43541720740274 -1 -1 -1 -1000 -1000 -1000 -10
63 15365 car 0 0 -1 578.0206719887408 179.86221374607015 615.3279039053252 215.9970364018925 -1 -1 -1 -1000 -1000 -1000 -10
63 15364 car 0 0 -1 366.7809854221732 184.64534738941637 431.1209349164019 223.09200664096562 -1 -1 -1 -1000 -1000 -1000 -10
64 15367 car 0 0 -1 40.2592838642518 184.18373267331438 242.3346112101587 290.86362003598197 -1 -1 -1 -1000 -1000 -1000 -10
64 15365 car 0 0 -1 579.1953533231953 179.73189761355317 616.3782398761331 215.25118873678585 -1 -1 -1 -1000 -1000 -1000 -10
64 15364 car 0 0 -1 356.99283724668066 186.71779068890118 426.06060920108155 225.92301927180586 -1 -1 -1 -1000 -1000 -1000 -10
65 15367 car 0 0 -1 -4.696700995997077 190.73582429786623 209.85144062563688 310.5128218185268 -1 -1 -1 -1000 -1000 -1000 -10
65 15365 car 0 0 -1 581.6955282856799 180.66861851027863 617.9460456676098 215.97714451385207 -1 -1 -1 -1000 -1000 -1000 -10
65 15364 car 0 0 -1 343.13414264474466 188.86449107648411 417.59045273648803 230.1942620664675 -1 -1 -1 -1000 -1000 -1000 -10
66 15367 car 0 0 -1 -29.71202159189872 199.54417372452136 173.88461297588583 329.90107859313446 -1 -1 -1 -1000 -1000 -1000 -10
66 15365 car 0 0 -1 583.4367825933388 181.53555123819604 619.0021288984389 216.42161718224418 -1 -1 -1 -1000 -1000 -1000 -10
66 15364 car 0 0 -1 327.0327950466039 192.73862985404458 407.90281569300515 235.91191064994126 -1 -1 -1 -1000 -1000 -1000 -10
67 15367 car 0 0 -1 -47.26975390588338 209.8977122631959 122.06572339248 345.57691321218056 -1 -1 -1 -1000 -1000 -1000 -10
67 15365 car 0 0 -1 585.2071237437345 180.43346787053355 620.8497620989643 214.7696686782702 -1 -1 -1 -1000 -1000 -1000 -10
67 15364 car 0 0 -1 308.57731928312376 192.55303441626077 397.9936585208659 238.37169806393226 -1 -1 -1 -1000 -1000 -1000 -10
68 15365 car 0 0 -1 586.7720135643671 177.5140301958926 621.9015863550261 211.4322097931925 -1 -1 -1 -1000 -1000 -1000 -10
68 15364 car 0 0 -1 285.88763042461954 190.25511141903922 384.8542732631999 239.50086854728073 -1 -1 -1 -1000 -1000 -1000 -10
69 15365 car 0 0 -1 587.886326206383 173.8843948263725 622.3666355700827 207.48875658109478 -1 -1 -1 -1000 -1000 -1000 -10
69 15364 car 0 0 -1 273.9185054675288 189.21114166583334 375.2132062827932 240.68866697619643 -1 -1 -1 -1000 -1000 -1000 -10
70 15365 car 0 0 -1 588.5820355700735 173.51830037810257 622.8564961338529 206.337190359721 -1 -1 -1 -1000 -1000 -1000 -10
71 15368 car 0 0 -1 159.8572670105938 194.23256826203152 332.08834022205747 269.2957360645532 -1 -1 -1 -1000 -1000 -1000 -10
71 15365 car 0 0 -1 589.3173601879736 176.80988339901705 623.1593336056177 209.06323384615206 -1 -1 -1 -1000 -1000 -1000 -10
72 15368 car 0 0 -1 102.08564770016017 199.01583306707155 302.8476180482031 285.47087427441727 -1 -1 -1 -1000 -1000 -1000 -10
72 15365 car 0 0 -1 589.4525557902961 180.1441314147429 622.7022203407115 211.98056156184384 -1 -1 -1 -1000 -1000 -1000 -10
73 15368 car 0 0 -1 27.788666821653962 203.13322773131586 265.9737808708379 303.2218871977975 -1 -1 -1 -1000 -1000 -1000 -10
73 15365 car 0 0 -1 589.3888509766238 181.49988630408703 621.9324381495136 213.0222096021877 -1 -1 -1 -1000 -1000 -1000 -10
74 15368 car 0 0 -1 -14.761932880584695 209.76829540717216 235.2599717766974 322.3461065005137 -1 -1 -1 -1000 -1000 -1000 -10
74 15365 car 0 0 -1 589.2605600575802 180.96555956871282 621.0401267432982 212.5156792870501 -1 -1 -1 -1000 -1000 -1000 -10
75 15368 car 0 0 -1 -36.082905796792815 216.28700111500603 194.90047166297785 334.1384148193642 -1 -1 -1 -1000 -1000 -1000 -10
75 15365 car 0 0 -1 588.6837759897809 179.72395208019935 619.8795336947488 210.75500442628822 -1 -1 -1 -1000 -1000 -1000 -10
76 15368 car 0 0 -1 -50.76934456228365 208.4150653697811 137.52955005750664 326.4759374596749 -1 -1 -1 -1000 -1000 -1000 -10
76 15365 car 0 0 -1 587.429998307994 179.80974803011807 618.4787445279816 210.1935671751991 -1 -1 -1 -1000 -1000 -1000 -10
77 15365 car 0 0 -1 585.8211159009808 179.65498477704392 617.0946079544914 210.18314805418652 -1 -1 -1 -1000 -1000 -1000 -10
78 15365 car 0 0 -1 585.4428160334547 179.59929925770854 616.3214515024678 210.19109491369045 -1 -1 -1 -1000 -1000 -1000 -10
79 15369 DontCare 0 0 -1 425.58331489286184 164.81640705758704 470.08424961057494 194.8784660758416 -1 -1 -1 -1000 -1000 -1000 -10
79 15365 car 0 0 -1 584.063769384932 180.03365388292985 614.6435927531376 210.40563326001012 -1 -1 -1 -1000 -1000 -1000 -10
80 15369 DontCare 0 0 -1 422.8446501376905 164.24879189029616 466.52492338885 194.75277091110456 -1 -1 -1 -1000 -1000 -1000 -10
80 15365 car 0 0 -1 583.1079363184325 179.75990769640197 613.7850275981422 210.28454288684435 -1 -1 -1 -1000 -1000 -1000 -10
81 15369 DontCare 0 0 -1 419.66957296436254 162.83368882699497 462.1394877352879 193.8261773616064 -1 -1 -1 -1000 -1000 -1000 -10
81 15365 car 0 0 -1 582.1889486861436 177.9759285777924 612.06268044615 208.01064591707473 -1 -1 -1 -1000 -1000 -1000 -10
82 15369 DontCare 0 0 -1 414.4526130883132 160.70612137755407 455.9087145580554 190.28676274427252 -1 -1 -1 -1000 -1000 -1000 -10
82 15365 car 0 0 -1 580.685257909547 175.06274433900938 609.9639581255207 204.17444569580448 -1 -1 -1 -1000 -1000 -1000 -10
83 15369 DontCare 0 0 -1 411.3479527503542 157.0074746147947 457.25220635985323 187.89146961839262 -1 -1 -1 -1000 -1000 -1000 -10
83 15365 car 0 0 -1 578.9008104581386 172.08165163167325 607.7891035930057 201.35763770793153 -1 -1 -1 -1000 -1000 -1000 -10
84 15369 DontCare 0 0 -1 408.0497139601884 156.34740486972262 456.1299451029617 187.77872067070783 -1 -1 -1 -1000 -1000 -1000 -10
84 15365 car 0 0 -1 577.649215804737 170.2844177116113 606.2612081656696 199.69322800599878 -1 -1 -1 -1000 -1000 -1000 -10
85 15365 car 0 0 -1 576.6047713500027 170.35241191502206 604.9815040947049 199.0194366787344 -1 -1 -1 -1000 -1000 -1000 -10
86 15365 car 0 0 -1 576.0785386215609 172.02693831405708 604.0137007817998 200.43672509024054 -1 -1 -1 -1000 -1000 -1000 -10
87 15369 DontCare 0 0 -1 392.35729881730555 160.58723972133083 449.3797974339689 196.120821707637 -1 -1 -1 -1000 -1000 -1000 -10
87 15365 car 0 0 -1 575.3312877044746 174.31885148415066 602.931087097254 201.9791511452169 -1 -1 -1 -1000 -1000 -1000 -10
88 15369 DontCare 0 0 -1 386.6125791966744 162.7691127954575 445.8431325504801 199.3942746936628 -1 -1 -1 -1000 -1000 -1000 -10
88 15365 car 0 0 -1 575.4097557679918 176.64641425364744 602.2021790538636 203.75333594243727 -1 -1 -1 -1000 -1000 -1000 -10
89 15369 DontCare 0 0 -1 381.989882354571 164.74975268809047 443.2601413734943 202.08866684666455 -1 -1 -1 -1000 -1000 -1000 -10
89 15365 car 0 0 -1 576.2466480427221 179.13533494586784 602.4684223044807 206.10593787992707 -1 -1 -1 -1000 -1000 -1000 -10
90 15369 DontCare 0 0 -1 375.33246088630113 164.17746468402188 440.19381924892986 202.4202464386884 -1 -1 -1 -1000 -1000 -1000 -10
90 15365 car 0 0 -1 576.2215414658556 179.2540330296448 602.2990589121312 205.87091059689794 -1 -1 -1 -1000 -1000 -1000 -10
91 15369 DontCare 0 0 -1 367.4698729845363 162.2621034885417 438.05071764364595 202.23998012245397 -1 -1 -1 -1000 -1000 -1000 -10
91 15365 car 0 0 -1 575.8782761245493 179.37093758527885 601.2971183466009 205.70627614163288 -1 -1 -1 -1000 -1000 -1000 -10
92 15369 DontCare 0 0 -1 357.64572118505185 161.09493426368735 434.48964874606 203.2488109499291 -1 -1 -1 -1000 -1000 -1000 -10
92 15365 car 0 0 -1 575.8764255079947 180.76797587051706 600.8218250923941 206.90005597178484 -1 -1 -1 -1000 -1000 -1000 -10
93 15369 DontCare 0 0 -1 350.53983538801555 162.97384084013981 432.8584722991648 206.54404085898153 -1 -1 -1 -1000 -1000 -1000 -10
93 15365 car 0 0 -1 576.1657821638112 181.78705102466344 601.0376500790858 207.5115002995669 -1 -1 -1 -1000 -1000 -1000 -10
94 15369 DontCare 0 0 -1 343.51892985507163 164.3161419271956 430.28933537871023 209.1055975613774 -1 -1 -1 -1000 -1000 -1000 -10
94 15365 car 0 0 -1 576.0224247202724 182.87202479282814 601.4032458911557 208.33963577038662 -1 -1 -1 -1000 -1000 -1000 -10
95 15369 DontCare 0 0 -1 333.5089827284265 163.9133492678729 427.7699845772899 210.9522162978986 -1 -1 -1 -1000 -1000 -1000 -10
95 15365 car 0 0 -1 576.355217658868 183.97428687755308 601.8343897994462 209.25366534300707 -1 -1 -1 -1000 -1000 -1000 -10
96 15369 DontCare 0 0 -1 322.85383120158593 162.7778653076706 423.48362695017914 211.28489830739233 -1 -1 -1 -1000 -1000 -1000 -10
96 15365 car 0 0 -1 576.6594731878712 183.09646963693754 602.4959582544071 208.26474914439277 -1 -1 -1 -1000 -1000 -1000 -10
97 15369 DontCare 0 0 -1 311.43007717062676 159.64288397249845 420.3788574372543 210.80562319405362 -1 -1 -1 -1000 -1000 -1000 -10
97 15365 car 0 0 -1 577.1729325167514 182.31205686446953 603.0203947887633 207.668193355781 -1 -1 -1 -1000 -1000 -1000 -10
98 15369 DontCare 0 0 -1 299.5519077132319 157.69335298391957 417.9042672711828 211.35703105701725 -1 -1 -1 -1000 -1000 -1000 -10
98 15365 car 0 0 -1 577.3699359905584 181.97137808820042 603.2310872634878 207.47189641806 -1 -1 -1 -1000 -1000 -1000 -10
99 15369 DontCare 0 0 -1 283.8098919019387 155.41025150882388 413.49083695703405 212.4391067251733 -1 -1 -1 -1000 -1000 -1000 -10
99 15365 car 0 0 -1 578.5634215470104 181.16742490127916 604.161516743025 206.757438841264 -1 -1 -1 -1000 -1000 -1000 -10
100 15369 DontCare 0 0 -1 266.64621621439204 153.02895921636122 408.9752405342643 213.04609095578087 -1 -1 -1 -1000 -1000 -1000 -10
100 15365 car 0 0 -1 578.9709673580824 180.15506668721403 605.2191107018766 205.88243524958145 -1 -1 -1 -1000 -1000 -1000 -10
101 15369 DontCare 0 0 -1 246.30447653710218 149.729488517863 401.86306587461485 213.05223181734726 -1 -1 -1 -1000 -1000 -1000 -10
101 15365 car 0 0 -1 580.6022143675059 178.92538464401878 606.7559201658144 204.43710929979864 -1 -1 -1 -1000 -1000 -1000 -10
102 15369 DontCare 0 0 -1 222.72934998972465 146.13315835286863 395.1799428707429 213.44069338345525 -1 -1 -1 -1000 -1000 -1000 -10
102 15365 car 0 0 -1 581.863511679835 177.57032721232096 607.9966889296566 203.47765807392776 -1 -1 -1 -1000 -1000 -1000 -10
103 15369 DontCare 0 0 -1 195.09959676126766 142.698690559773 386.96292345465383 215.01629234850037 -1 -1 -1 -1000 -1000 -1000 -10
103 15365 car 0 0 -1 582.3565427824851 177.26514103126857 608.439080440141 202.91791733994353 -1 -1 -1 -1000 -1000 -1000 -10
104 15369 DontCare 0 0 -1 164.1730536321402 139.82498345229226 378.01900610950054 217.85644413828885 -1 -1 -1 -1000 -1000 -1000 -10
104 15365 car 0 0 -1 582.1672951373273 177.30327417944414 607.6590305488585 201.91587390090024 -1 -1 -1 -1000 -1000 -1000 -10
105 15369 DontCare 0 0 -1 123.11770960915271 137.92995508970637 365.331061851551 221.7185137754364 -1 -1 -1 -1000 -1000 -1000 -10
105 15365 car 0 0 -1 582.6657274749629 176.38957931622156 607.4285255800256 200.52323149644934 -1 -1 -1 -1000 -1000 -1000 -10
106 15370 DontCare 0 0 -1 673.377627175141 165.13808694344414 699.5045719961927 213.19448411716496 -1 -1 -1 -1000 -1000 -1000 -10
106 15369 DontCare 0 0 -1 77.97631002061385 134.2226667295454 352.8559785133126 225.53479150563183 -1 -1 -1 -1000 -1000 -1000 -10
106 15365 car 0 0 -1 583.809248366443 175.0177526629168 608.3313563677666 199.08200289339146 -1 -1 -1 -1000 -1000 -1000 -10
107 15370 DontCare 0 0 -1 680.5423237371003 163.21681283769303 706.2941038338827 213.45443171499593 -1 -1 -1 -1000 -1000 -1000 -10
107 15369 DontCare 0 0 -1 38.89212098385093 131.4447264073189 345.3690598152114 229.67121735256046 -1 -1 -1 -1000 -1000 -1000 -10
107 15365 car 0 0 -1 584.7468656099239 174.33736176968483 608.8074751873561 198.06843333346905 -1 -1 -1 -1000 -1000 -1000 -10
108 15370 DontCare 0 0 -1 688.0904621873729 159.7517466448238 715.6115363643778 215.64644639900018 -1 -1 -1 -1000 -1000 -1000 -10
108 15369 DontCare 0 0 -1 17.240412017968538 128.42925341474046 342.3633686248739 231.2507775307999 -1 -1 -1 -1000 -1000 -1000 -10
108 15365 car 0 0 -1 585.351538089588 173.68049104670266 609.3726327272742 197.46057765121944 -1 -1 -1 -1000 -1000 -1000 -10
109 15370 DontCare 0 0 -1 696.0483834813346 156.80782707785878 725.455717616545 218.85966083112308 -1 -1 -1 -1000 -1000 -1000 -10
109 15369 DontCare 0 0 -1 3.8722937787948126 126.64133890490685 340.07627104754044 234.45970982242937 -1 -1 -1 -1000 -1000 -1000 -10
109 15365 car 0 0 -1 585.7620993481512 172.77337200801497 610.0372555314138 196.6145444971654 -1 -1 -1 -1000 -1000 -1000 -10
110 15370 pedestrian 0 0 -1 707.9589491200467 156.8330743206426 737.8124226559736 221.69872450519807 -1 -1 -1 -1000 -1000 -1000 -10
110 15369 DontCare 0 0 -1 -4.098882988324391 124.23762138983581 336.44288398240974 234.1440919587286 -1 -1 -1 -1000 -1000 -1000 -10
110 15365 car 0 0 -1 585.8593796919355 172.4333483660109 610.3249104058126 196.3233292660456 -1 -1 -1 -1000 -1000 -1000 -10
111 15370 pedestrian 0 0 -1 720.5837912383619 156.01588356467684 752.3714164162126 226.96273948488002 -1 -1 -1 -1000 -1000 -1000 -10
111 15369 DontCare 0 0 -1 -10.328410351185596 123.40907439754743 329.95537947231605 237.86600340077433 -1 -1 -1 -1000 -1000 -1000 -10
111 15365 car 0 0 -1 585.661010572871 172.97316424085506 609.9930299121011 196.88474237596375 -1 -1 -1 -1000 -1000 -1000 -10
112 15370 DontCare 0 0 -1 735.2253438867621 155.01814050896135 771.2691876149642 235.64061432493557 -1 -1 -1 -1000 -1000 -1000 -10
112 15369 DontCare 0 0 -1 -15.382075799314123 123.82105775319513 318.5649857484347 242.4779352011081 -1 -1 -1 -1000 -1000 -1000 -10
112 15365 car 0 0 -1 585.7725597261843 174.67189056505936 610.3119174154975 198.90032563984028 -1 -1 -1 -1000 -1000 -1000 -10
113 15370 DontCare 0 0 -1 755.2449052761073 156.48041846137258 795.7163948071083 246.3468240041311 -1 -1 -1 -1000 -1000 -1000 -10
113 15369 DontCare 0 0 -1 -19.137717474797398 123.89098977671503 304.43261363605245 245.61652725940408 -1 -1 -1 -1000 -1000 -1000 -10
113 15365 car 0 0 -1 586.6089652594541 175.2590439813176 611.5788333105107 199.74514786518537 -1 -1 -1 -1000 -1000 -1000 -10
114 15370 DontCare 0 0 -1 778.1606594285436 150.80169253684443 829.1670761987953 258.4818574388067 -1 -1 -1 -1000 -1000 -1000 -10
114 15369 DontCare 0 0 -1 -23.209928352703287 124.41754319509396 287.4380982103982 249.55638653796922 -1 -1 -1 -1000 -1000 -1000 -10
114 15365 car 0 0 -1 585.1675710799656 176.6790748334177 609.8801267775851 200.1866604861204 -1 -1 -1 -1000 -1000 -1000 -10
115 15369 DontCare 0 0 -1 -26.73758837472613 124.86941381568722 267.376059162478 253.38581382221332 -1 -1 -1 -1000 -1000 -1000 -10
115 15365 car 0 0 -1 584.4782061791639 178.222330393305 608.7061959926948 201.31515058274314 -1 -1 -1 -1000 -1000 -1000 -10
116 15369 DontCare 0 0 -1 -29.514161603834452 125.27916971715356 244.95135247192906 255.87051038322002 -1 -1 -1 -1000 -1000 -1000 -10
116 15365 car 0 0 -1 583.8145263325781 180.5601601071693 608.0005189868342 203.90848941325308 -1 -1 -1 -1000 -1000 -1000 -10
117 15369 DontCare 0 0 -1 -34.04745592330278 123.86615839404388 215.18807892177415 257.0320139903222 -1 -1 -1 -1000 -1000 -1000 -10
117 15365 car 0 0 -1 583.5765653177551 180.55126987533845 607.715265770168 203.8188110475807 -1 -1 -1 -1000 -1000 -1000 -10
118 15369 DontCare 0 0 -1 -38.26686441792556 118.732353530458 181.67768485367537 254.84265183328006 -1 -1 -1 -1000 -1000 -1000 -10
118 15365 car 0 0 -1 583.686590277847 179.70867929011408 608.0594562052327 202.64646933145886 -1 -1 -1 -1000 -1000 -1000 -10
119 15369 DontCare 0 0 -1 -43.41190378743067 115.38788872582556 141.2968343444319 253.4173294328292 -1 -1 -1 -1000 -1000 -1000 -10
119 15365 car 0 0 -1 583.6792006515209 179.61817828830485 608.2394299693642 202.6108836687561 -1 -1 -1 -1000 -1000 -1000 -10
120 15365 car 0 0 -1 584.282868397419 180.40952079501147 609.0063968911272 203.72121763953106 -1 -1 -1 -1000 -1000 -1000 -10
121 15378 car 0 0 -1 417.2489659326035 179.75725877732165 463.86995131387687 211.36028309175273 -1 -1 -1 -1000 -1000 -1000 -10
121 15365 car 0 0 -1 584.4682298559655 180.83865357350024 609.3385482871602 204.65619620354207 -1 -1 -1 -1000 -1000 -1000 -10
122 15379 car 0 0 -1 391.27922975876606 178.58420544197156 453.95625883406524 213.35679439392356 -1 -1 -1 -1000 -1000 -1000 -10
122 15378 car 0 0 -1 406.0418292266976 179.97495925500348 455.35466002642454 213.65616687005084 -1 -1 -1 -1000 -1000 -1000 -10
122 15365 car 0 0 -1 584.4975616856956 180.44334737129108 609.5001887568259 204.90166561742134 -1 -1 -1 -1000 -1000 -1000 -10
123 15379 car 0 0 -1 383.84380120454756 177.4382196847531 447.48898337543454 214.1283812161496 -1 -1 -1 -1000 -1000 -1000 -10
123 15365 car 0 0 -1 584.8745926046579 178.65080411686668 610.4955127742437 203.35701176169718 -1 -1 -1 -1000 -1000 -1000 -10
124 15379 car 0 0 -1 368.42146096932487 175.09517721797062 434.8132269521787 214.72092111720303 -1 -1 -1 -1000 -1000 -1000 -10
124 15365 car 0 0 -1 585.3272371225628 175.89998002364155 611.2091910340148 201.5665917059901 -1 -1 -1 -1000 -1000 -1000 -10
125 15379 car 0 0 -1 347.50511633889124 176.77515877602252 421.1652449074009 221.34368543981873 -1 -1 -1 -1000 -1000 -1000 -10
125 15365 car 0 0 -1 585.4822896216319 176.908778549984 611.486190013155 202.75441650894578 -1 -1 -1 -1000 -1000 -1000 -10
126 15379 car 0 0 -1 321.5630706656 178.94932565601798 403.6720304196564 229.0425135596026 -1 -1 -1 -1000 -1000 -1000 -10
126 15365 car 0 0 -1 586.1559311937667 176.80046820320246 612.270288143839 203.05078424935255 -1 -1 -1 -1000 -1000 -1000 -10
127 15379 car 0 0 -1 285.2163001709292 179.59367027099654 380.6453958441711 236.59643642046507 -1 -1 -1 -1000 -1000 -1000 -10
127 15365 car 0 0 -1 586.5629451768173 176.21388608233852 613.0559219655865 203.05841437267028 -1 -1 -1 -1000 -1000 -1000 -10
128 15379 car 0 0 -1 238.31329225842552 181.20455716392692 352.6624200818247 246.65587154357198 -1 -1 -1 -1000 -1000 -1000 -10
128 15365 car 0 0 -1 587.3142640014389 175.51437302361748 614.0468839404352 202.23502552747286 -1 -1 -1 -1000 -1000 -1000 -10
129 15380 DontCare 0 0 -1 451.91720758437356 169.60446868521038 492.848167136613 204.7483861515805 -1 -1 -1 -1000 -1000 -1000 -10
129 15379 car 0 0 -1 234.45148615488313 175.2977726859423 344.28124487986247 237.61224227373563 -1 -1 -1 -1000 -1000 -1000 -10
129 15365 car 0 0 -1 587.0855180773466 175.0871902112512 614.264903523254 201.43660218828308 -1 -1 -1 -1000 -1000 -1000 -10
130 15380 DontCare 0 0 -1 443.2151579308378 168.06258170123849 485.44035269194967 204.90134749210185 -1 -1 -1 -1000 -1000 -1000 -10
130 15379 DontCare 0 0 -1 206.4138291889183 172.0077234548672 321.6717187622663 237.86833496422727 -1 -1 -1 -1000 -1000 -1000 -10
130 15365 car 0 0 -1 587.7478424888808 174.51210683973693 615.5371392707297 200.90253862110706 -1 -1 -1 -1000 -1000 -1000 -10
131 15381 car 0 0 -1 -26.313062874464492 193.12107868446685 196.0307848827133 319.05314824763286 -1 -1 -1 -1000 -1000 -1000 -10
131 15380 DontCare 0 0 -1 434.7444082908708 165.5379109209945 481.48017784874975 206.34760493521426 -1 -1 -1 -1000 -1000 -1000 -10
131 15379 DontCare 0 0 -1 162.3451213499355 171.03785242888287 290.24610901591194 243.6198913182994 -1 -1 -1 -1000 -1000 -1000 -10
131 15365 car 0 0 -1 588.3452634117496 174.29733960155122 616.3061548478536 200.7079780110145 -1 -1 -1 -1000 -1000 -1000 -10
132 15380 DontCare 0 0 -1 423.82425873369516 164.72374189526477 475.0766218399748 209.1173910910398 -1 -1 -1 -1000 -1000 -1000 -10
132 15379 DontCare 0 0 -1 106.67063022933493 170.50784406036064 252.7440234438205 251.8368514332767 -1 -1 -1 -1000 -1000 -1000 -10
132 15365 car 0 0 -1 588.8084261124028 174.03602185507526 616.3377141368072 200.17396043059637 -1 -1 -1 -1000 -1000 -1000 -10
133 15380 DontCare 0 0 -1 412.6225374037526 162.99208580802826 467.52126473918537 210.12423822739032 -1 -1 -1 -1000 -1000 -1000 -10
133 15379 DontCare 0 0 -1 33.892336359257214 169.9228976895265 203.48195699485245 263.81866518242157 -1 -1 -1 -1000 -1000 -1000 -10
133 15365 car 0 0 -1 588.8561965456203 173.61479579051772 615.8000404606051 199.00086529010898 -1 -1 -1 -1000 -1000 -1000 -10
134 15380 car 0 0 -1 398.3998413829196 163.4078255389348 458.3990959063176 214.35786625126906 -1 -1 -1 -1000 -1000 -1000 -10
134 15379 DontCare 0 0 -1 -7.766250646194848 174.55374759225413 159.52417203397243 279.20469285935354 -1 -1 -1 -1000 -1000 -1000 -10
134 15365 car 0 0 -1 588.9715982563297 173.59649385356582 615.4759719924408 198.4296302475221 -1 -1 -1 -1000 -1000 -1000 -10
135 15380 DontCare 0 0 -1 381.4230104177119 165.46749017326704 447.7781680655603 220.15182295480997 -1 -1 -1 -1000 -1000 -1000 -10
135 15365 car 0 0 -1 590.3912968278484 175.65478234237074 616.5693955419912 200.08306958974558 -1 -1 -1 -1000 -1000 -1000 -10
136 15380 DontCare 0 0 -1 360.4408670449549 167.41023546683886 434.99720867898753 225.78753589459984 -1 -1 -1 -1000 -1000 -1000 -10
136 15365 car 0 0 -1 591.154369139807 178.84603884944553 617.392638625953 203.5369364499002 -1 -1 -1 -1000 -1000 -1000 -10
137 15380 DontCare 0 0 -1 334.84697832790226 168.1006512391661 419.32375989236317 231.8479073196856 -1 -1 -1 -1000 -1000 -1000 -10
137 15365 car 0 0 -1 591.2217898005595 180.21269273159987 617.2494189736499 205.3423554370732 -1 -1 -1 -1000 -1000 -1000 -10
138 15380 DontCare 0 0 -1 302.2945697475239 167.24855360979484 400.63475445235446 237.77359144035177 -1 -1 -1 -1000 -1000 -1000 -10
138 15365 car 0 0 -1 591.4615720153448 180.62927699717937 617.6085493985426 206.11167976053378 -1 -1 -1 -1000 -1000 -1000 -10
139 15380 DontCare 0 0 -1 259.98854043917095 166.11690406883335 376.191445832663 246.66281508715005 -1 -1 -1 -1000 -1000 -1000 -10
139 15365 car 0 0 -1 590.8567506294834 180.90523972017994 617.1111273436858 206.91549187324657 -1 -1 -1 -1000 -1000 -1000 -10
140 15380 DontCare 0 0 -1 200.7639848040826 163.06354457889972 343.20665986248355 257.13049688809286 -1 -1 -1 -1000 -1000 -1000 -10
140 15365 car 0 0 -1 591.0647407298189 180.25992650317068 617.1165899327851 206.64012405191625 -1 -1 -1 -1000 -1000 -1000 -10
141 15380 DontCare 0 0 -1 118.10862842187998 158.17454750162005 299.2820080370768 271.9273010319773 -1 -1 -1 -1000 -1000 -1000 -10
141 15365 car 0 0 -1 591.1609920549951 180.13044846233674 617.0837300251641 207.0500570847953 -1 -1 -1 -1000 -1000 -1000 -10
142 15384 car 0 0 -1 431.876956774475 184.2164561414016 469.1241893733633 209.95993307206587 -1 -1 -1 -1000 -1000 -1000 -10
142 15380 DontCare 0 0 -1 38.14133091234601 157.736312132848 251.98371701763267 297.0293621168134 -1 -1 -1 -1000 -1000 -1000 -10
142 15365 car 0 0 -1 590.7583042090546 179.76924156203927 616.8410248547066 206.84498034816698 -1 -1 -1 -1000 -1000 -1000 -10
143 15384 car 0 0 -1 420.54288199969307 184.17219130782175 461.2223517282237 210.65683437672428 -1 -1 -1 -1000 -1000 -1000 -10
143 15365 car 0 0 -1 589.916688667176 178.9423325514579 616.1174169471258 206.13324151171113 -1 -1 -1 -1000 -1000 -1000 -10
144 15384 car 0 0 -1 408.6509786438493 183.6507839651056 453.91857881145114 212.13431834817143 -1 -1 -1 -1000 -1000 -1000 -10
144 15365 car 0 0 -1 589.5722172229056 176.74534338366357 615.8577989831009 203.16209492307672 -1 -1 -1 -1000 -1000 -1000 -10
145 15384 car 0 0 -1 395.07904583376205 183.21121978061066 443.1774827540869 212.1143080469905 -1 -1 -1 -1000 -1000 -1000 -10
145 15365 car 0 0 -1 588.771919391662 175.85770412721237 615.11718076467 201.432013643749 -1 -1 -1 -1000 -1000 -1000 -10
146 15384 car 0 0 -1 375.10716871184917 184.4222710193021 424.49803366763666 215.72977890981176 -1 -1 -1 -1000 -1000 -1000 -10
146 15365 car 0 0 -1 588.4654086609834 175.19163447087044 614.8365794594139 200.46071828719874 -1 -1 -1 -1000 -1000 -1000 -10
147 15384 car 0 0 -1 356.5393219524779 186.21931029538513 412.40579579189017 220.47689200046284 -1 -1 -1 -1000 -1000 -1000 -10
147 15365 car 0 0 -1 588.3410879874643 174.53194903971038 614.7393678898982 199.86079287592136 -1 -1 -1 -1000 -1000 -1000 -10
148 15384 car 0 0 -1 330.246694309824 187.1535924664112 395.85278494598236 225.9397012662977 -1 -1 -1 -1000 -1000 -1000 -10
148 15365 car 0 0 -1 588.2935056300066 174.7446874655836 614.7053334881493 199.84077732141222 -1 -1 -1 -1000 -1000 -1000 -10
149 15386 car 0 0 -1 435.77635300369536 180.94604136851981 470.4599532921476 208.05365299205667 -1 -1 -1 -1000 -1000 -1000 -10
149 15384 car 0 0 -1 296.27922512496474 189.84330765773143 373.93539004236885 234.29620461811004 -1 -1 -1 -1000 -1000 -1000 -10
149 15365 car 0 0 -1 588.0859193245669 175.9939709022105 614.2316900077983 200.6417186732255 -1 -1 -1 -1000 -1000 -1000 -10
150 15386 car 0 0 -1 428.19617970900066 183.77882828493395 467.0667626752467 211.76224714523434 -1 -1 -1 -1000 -1000 -1000 -10
150 15384 car 0 0 -1 254.02494214804838 194.23503645909415 347.6934592932136 245.27632765354866 -1 -1 -1 -1000 -1000 -1000 -10
150 15365 car 0 0 -1 587.1264780707777 177.3863208412354 613.6300673383621 202.00014302490828 -1 -1 -1 -1000 -1000 -1000 -10
151 15386 car 0 0 -1 416.12253065247575 185.17948208471975 457.3518813727779 215.00468337590107 -1 -1 -1 -1000 -1000 -1000 -10
151 15384 car 0 0 -1 195.83417407129846 196.06621197710015 312.27421175666336 256.9944008013047 -1 -1 -1 -1000 -1000 -1000 -10
151 15365 car 0 0 -1 586.5128389177734 177.92664886446053 613.0044361591064 202.50945360740363 -1 -1 -1 -1000 -1000 -1000 -10
152 15386 car 0 0 -1 401.2385045763546 181.46262069185562 446.9692237366525 213.24433115995467 -1 -1 -1 -1000 -1000 -1000 -10
152 15384 car 0 0 -1 120.7487080621526 196.02377731401631 266.7898332039465 267.85442977524474 -1 -1 -1 -1000 -1000 -1000 -10
152 15365 car 0 0 -1 586.2860273239521 174.8709550858814 612.770718059556 199.4328653630239 -1 -1 -1 -1000 -1000 -1000 -10
153 15386 car 0 0 -1 385.7781208812343 180.11550286825036 436.95442961649934 213.99240391132747 -1 -1 -1 -1000 -1000 -1000 -10
153 15384 car 0 0 -1 37.70003797908963 200.81092054570053 210.99081894613477 286.08323238824636 -1 -1 -1 -1000 -1000 -1000 -10
153 15365 car 0 0 -1 586.8271116836481 171.687168664945 613.3724258905497 197.02909760319633 -1 -1 -1 -1000 -1000 -1000 -10
154 15386 car 0 0 -1 366.8696096390294 181.22218743886881 423.44700319545706 217.46478239594572 -1 -1 -1 -1000 -1000 -1000 -10
154 15384 car 0 0 -1 -12.132627436312575 211.59888636256187 152.55139459184807 306.7878323399947 -1 -1 -1 -1000 -1000 -1000 -10
154 15365 car 0 0 -1 585.6526829592174 171.4301717239697 613.0316608461255 197.14598760681292 -1 -1 -1 -1000 -1000 -1000 -10
155 15386 car 0 0 -1 344.8573234644536 184.53362248358764 408.6901628666265 223.95261041717822 -1 -1 -1 -1000 -1000 -1000 -10
155 15365 car 0 0 -1 585.3478049303641 172.4172189380861 612.7704150646995 198.09421313205323 -1 -1 -1 -1000 -1000 -1000 -10
156 15386 car 0 0 -1 319.2487627133732 186.86316405494125 391.3595125637498 230.51782919916803 -1 -1 -1 -1000 -1000 -1000 -10
156 15365 car 0 0 -1 584.4907280421827 173.4519459627718 612.7710935827193 199.12471391393888 -1 -1 -1 -1000 -1000 -1000 -10
157 15386 car 0 0 -1 287.71046693430725 189.79158981331904 369.78538491946875 238.11829741529738 -1 -1 -1 -1000 -1000 -1000 -10
157 15365 car 0 0 -1 586.0677250603832 174.98058556556293 614.1463570578843 200.35553239191756 -1 -1 -1 -1000 -1000 -1000 -10
158 15387 car 0 0 -1 424.9265913026522 184.4006688842381 465.3094857636232 214.12832313104957 -1 -1 -1 -1000 -1000 -1000 -10
158 15386 car 0 0 -1 244.89210378520386 194.59832814450482 342.54924451596423 249.74332023735224 -1 -1 -1 -1000 -1000 -1000 -10
158 15365 car 0 0 -1 586.6953718319171 176.65303236890225 614.6484244209785 202.35060400881707 -1 -1 -1 -1000 -1000 -1000 -10
159 15387 car 0 0 -1 414.8507783236129 186.16723564496004 454.70579484196867 215.84903335130525 -1 -1 -1 -1000 -1000 -1000 -10
159 15386 car 0 0 -1 185.8751161147884 197.9944266280043 306.8235342809562 262.2486144543958 -1 -1 -1 -1000 -1000 -1000 -10
159 15365 car 0 0 -1 586.9657309993952 177.5003970569942 614.8087603448805 202.89356285670368 -1 -1 -1 -1000 -1000 -1000 -10
160 15387 car 0 0 -1 404.53209523635746 184.8088311211734 449.268314101471 216.99921969510353 -1 -1 -1 -1000 -1000 -1000 -10
160 15386 car 0 0 -1 103.07435757954336 200.73053458801255 257.47360695416097 277.80684120416095 -1 -1 -1 -1000 -1000 -1000 -10
160 15365 car 0 0 -1 587.084183575495 177.40551235194565 614.8530541266143 202.8536503894363 -1 -1 -1 -1000 -1000 -1000 -10
161 15387 car 0 0 -1 391.69102598399166 181.8445423624831 441.0233762913754 217.4250492379007 -1 -1 -1 -1000 -1000 -1000 -10
161 15386 car 0 0 -1 27.417209713953653 207.45322100673712 201.89916016317602 298.80999604951666 -1 -1 -1 -1000 -1000 -1000 -10
161 15365 car 0 0 -1 586.4898687320464 176.3276360251674 614.2015930043598 201.25758126858432 -1 -1 -1 -1000 -1000 -1000 -10
162 15387 car 0 0 -1 378.2049418155799 181.6419916968941 431.12948110567606 218.76167737803482 -1 -1 -1 -1000 -1000 -1000 -10
162 15386 car 0 0 -1 -17.253935749902062 215.05426530951013 140.4699038346586 313.1774614719126 -1 -1 -1 -1000 -1000 -1000 -10
162 15365 car 0 0 -1 586.6542309152283 176.18367435323074 614.8701326337823 201.0332092100569 -1 -1 -1 -1000 -1000 -1000 -10
163 15387 car 0 0 -1 360.2665934553048 182.8894644745179 416.632166281403 222.69476268275858 -1 -1 -1 -1000 -1000 -1000 -10
163 15365 car 0 0 -1 587.4639896532758 177.6263779627389 616.3363561017773 202.71478391183285 -1 -1 -1 -1000 -1000 -1000 -10
164 15387 car 0 0 -1 340.0367959130057 185.5745948485824 400.71553517278744 227.26355743484973 -1 -1 -1 -1000 -1000 -1000 -10
164 15365 car 0 0 -1 587.4657782469529 178.79066102960795 616.542085031797 204.03837357569066 -1 -1 -1 -1000 -1000 -1000 -10
165 15387 car 0 0 -1 313.9929570895878 185.5461808971713 385.3584874919602 231.85528229402578 -1 -1 -1 -1000 -1000 -1000 -10
165 15365 car 0 0 -1 587.6159930325838 179.19373072549553 617.1163958985031 204.56763778617 -1 -1 -1 -1000 -1000 -1000 -10
166 15388 car 0 0 -1 55.2679879931563 191.04455349230668 97.02792974563859 215.72028635968863 -1 -1 -1 -1000 -1000 -1000 -10
166 15387 car 0 0 -1 280.6515505232258 185.73944570619727 364.0954403760275 237.24135348713344 -1 -1 -1 -1000 -1000 -1000 -10
166 15365 car 0 0 -1 587.1102677188511 179.0336612696246 617.2363391603777 205.06530779681339 -1 -1 -1 -1000 -1000 -1000 -10
167 15389 DontCare 0 0 -1 424.922467573973 175.453121006602 466.60761698470014 210.25264227143256 -1 -1 -1 -1000 -1000 -1000 -10
167 15388 car 0 0 -1 42.7293532933045 192.54517211551268 84.19067202056834 216.96919373753627 -1 -1 -1 -1000 -1000 -1000 -10
167 15387 car 0 0 -1 239.10832686723387 185.4150633582443 338.33204531015696 244.84252958490708 -1 -1 -1 -1000 -1000 -1000 -10
167 15365 car 0 0 -1 587.0943057903082 179.32742910179104 617.0980069198474 205.5358407302195 -1 -1 -1 -1000 -1000 -1000 -10
168 15389 DontCare 0 0 -1 414.46306136467183 173.55178815005493 458.5537067438936 210.44663954310707 -1 -1 -1 -1000 -1000 -1000 -10
168 15388 car 0 0 -1 30.062229141184904 190.68031377201885 72.57143226162661 215.623101874317 -1 -1 -1 -1000 -1000 -1000 -10
168 15387 car 0 0 -1 183.76169018698658 184.95648943050105 303.2561567432124 253.85372117397583 -1 -1 -1 -1000 -1000 -1000 -10
168 15365 car 0 0 -1 587.569217010141 177.52783915736444 617.2111979975533 203.03789077931447 -1 -1 -1 -1000 -1000 -1000 -10
169 15391 car 0 0 -1 403.0602098634656 171.24757469164058 448.94124192379616 207.87027281685738 -1 -1 -1 -1000 -1000 -1000 -10
169 15389 DontCare 0 0 -1 403.80492606802704 171.1332017571334 450.1271311097963 209.17959734397033 -1 -1 -1 -1000 -1000 -1000 -10
169 15388 car 0 0 -1 16.743341313196716 187.67997439953282 63.349098374022084 213.89800336612532 -1 -1 -1 -1000 -1000 -1000 -10
169 15387 car 0 0 -1 108.279987290635 183.40696250266163 257.44081709031843 265.0713238758851 -1 -1 -1 -1000 -1000 -1000 -10
169 15365 car 0 0 -1 586.6798208344635 174.457166618952 616.3586904118606 200.54821520478544 -1 -1 -1 -1000 -1000 -1000 -10
170 15391 DontCare 0 0 -1 391.00392243109076 169.38708941095115 441.1498144486314 208.24420924763785 -1 -1 -1 -1000 -1000 -1000 -10
170 15389 car 0 0 -1 391.8386298313071 169.53024783107696 441.4552325739237 208.89148292265202 -1 -1 -1 -1000 -1000 -1000 -10
170 15387 car 0 0 -1 31.554600208157993 187.2528586399328 202.98741005870897 283.8388852850952 -1 -1 -1 -1000 -1000 -1000 -10
170 15365 car 0 0 -1 585.3149932310571 172.35220754599592 614.4459561080764 198.58762630904076 -1 -1 -1 -1000 -1000 -1000 -10
171 15389 DontCare 0 0 -1 379.2112163782264 169.70739291800328 432.31113289278716 210.26333575830097 -1 -1 -1 -1000 -1000 -1000 -10
171 15387 car 0 0 -1 -14.896665480909675 195.46838225672607 141.95578796238334 299.7483841239716 -1 -1 -1 -1000 -1000 -1000 -10
172 15390 car 0 0 -1 535.517641783607 178.02615290535186 566.0434518645146 203.12248986318633 -1 -1 -1 -1000 -1000 -1000 -10
172 15389 DontCare 0 0 -1 363.26143816706275 171.2070058402807 422.676943590298 215.62115729114603 -1 -1 -1 -1000 -1000 -1000 -10
173 15390 car 0 0 -1 533.2835558491082 179.85036969011477 565.5608997891139 206.66648710053082 -1 -1 -1 -1000 -1000 -1000 -10
173 15389 DontCare 0 0 -1 344.71059095440364 173.03201238736793 410.9534222014246 221.06290994950493 -1 -1 -1 -1000 -1000 -1000 -10
173 15365 car 0 0 -1 581.6927535743241 176.1393606655847 608.8846060028413 200.7086517045005 -1 -1 -1 -1000 -1000 -1000 -10
174 15392 car 0 0 -1 449.80893622378517 180.26665739612096 481.67352321487454 205.28396565233325 -1 -1 -1 -1000 -1000 -1000 -10
174 15390 car 0 0 -1 531.0899712108976 180.56187498766735 564.8578127665837 209.12290260749916 -1 -1 -1 -1000 -1000 -1000 -10
174 15389 DontCare 0 0 -1 322.17664145769425 173.86950989400088 396.8766091331586 226.21594605917784 -1 -1 -1 -1000 -1000 -1000 -10
174 15365 car 0 0 -1 581.5445349778588 176.76000553196252 608.3228561192564 200.1680303342469 -1 -1 -1 -1000 -1000 -1000 -10
175 15392 car 0 0 -1 442.45597099498013 179.84891600074147 475.3427754307712 205.00870350573624 -1 -1 -1 -1000 -1000 -1000 -10
175 15390 car 0 0 -1 528.6503081622719 178.63698458249692 562.9191698958138 208.47660412615753 -1 -1 -1 -1000 -1000 -1000 -10
175 15389 DontCare 0 0 -1 296.3220227719868 173.16314383706296 379.8907838358771 230.3891345502773 -1 -1 -1 -1000 -1000 -1000 -10
175 15365 car 0 0 -1 581.130582135028 176.2348717107111 607.8445644086574 199.41850585825227 -1 -1 -1 -1000 -1000 -1000 -10
176 15392 car 0 0 -1 436.2782823436308 178.85512974731728 470.48736379007283 204.1468711686121 -1 -1 -1 -1000 -1000 -1000 -10
176 15390 car 0 0 -1 525.6277264409192 178.15517297561124 561.0697318820338 208.63407665888573 -1 -1 -1 -1000 -1000 -1000 -10
176 15389 DontCare 0 0 -1 264.62774082363933 171.0526644120636 358.5604265178507 233.68498318041813 -1 -1 -1 -1000 -1000 -1000 -10
176 15365 car 0 0 -1 580.9957711286924 174.95636809425986 607.6711976412681 198.25761921329502 -1 -1 -1 -1000 -1000 -1000 -10
177 15392 car 0 0 -1 427.68859157479085 179.1596727339391 465.9140982991164 205.3832625460933 -1 -1 -1 -1000 -1000 -1000 -10
177 15390 car 0 0 -1 521.9547448060207 177.66188800933708 559.0314610504779 209.63218857221165 -1 -1 -1 -1000 -1000 -1000 -10
177 15389 DontCare 0 0 -1 224.44970028926204 169.1877597747495 334.77205343370724 240.5470547468555 -1 -1 -1 -1000 -1000 -1000 -10
177 15365 car 0 0 -1 580.957591819198 173.99344410261918 607.6220471884343 197.64954655516001 -1 -1 -1 -1000 -1000 -1000 -10
178 15392 car 0 0 -1 416.6715311453114 181.34790170407626 455.3185455908888 207.2390237618863 -1 -1 -1 -1000 -1000 -1000 -10
178 15390 car 0 0 -1 519.3148902160717 177.9254264262799 557.7075105018382 210.8592787251775 -1 -1 -1 -1000 -1000 -1000 -10
178 15389 DontCare 0 0 -1 172.06915657354904 169.51301102425737 304.04434970359523 249.94910135503181 -1 -1 -1 -1000 -1000 -1000 -10
178 15365 car 0 0 -1 579.8429666843547 174.2168114722495 606.7721854906474 198.14909525741143 -1 -1 -1 -1000 -1000 -1000 -10
179 15392 car 0 0 -1 406.267642257318 184.2393450159293 445.4985924656215 209.89710876621115 -1 -1 -1 -1000 -1000 -1000 -10
179 15390 car 0 0 -1 515.6927610784132 178.78056412391018 556.668241933726 213.19740640070793 -1 -1 -1 -1000 -1000 -1000 -10
179 15389 DontCare 0 0 -1 102.26623652394528 171.058507027993 260.66969475248254 261.19781688594236 -1 -1 -1 -1000 -1000 -1000 -10
179 15365 car 0 0 -1 579.205937763198 175.19501391308526 606.0382707121793 198.7651018221009 -1 -1 -1 -1000 -1000 -1000 -10
180 15392 car 0 0 -1 394.656408599845 186.50184797643462 436.77489428764216 213.66978843932193 -1 -1 -1 -1000 -1000 -1000 -10
180 15390 car 0 0 -1 512.4899883883154 179.94426594846516 554.955604140282 215.84472819172032 -1 -1 -1 -1000 -1000 -1000 -10
180 15389 DontCare 0 0 -1 32.93705136219501 174.53782216497584 215.71147884252102 279.5352710805724 -1 -1 -1 -1000 -1000 -1000 -10
180 15365 car 0 0 -1 579.4586779964424 177.1309670222744 605.9483921318093 200.70857684054866 -1 -1 -1 -1000 -1000 -1000 -10
181 15392 car 0 0 -1 381.01988743597553 191.23784771261734 426.7090110161307 219.83856955148764 -1 -1 -1 -1000 -1000 -1000 -10
181 15390 car 0 0 -1 508.00975498892836 183.71115406495807 553.1024228071095 221.41942784456887 -1 -1 -1 -1000 -1000 -1000 -10
181 15389 DontCare 0 0 -1 -9.02019684189824 184.12878338766367 169.5909619842479 301.01982934210275 -1 -1 -1 -1000 -1000 -1000 -10
181 15365 car 0 0 -1 578.4793118740123 180.40326696032986 605.0602545875064 204.7866701168149 -1 -1 -1 -1000 -1000 -1000 -10
182 15392 car 0 0 -1 364.65800048563284 194.42379963956228 413.4962602710539 224.58706517893313 -1 -1 -1 -1000 -1000 -1000 -10
182 15390 car 0 0 -1 503.8225888593034 185.89443041509978 550.4359431438695 225.315429954395 -1 -1 -1 -1000 -1000 -1000 -10
182 15365 car 0 0 -1 578.1335037576973 183.7137298177108 604.7262170339493 208.16930977904136 -1 -1 -1 -1000 -1000 -1000 -10
183 15392 car 0 0 -1 346.4336100613428 196.2117010472051 400.0534797338366 228.26229436980282 -1 -1 -1 -1000 -1000 -1000 -10
183 15390 car 0 0 -1 499.51720204828575 187.18322885117584 548.3650099242982 228.19548217936193 -1 -1 -1 -1000 -1000 -1000 -10
183 15365 car 0 0 -1 578.4800280149021 185.21807478025053 604.8050219804237 209.17123692845794 -1 -1 -1 -1000 -1000 -1000 -10
184 15392 car 0 0 -1 325.5977284477282 194.7222823802768 386.53187798484873 230.29675299781462 -1 -1 -1 -1000 -1000 -1000 -10
184 15390 car 0 0 -1 495.50730052145036 186.38595179279312 546.8465124984898 229.13867222415334 -1 -1 -1 -1000 -1000 -1000 -10
184 15365 car 0 0 -1 579.3135354808867 183.81954981563536 605.4671968333412 208.21055977211347 -1 -1 -1 -1000 -1000 -1000 -10
185 15392 car 0 0 -1 298.7581725063248 193.66703116492414 370.80420611319704 234.0412350872515 -1 -1 -1 -1000 -1000 -1000 -10
185 15390 car 0 0 -1 490.49277824853385 183.47680860449736 545.3416429714214 229.36737971293394 -1 -1 -1 -1000 -1000 -1000 -10
185 15365 car 0 0 -1 578.8416914330043 181.49613479533969 604.5709661109687 205.6777992141229 -1 -1 -1 -1000 -1000 -1000 -10
186 15392 car 0 0 -1 266.3341488759191 193.1740558784187 349.75133145924934 238.04027999673917 -1 -1 -1 -1000 -1000 -1000 -10
186 15390 car 0 0 -1 484.41552174554283 181.39117484276963 541.9031233012796 229.694115061566 -1 -1 -1 -1000 -1000 -1000 -10
186 15365 car 0 0 -1 579.108810723053 179.4506865245054 605.1107432681479 202.58616739028793 -1 -1 -1 -1000 -1000 -1000 -10
187 15392 car 0 0 -1 227.1613872445345 193.14377680389424 324.8763517422968 244.5226166473753 -1 -1 -1 -1000 -1000 -1000 -10
187 15390 car 0 0 -1 479.3219475822276 180.3694729514542 540.2973713331455 231.9476018636352 -1 -1 -1 -1000 -1000 -1000 -10
187 15365 car 0 0 -1 580.035522360153 178.35761021322054 606.4689560598199 201.06467654562135 -1 -1 -1 -1000 -1000 -1000 -10
188 15392 car 0 0 -1 175.5963812041623 196.17099355193227 292.1146152308492 255.62837850082798 -1 -1 -1 -1000 -1000 -1000 -10
188 15390 car 0 0 -1 473.38101158998796 181.7651821653049 537.3367868168662 236.20050272972878 -1 -1 -1 -1000 -1000 -1000 -10
188 15365 car 0 0 -1 581.6175491234418 179.03358142610577 608.3798649605397 202.0095134252342 -1 -1 -1 -1000 -1000 -1000 -10
189 15392 car 0 0 -1 108.18169996503482 199.61525528051686 251.3163880351568 269.1892326374201 -1 -1 -1 -1000 -1000 -1000 -10
189 15390 car 0 0 -1 465.21626136385197 181.5981974007626 534.4644575902546 240.40666191326866 -1 -1 -1 -1000 -1000 -1000 -10
189 15365 car 0 0 -1 582.1631528327846 179.24546976978235 609.1643650754397 202.41645524951366 -1 -1 -1 -1000 -1000 -1000 -10
190 15399 car 0 0 -1 296.2654331908596 186.76748403907627 360.1490197451362 225.46752328921664 -1 -1 -1 -1000 -1000 -1000 -10
190 15392 car 0 0 -1 35.888640907316955 203.13158978359863 202.0214110033273 285.03304803327705 -1 -1 -1 -1000 -1000 -1000 -10
190 15390 car 0 0 -1 454.915662160834 181.61860220358167 530.3150282298882 245.11530796248636 -1 -1 -1 -1000 -1000 -1000 -10
190 15365 car 0 0 -1 582.7903118596055 178.64393068862432 609.6913764688954 201.94670522949656 -1 -1 -1 -1000 -1000 -1000 -10
191 15399 car 0 0 -1 269.06111375241903 185.59734268311325 340.4785239111163 227.58237050620573 -1 -1 -1 -1000 -1000 -1000 -10
191 15392 car 0 0 -1 -7.263056436995683 207.00314621493618 150.91932128498672 296.1228946583489 -1 -1 -1 -1000 -1000 -1000 -10
191 15390 car 0 0 -1 444.37264267072754 180.46344198469373 527.7541354661371 249.29071657844227 -1 -1 -1 -1000 -1000 -1000 -10
191 15365 car 0 0 -1 583.7837060604433 176.2461076666956 609.7820171813972 199.36713477480004 -1 -1 -1 -1000 -1000 -1000 -10
192 15399 car 0 0 -1 236.3406555397101 185.27493896606396 317.3464285044991 231.2016424689422 -1 -1 -1 -1000 -1000 -1000 -10
192 15390 car 0 0 -1 430.92763549970607 179.0408258245358 522.7416024834152 253.73518934131855 -1 -1 -1 -1000 -1000 -1000 -10
192 15365 car 0 0 -1 585.1562798644956 174.7199563500618 610.7701416000162 197.70611277672964 -1 -1 -1 -1000 -1000 -1000 -10
193 15401 pedestrian 0 0 -1 684.5126150087868 165.5839951136607 716.4277735482611 219.3571575419462 -1 -1 -1 -1000 -1000 -1000 -10
193 15399 car 0 0 -1 197.18834888239502 185.4922867272969 291.11926019914756 237.09745686184195 -1 -1 -1 -1000 -1000 -1000 -10
193 15390 car 0 0 -1 414.348650775027 178.92542981589781 514.9363498723756 260.14102969046485 -1 -1 -1 -1000 -1000 -1000 -10
193 15365 car 0 0 -1 586.943110257268 173.23071575130703 613.1306551426815 196.69936591537075 -1 -1 -1 -1000 -1000 -1000 -10
194 15401 pedestrian 0 0 -1 690.7134381162887 166.00390135061912 721.2411483358153 222.4923643990245 -1 -1 -1 -1000 -1000 -1000 -10
194 15399 car 0 0 -1 146.40217116152044 189.54278783053303 256.7328916686061 248.5374705743215 -1 -1 -1 -1000 -1000 -1000 -10
194 15398 DontCare 0 0 -1 683.3206517204578 163.10902138818554 730.1288378752029 224.7522662304423 -1 -1 -1 -1000 -1000 -1000 -10
194 15390 car 0 0 -1 393.7632440858913 180.6734356476062 506.9700317795907 271.14659648856195 -1 -1 -1 -1000 -1000 -1000 -10
194 15365 car 0 0 -1 586.8600635336093 173.9031553175082 613.4604524634581 197.71787134782664 -1 -1 -1 -1000 -1000 -1000 -10
195 15401 pedestrian 0 0 -1 699.1553937074475 167.4839230788121 731.6201765219821 229.69526799829595 -1 -1 -1 -1000 -1000 -1000 -10
195 15399 car 0 0 -1 83.39688560067711 195.42351629099696 215.11938310985474 261.82960732544535 -1 -1 -1 -1000 -1000 -1000 -10
195 15398 DontCare 0 0 -1 686.6241527990494 164.27901069919807 742.0764237268147 232.65551333181043 -1 -1 -1 -1000 -1000 -1000 -10
195 15390 car 0 0 -1 369.23976615118306 184.62348841690667 498.799545039534 286.302785752788 -1 -1 -1 -1000 -1000 -1000 -10
195 15365 car 0 0 -1 588.2289278895096 176.90503432990155 615.4232139762635 201.26080822040402 -1 -1 -1 -1000 -1000 -1000 -10
196 15404 car 0 0 -1 821.3689296093158 171.11230799656494 921.2524748111128 214.85147581529662 -1 -1 -1 -1000 -1000 -1000 -10
196 15403 pedestrian 0 0 -1 691.4737572546289 170.38776446074672 732.8005481888513 236.19552832374586 -1 -1 -1 -1000 -1000 -1000 -10
196 15401 pedestrian 0 0 -1 703.3635542109273 168.49525298001987 734.8542784826441 234.16909247683475 -1 -1 -1 -1000 -1000 -1000 -10
196 15399 car 0 0 -1 16.793316980263413 201.44570598674125 166.00703274640546 276.1121687384373 -1 -1 -1 -1000 -1000 -1000 -10
196 15398 DontCare 0 0 -1 691.3356269634082 164.0304627412525 755.24344860712 238.20985424546234 -1 -1 -1 -1000 -1000 -1000 -10
196 15390 car 0 0 -1 337.51135313414227 187.97271866121537 487.8277349792768 303.77833397133537 -1 -1 -1 -1000 -1000 -1000 -10
196 15365 car 0 0 -1 589.8431111245765 178.44320480396507 616.3505390402646 202.87269227959715 -1 -1 -1 -1000 -1000 -1000 -10
197 15399 car 0 0 -1 -20.16498545993506 204.00844292362356 115.6153462314287 282.60773565402235 -1 -1 -1 -1000 -1000 -1000 -10
197 15398 DontCare 0 0 -1 700.3074989885403 158.91203160633373 772.4488010263534 241.8796842846683 -1 -1 -1 -1000 -1000 -1000 -10
197 15390 car 0 0 -1 293.6886016392608 188.45418514958374 472.8146824447949 323.4198292034273 -1 -1 -1 -1000 -1000 -1000 -10
197 15365 car 0 0 -1 591.4804467807251 177.11598582783503 616.948621594307 200.82143767443077 -1 -1 -1 -1000 -1000 -1000 -10
198 15398 DontCare 0 0 -1 710.6173652432419 157.06311533198837 790.6649930316373 245.77139304822074 -1 -1 -1 -1000 -1000 -1000 -10
198 15390 car 0 0 -1 229.11505889592055 187.55451685800557 451.630550819884 349.35823452878714 -1 -1 -1 -1000 -1000 -1000 -10
198 15365 car 0 0 -1 592.834787285579 174.05600927930007 618.3625856559512 198.02404037537 -1 -1 -1 -1000 -1000 -1000 -10
199 15398 DontCare 0 0 -1 718.3840646157216 155.70586866621585 809.5708301036557 252.46991571222208 -1 -1 -1 -1000 -1000 -1000 -10
199 15390 car 0 0 -1 127.17832524594678 182.57169790330292 412.0257234143088 364.8685077068993 -1 -1 -1 -1000 -1000 -1000 -10
199 15365 car 0 0 -1 594.6234282336302 172.19915719910304 620.1937982554243 196.3608456031288 -1 -1 -1 -1000 -1000 -1000 -10
200 15405 pedestrian 0 0 -1 705.1599513562743 168.4261835600011 742.6221915548866 253.45521024451153 -1 -1 -1 -1000 -1000 -1000 -10
200 15403 DontCare 0 0 -1 740.7281929131132 159.9523671549107 834.6352499698144 269.8014330984794 -1 -1 -1 -1000 -1000 -1000 -10
200 15398 DontCare 0 0 -1 744.7498829149956 161.55439631677052 832.2570871296691 263.10058572200285 -1 -1 -1 -1000 -1000 -1000 -10
200 15390 car 0 0 -1 61.15564501529067 178.45075274160712 390.06480643250904 372.0203723158963 -1 -1 -1 -1000 -1000 -1000 -10
200 15365 car 0 0 -1 596.1169832913672 174.36404695934374 621.9850238250822 198.1063173996356 -1 -1 -1 -1000 -1000 -1000 -10
201 15405 pedestrian 0 0 -1 713.8897935558206 171.95171959430857 748.9454803404723 256.9321748294982 -1 -1 -1 -1000 -1000 -1000 -10
201 15403 DontCare 0 0 -1 763.8877176371213 158.50599808116118 878.0354124675839 282.8024683493501 -1 -1 -1 -1000 -1000 -1000 -10
201 15398 DontCare 0 0 -1 752.004603162859 159.34441435516445 842.1286635112085 270.75936371157366 -1 -1 -1 -1000 -1000 -1000 -10
201 15390 car 0 0 -1 19.41213355356635 179.19933208209955 363.7579416084801 376.6898085705726 -1 -1 -1 -1000 -1000 -1000 -10
201 15365 car 0 0 -1 596.8792218147402 176.7609349551181 622.4155851730287 200.4803165031638 -1 -1 -1 -1000 -1000 -1000 -10
202 15403 DontCare 0 0 -1 774.8482461884065 154.26644374807137 898.9521663639104 292.30353369007764 -1 -1 -1 -1000 -1000 -1000 -10
202 15398 DontCare 0 0 -1 785.2624563289702 154.666364150603 906.0689021780921 289.864049955873 -1 -1 -1 -1000 -1000 -1000 -10
202 15390 car 0 0 -1 -12.400127984711133 189.08179863116777 321.4901726286639 382.94375655623935 -1 -1 -1 -1000 -1000 -1000 -10
202 15365 car 0 0 -1 599.5357607991742 177.01832588150404 625.3794127328962 200.73510594035935 -1 -1 -1 -1000 -1000 -1000 -10
203 15408 car 0 0 -1 390.95844651872636 184.5024565729173 442.3959365151822 216.2035359346849 -1 -1 -1 -1000 -1000 -1000 -10
203 15403 DontCare 0 0 -1 790.3585266480338 155.58743988792486 916.4231388218859 307.512940804942 -1 -1 -1 -1000 -1000 -1000 -10
203 15398 DontCare 0 0 -1 828.6077186941708 151.89840260148497 982.0659749340729 316.331484973518 -1 -1 -1 -1000 -1000 -1000 -10
203 15365 car 0 0 -1 600.4535740796337 176.6501663456361 626.5348207338159 200.6425545593173 -1 -1 -1 -1000 -1000 -1000 -10
204 15410 car 0 0 -1 -13.804706880239905 216.14083232177458 114.10518640498475 305.8578151062226 -1 -1 -1 -1000 -1000 -1000 -10
204 15408 car 0 0 -1 373.09195466538677 187.4585584003796 427.8607626862474 221.24623851144835 -1 -1 -1 -1000 -1000 -1000 -10
204 15403 pedestrian 0 0 -1 821.5765995969716 155.08789308370405 940.1157406634509 319.2199218305673 -1 -1 -1 -1000 -1000 -1000 -10
204 15398 DontCare 0 0 -1 832.968557906904 151.70392387158984 985.6184085141718 329.2281565427744 -1 -1 -1 -1000 -1000 -1000 -10
204 15365 car 0 0 -1 602.0246373016025 177.30597935718254 628.2958012292313 201.76854526940508 -1 -1 -1 -1000 -1000 -1000 -10
205 15408 car 0 0 -1 354.7504054267805 192.62851303325314 413.7468733228303 228.22440694191957 -1 -1 -1 -1000 -1000 -1000 -10
205 15398 pedestrian 0 0 -1 879.3399228515956 157.4678527021267 1018.371324293868 347.70119369644726 -1 -1 -1 -1000 -1000 -1000 -10
205 15365 car 0 0 -1 602.1777631173417 180.75064564201492 628.0330589816218 205.5264799607867 -1 -1 -1 -1000 -1000 -1000 -10
206 15412 DontCare 0 0 -1 920.1999066546493 114.72520521849705 1231.9691608488727 379.33456703781326 -1 -1 -1 -1000 -1000 -1000 -10
206 15408 car 0 0 -1 324.9001431679877 193.92584690238834 399.42231426812793 235.58105888592024 -1 -1 -1 -1000 -1000 -1000 -10
206 15365 car 0 0 -1 603.1091342116378 183.48492213681408 628.9512456466026 208.7758711264595 -1 -1 -1 -1000 -1000 -1000 -10
207 15412 DontCare 0 0 -1 993.2214863053374 113.23140196166753 1256.875421909072 364.55489295999587 -1 -1 -1 -1000 -1000 -1000 -10
207 15408 car 0 0 -1 291.8563558888678 194.7240080856142 374.1870664258182 240.17498324654744 -1 -1 -1 -1000 -1000 -1000 -10
207 15365 car 0 0 -1 603.4430052549507 182.91261990243868 629.2556601301873 208.32114224038668 -1 -1 -1 -1000 -1000 -1000 -10
208 15412 DontCare 0 0 -1 1043.2332004450375 159.2352647429663 1258.61340685967 374.21722303775795 -1 -1 -1 -1000 -1000 -1000 -10
208 15408 car 0 0 -1 250.07072566712867 194.43059134547775 344.93569301805866 245.48881679935585 -1 -1 -1 -1000 -1000 -1000 -10
208 15365 car 0 0 -1 603.0801249740838 180.69106128653283 629.1459085617809 206.19576496161045 -1 -1 -1 -1000 -1000 -1000 -10
209 15415 car 0 0 -1 274.35116086563806 187.25405573997557 344.4172930549868 229.45193676762665 -1 -1 -1 -1000 -1000 -1000 -10
209 15408 car 0 0 -1 197.32165030583286 193.77677603225956 312.94837363572725 253.11693816780738 -1 -1 -1 -1000 -1000 -1000 -10
209 15365 car 0 0 -1 602.8631938188161 178.70047927649392 629.1266004763796 204.54886709083075 -1 -1 -1 -1000 -1000 -1000 -10
210 15415 car 0 0 -1 230.84800117876634 186.99145543559644 316.18538613318776 235.17209351252853 -1 -1 -1 -1000 -1000 -1000 -10
210 15408 car 0 0 -1 127.87757617901828 196.14739480743083 270.0658110613972 264.5291929512871 -1 -1 -1 -1000 -1000 -1000 -10
210 15365 car 0 0 -1 602.9163225002095 177.6856038911709 629.5861584139633 203.51596500617916 -1 -1 -1 -1000 -1000 -1000 -10
211 15415 car 0 0 -1 172.8040053089824 187.61414637920302 278.2886377478934 245.2735644345579 -1 -1 -1 -1000 -1000 -1000 -10
211 15408 car 0 0 -1 37.95615962461147 200.6495357397573 207.80883901608678 280.9576271574597 -1 -1 -1 -1000 -1000 -1000 -10
211 15365 car 0 0 -1 602.1752910735464 177.6786503811003 629.1695539557928 204.04745611289715 -1 -1 -1 -1000 -1000 -1000 -10
212 15417 car 0 0 -1 437.35748406569786 179.77412024315393 472.8790514597128 205.9318722644483 -1 -1 -1 -1000 -1000 -1000 -10
212 15415 car 0 0 -1 102.00681493266592 186.2109322582021 232.53421853140532 254.21535868932432 -1 -1 -1 -1000 -1000 -1000 -10
212 15408 car 0 0 -1 -13.323047359116458 208.29898853767384 146.2832058726819 295.454780683173 -1 -1 -1 -1000 -1000 -1000 -10
212 15365 car 0 0 -1 601.1760274085958 177.2053754842297 628.3819156333294 203.4129430459153 -1 -1 -1 -1000 -1000 -1000 -10
213 15417 car 0 0 -1 424.71951103292446 182.04493593535426 461.378568896662 208.27153035820305 -1 -1 -1 -1000 -1000 -1000 -10
213 15415 car 0 0 -1 22.563886561028852 188.26252537326286 176.15956753239496 265.8156511588592 -1 -1 -1 -1000 -1000 -1000 -10
213 15365 car 0 0 -1 601.1860038206613 176.98495444504263 628.3130383413051 203.8654848425738 -1 -1 -1 -1000 -1000 -1000 -10
214 15417 car 0 0 -1 411.4210946648647 180.45582383504617 452.0018918198512 208.6564696366689 -1 -1 -1 -1000 -1000 -1000 -10
214 15415 car 0 0 -1 -21.27790631993011 191.3410851145427 119.55790776974214 272.76695676385316 -1 -1 -1 -1000 -1000 -1000 -10
214 15365 car 0 0 -1 600.5497532299675 174.62253158512272 627.5935005872776 201.7464438369472 -1 -1 -1 -1000 -1000 -1000 -10
215 15417 car 0 0 -1 395.5298542875778 181.4028502078378 440.4768348731466 211.67207600410825 -1 -1 -1 -1000 -1000 -1000 -10
215 15365 car 0 0 -1 600.0374497422458 174.32719318535 627.5679640635301 201.65299955653538 -1 -1 -1 -1000 -1000 -1000 -10
216 15417 car 0 0 -1 377.037068820691 184.971878027191 426.6026099429087 216.49176525508562 -1 -1 -1 -1000 -1000 -1000 -10
216 15365 car 0 0 -1 599.8353956095824 176.4260485728447 626.8947349841211 203.33824455127046 -1 -1 -1 -1000 -1000 -1000 -10
217 15417 car 0 0 -1 354.7722653956403 187.1045001498891 410.0824244213181 220.6619321853831 -1 -1 -1 -1000 -1000 -1000 -10
217 15365 car 0 0 -1 599.8350314847928 178.14656240697073 626.548342932256 205.02153591873284 -1 -1 -1 -1000 -1000 -1000 -10
218 15417 car 0 0 -1 328.83282229454653 188.04719696565618 391.71190713385965 224.56331433554854 -1 -1 -1 -1000 -1000 -1000 -10
218 15365 car 0 0 -1 599.8895516840366 178.15170574256328 626.3509055800505 204.99956254225887 -1 -1 -1 -1000 -1000 -1000 -10
219 15417 car 0 0 -1 298.23363332993057 188.8899930628979 369.39559067517536 228.02716962979062 -1 -1 -1 -1000 -1000 -1000 -10
219 15365 car 0 0 -1 600.4136736185337 177.31014309707888 626.4159979162955 203.8674483131756 -1 -1 -1 -1000 -1000 -1000 -10
220 15417 car 0 0 -1 260.3929950760732 188.9148168358486 342.61809375858826 232.10970082871646 -1 -1 -1 -1000 -1000 -1000 -10
220 15365 car 0 0 -1 600.2236699304342 174.61817795315474 626.1675323284028 201.23430205871264 -1 -1 -1 -1000 -1000 -1000 -10
221 15417 car 0 0 -1 212.17247428835637 190.3973735855632 309.4190363168521 238.67010939743827 -1 -1 -1 -1000 -1000 -1000 -10
221 15365 car 0 0 -1 600.3465970262336 172.93158920329802 626.5223753547444 199.59895822025692 -1 -1 -1 -1000 -1000 -1000 -10
222 15417 car 0 0 -1 148.0374032649345 193.8573897001496 265.53381610940926 250.0186217761294 -1 -1 -1 -1000 -1000 -1000 -10
222 15365 car 0 0 -1 599.8849616721 172.94092085375934 626.5045523770671 199.65262085687795 -1 -1 -1 -1000 -1000 -1000 -10
223 15417 car 0 0 -1 61.01188567725994 200.86498803488183 208.43477448843618 267.58827732366933 -1 -1 -1 -1000 -1000 -1000 -10
223 15365 car 0 0 -1 600.0866330639027 175.7538337830731 626.7665263349564 202.76228864884774 -1 -1 -1 -1000 -1000 -1000 -10
224 15417 car 0 0 -1 4.016955473144151 210.66501197102681 152.465015989468 284.62508025023897 -1 -1 -1 -1000 -1000 -1000 -10
224 15365 car 0 0 -1 600.3220479936048 178.45798169505716 627.3536332080533 206.2365054374395 -1 -1 -1 -1000 -1000 -1000 -10
225 15365 car 0 0 -1 600.1706128883028 179.81338013275123 627.156633946291 207.87285220768857 -1 -1 -1 -1000 -1000 -1000 -10
226 15365 car 0 0 -1 600.3072039308078 179.60862843734458 627.5328249151609 207.88725614784875 -1 -1 -1 -1000 -1000 -1000 -10
227 15365 car 0 0 -1 599.6635853908019 179.94700889895898 627.057865024203 208.10658343306096 -1 -1 -1 -1000 -1000 -1000 -10
228 15419 car 0 0 -1 430.7853503227848 188.47749854983704 461.6713626480289 211.06886080726224 -1 -1 -1 -1000 -1000 -1000 -10
228 15365 car 0 0 -1 598.7304550895285 181.57924985661492 626.2543707419115 209.92959951042582 -1 -1 -1 -1000 -1000 -1000 -10
229 15419 car 0 0 -1 421.4374052483071 188.37715666227624 454.42389320912923 212.01923885049231 -1 -1 -1 -1000 -1000 -1000 -10
229 15365 car 0 0 -1 598.3555534282975 182.61771120724237 625.9686055519057 210.831015341832 -1 -1 -1 -1000 -1000 -1000 -10
230 15419 car 0 0 -1 410.1613907481249 187.33283605496533 446.5907331398725 211.84829204698858 -1 -1 -1 -1000 -1000 -1000 -10
230 15365 car 0 0 -1 598.0093117223948 180.4093182701853 625.4135084783416 208.52126776370355 -1 -1 -1 -1000 -1000 -1000 -10
231 15422 car 0 0 -1 450.636269714237 183.20691479471583 487.4828767618109 210.67561974606565 -1 -1 -1 -1000 -1000 -1000 -10
231 15419 car 0 0 -1 397.7993549629904 185.78595454410976 436.95610857525935 211.508566676082 -1 -1 -1 -1000 -1000 -1000 -10
231 15365 car 0 0 -1 598.1060974083501 178.92146874841177 625.6320031054069 206.96262253386158 -1 -1 -1 -1000 -1000 -1000 -10
232 15422 car 0 0 -1 441.3746672203491 181.89934150500937 479.10444736033 210.16374081245533 -1 -1 -1 -1000 -1000 -1000 -10
232 15419 car 0 0 -1 383.94336442276983 185.68026508376457 426.496051075712 212.26017381665307 -1 -1 -1 -1000 -1000 -1000 -10
232 15365 car 0 0 -1 598.1239500806614 178.36274174672326 625.7389887328482 206.35315049064064 -1 -1 -1 -1000 -1000 -1000 -10
233 15422 car 0 0 -1 429.064304227358 181.66859002560176 470.4679524672782 212.32683802219339 -1 -1 -1 -1000 -1000 -1000 -10
233 15419 car 0 0 -1 369.18563911470034 185.0602379610148 416.8477852324575 213.094374091243 -1 -1 -1 -1000 -1000 -1000 -10
233 15365 car 0 0 -1 597.9277279684317 177.31630226307018 625.333631826007 204.9930981035022 -1 -1 -1 -1000 -1000 -1000 -10
234 15422 car 0 0 -1 411.3422348101759 180.9213408959545 457.5083221389949 214.4638233585881 -1 -1 -1 -1000 -1000 -1000 -10
234 15419 car 0 0 -1 351.1385048733672 183.7701944470384 403.7992572797924 213.77081624233873 -1 -1 -1 -1000 -1000 -1000 -10
234 15365 car 0 0 -1 597.2384528806017 175.20623174594962 624.4927973812682 202.9260452235935 -1 -1 -1 -1000 -1000 -1000 -10
235 15422 car 0 0 -1 392.04037934809486 181.95161795700167 445.422326401106 218.90580746132557 -1 -1 -1 -1000 -1000 -1000 -10
235 15419 car 0 0 -1 330.2391654586637 184.96830443677965 388.5355075651239 217.6655516606029 -1 -1 -1 -1000 -1000 -1000 -10
235 15365 car 0 0 -1 597.006531847383 174.40255020083816 624.1506552594199 202.15455113578275 -1 -1 -1 -1000 -1000 -1000 -10
236 15422 car 0 0 -1 369.1057295954566 184.4958643981242 429.1903221735143 224.52804391398982 -1 -1 -1 -1000 -1000 -1000 -10
236 15419 car 0 0 -1 305.8106434398863 188.4981721453239 369.69240247706836 223.32747378934943 -1 -1 -1 -1000 -1000 -1000 -10
236 15365 car 0 0 -1 597.5938657104548 176.3381314548783 624.6607977490546 203.55737733521562 -1 -1 -1 -1000 -1000 -1000 -10
237 15422 car 0 0 -1 340.1305930423399 186.9016866910065 408.2038145984816 230.46677730134547 -1 -1 -1 -1000 -1000 -1000 -10
237 15419 car 0 0 -1 277.49503606944165 190.38274892077087 352.18611500243844 229.4793086518708 -1 -1 -1 -1000 -1000 -1000 -10
237 15365 car 0 0 -1 597.3745469456057 177.35709616292206 624.6518998740178 204.47387126620276 -1 -1 -1 -1000 -1000 -1000 -10
238 15423 car 0 0 -1 457.1447270185931 182.96299198379762 491.97403740817543 209.15439706556504 -1 -1 -1 -1000 -1000 -1000 -10
238 15422 car 0 0 -1 303.61885765666295 189.51165930607834 382.94887855983154 238.23859777597033 -1 -1 -1 -1000 -1000 -1000 -10
238 15419 car 0 0 -1 240.68715762708132 191.9663940087559 325.8166052401574 235.46282786224003 -1 -1 -1 -1000 -1000 -1000 -10
238 15365 car 0 0 -1 597.7106263019225 177.49976480482047 624.888040842698 205.0717212398905 -1 -1 -1 -1000 -1000 -1000 -10
239 15423 car 0 0 -1 447.48860927923675 182.27918680098122 484.7548763616857 210.11643978446745 -1 -1 -1 -1000 -1000 -1000 -10
239 15422 car 0 0 -1 253.875211676297 191.1976298922643 348.7079030609068 247.62121931484901 -1 -1 -1 -1000 -1000 -1000 -10
239 15419 car 0 0 -1 197.6262097013419 193.95049163422334 297.9949301585759 242.82012093961686 -1 -1 -1 -1000 -1000 -1000 -10
239 15365 car 0 0 -1 597.8653402649095 177.5545452886876 624.9555436094843 204.64618725881937 -1 -1 -1 -1000 -1000 -1000 -10
240 15423 car 0 0 -1 435.3626675201401 182.73736248370173 475.17672650298243 211.98756933426947 -1 -1 -1 -1000 -1000 -1000 -10
240 15422 car 0 0 -1 185.24193105514146 194.432742377439 303.43163404087943 260.33586272572126 -1 -1 -1 -1000 -1000 -1000 -10
240 15419 car 0 0 -1 143.71178453388185 195.34699696648832 266.45105150389287 252.06644451704713 -1 -1 -1 -1000 -1000 -1000 -10
240 15365 car 0 0 -1 597.9434126339456 177.00471556569448 624.9651374921141 203.74958112651973 -1 -1 -1 -1000 -1000 -1000 -10
241 15423 car 0 0 -1 423.30435070656375 182.7127749218956 468.045791485144 214.13813049171003 -1 -1 -1 -1000 -1000 -1000 -10
241 15419 car 0 0 -1 67.4019482127671 200.4922333857455 228.3434443084658 273.1343738728593 -1 -1 -1 -1000 -1000 -1000 -10
241 15365 car 0 0 -1 597.9815307314459 175.93203440198607 624.9628289684258 202.96992809159633 -1 -1 -1 -1000 -1000 -1000 -10
242 15423 car 0 0 -1 407.3077149757406 183.64002616187702 456.3760535930903 217.40762057403884 -1 -1 -1 -1000 -1000 -1000 -10
242 15419 car 0 0 -1 5.7804747075106775 212.48758929077331 172.7217346006242 300.39487310958106 -1 -1 -1 -1000 -1000 -1000 -10
242 15365 car 0 0 -1 598.0086245021487 175.28450450220308 624.9514397148189 202.26854328016512 -1 -1 -1 -1000 -1000 -1000 -10
243 15423 car 0 0 -1 390.1515437768691 184.8362774555313 443.1385609347889 221.07234236692338 -1 -1 -1 -1000 -1000 -1000 -10
243 15365 car 0 0 -1 598.4900824808132 176.82341159022954 625.1307592903414 203.4938254761719 -1 -1 -1 -1000 -1000 -1000 -10
244 15423 car 0 0 -1 369.42621540130006 187.29855568719472 427.8304422198253 226.41786547292452 -1 -1 -1 -1000 -1000 -1000 -10
244 15365 car 0 0 -1 598.7207725314514 177.85408428160946 625.1517112497255 204.82747504853 -1 -1 -1 -1000 -1000 -1000 -10
245 15423 car 0 0 -1 340.8688852155384 188.27947340753377 408.28618636499743 231.54577389545233 -1 -1 -1 -1000 -1000 -1000 -10
245 15365 car 0 0 -1 598.5754944177731 177.99226411073818 625.3918272297535 204.9344665082038 -1 -1 -1 -1000 -1000 -1000 -10
246 15423 car 0 0 -1 304.8109824655189 189.8331620229411 383.94869098577544 237.47062004868837 -1 -1 -1 -1000 -1000 -1000 -10
246 15365 car 0 0 -1 598.7259686712721 176.0935141956792 625.2761891179316 203.00476241316053 -1 -1 -1 -1000 -1000 -1000 -10
247 15423 car 0 0 -1 258.59553187421636 191.87386212865553 352.0915373351644 246.062794665702 -1 -1 -1 -1000 -1000 -1000 -10
247 15365 car 0 0 -1 598.5555083932966 175.84421246293275 625.4586112907609 202.4548635100692 -1 -1 -1 -1000 -1000 -1000 -10
248 15423 car 0 0 -1 197.68132349326504 195.58905018628224 313.3400971070848 258.7730308431661 -1 -1 -1 -1000 -1000 -1000 -10
248 15365 car 0 0 -1 598.4274997391789 176.64079109990064 625.5899392460425 203.3222495406963 -1 -1 -1 -1000 -1000 -1000 -10
249 15423 car 0 0 -1 107.4709589610995 199.42832137249044 257.7181201156865 276.7806287223408 -1 -1 -1 -1000 -1000 -1000 -10
249 15365 car 0 0 -1 598.522310677462 176.93126747767926 626.1482280041889 203.67029634074103 -1 -1 -1 -1000 -1000 -1000 -10
250 15423 car 0 0 -1 26.413250657044514 208.9352866194761 194.5841192555891 301.6509160561136 -1 -1 -1 -1000 -1000 -1000 -10
250 15365 car 0 0 -1 599.129033078351 177.03317474322205 627.0935058721985 203.81344390447111 -1 -1 -1 -1000 -1000 -1000 -10
251 15423 car 0 0 -1 -25.112321580640966 224.12178910010084 113.52627814687447 320.17468600212146 -1 -1 -1 -1000 -1000 -1000 -10
251 15365 car 0 0 -1 599.2926580691433 177.90675382078487 627.5142628894282 204.9928658411619 -1 -1 -1 -1000 -1000 -1000 -10
252 15365 car 0 0 -1 599.29974816237 179.02899622843037 627.7213419466459 206.60681333426683 -1 -1 -1 -1000 -1000 -1000 -10
253 15365 car 0 0 -1 599.2660403011196 180.01671625975393 627.828129436894 207.9549323552585 -1 -1 -1 -1000 -1000 -1000 -10
254 15365 car 0 0 -1 599.2260550663661 179.6673159023213 627.8879276927898 207.86955567570172 -1 -1 -1 -1000 -1000 -1000 -10
255 15365 car 0 0 -1 599.1903945563313 179.47938604720028 627.9237492244667 207.8749806148745 -1 -1 -1 -1000 -1000 -1000 -10
256 15365 car 0 0 -1 598.6978173536115 178.7095353784047 627.7566831042457 207.25467196468466 -1 -1 -1 -1000 -1000 -1000 -10
257 15365 car 0 0 -1 598.7270168233447 177.5469755184372 627.4717969093485 205.91908626952676 -1 -1 -1 -1000 -1000 -1000 -10
258 15365 car 0 0 -1 598.5177919623289 175.1740038144369 627.5805802350443 203.42092460403808 -1 -1 -1 -1000 -1000 -1000 -10
259 15365 car 0 0 -1 598.1045608734703 173.1695725692998 627.9531606230121 201.62316186433767 -1 -1 -1 -1000 -1000 -1000 -10
260 15365 car 0 0 -1 598.0833736132648 173.04462858888948 627.9568407737955 201.62899234529525 -1 -1 -1 -1000 -1000 -1000 -10
261 15365 car 0 0 -1 598.156122389206 174.75536481432525 627.2226724871026 203.1610230091812 -1 -1 -1 -1000 -1000 -1000 -10
262 15365 car 0 0 -1 598.2406670326887 176.7517162258614 627.5392595897073 205.02463600177668 -1 -1 -1 -1000 -1000 -1000 -10
263 15365 car 0 0 -1 597.5791894146084 177.53444831447368 627.0469539109674 205.71240003283444 -1 -1 -1 -1000 -1000 -1000 -10
264 15365 car 0 0 -1 596.9166179167777 176.7381547038502 625.9662982906372 205.10443426755998 -1 -1 -1 -1000 -1000 -1000 -10
265 15365 car 0 0 -1 596.084053956615 175.17558157017467 624.8359572782676 202.86518291738113 -1 -1 -1 -1000 -1000 -1000 -10
266 15365 car 0 0 -1 596.0126896308087 173.87288457638618 624.8249231067192 200.76940784894413 -1 -1 -1 -1000 -1000 -1000 -10
267 15365 car 0 0 -1 595.9919130926219 172.5810087274945 624.8266713583225 199.47923360295627 -1 -1 -1 -1000 -1000 -1000 -10
268 15365 car 0 0 -1 595.045968031337 171.8160777125588 624.4707498535813 199.28567138837082 -1 -1 -1 -1000 -1000 -1000 -10
269 15365 car 0 0 -1 594.4040252848779 174.06032325326134 623.9774981537091 201.9266119473458 -1 -1 -1 -1000 -1000 -1000 -10
270 15365 car 0 0 -1 593.6473397456497 178.03781109676683 623.6647927628022 207.00462766593043 -1 -1 -1 -1000 -1000 -1000 -10
271 15365 car 0 0 -1 592.8276193606104 180.18560201241627 623.4420454122152 210.25029117723125 -1 -1 -1 -1000 -1000 -1000 -10
272 15365 car 0 0 -1 591.3049099198414 180.97826515518162 622.6281816069192 212.13331450111505 -1 -1 -1 -1000 -1000 -1000 -10
273 15365 car 0 0 -1 590.9141845503868 180.70316435752167 622.153090622742 212.08333059569847 -1 -1 -1 -1000 -1000 -1000 -10
274 15365 car 0 0 -1 590.5193804040833 179.88003451228272 622.2434718574433 211.44136622286138 -1 -1 -1 -1000 -1000 -1000 -10
275 15365 car 0 0 -1 590.2968374111714 179.52222506266338 622.3743426206782 211.21290938228282 -1 -1 -1 -1000 -1000 -1000 -10
276 15365 car 0 0 -1 588.4767614692532 178.05196350292968 620.2641256559996 209.82451555077458 -1 -1 -1 -1000 -1000 -1000 -10
277 15365 car 0 0 -1 587.6608297830527 175.97245777771116 618.9606192151872 207.53657995686842 -1 -1 -1 -1000 -1000 -1000 -10
278 15365 car 0 0 -1 586.7986004501449 174.75902049538576 617.7447917217605 206.43362689577424 -1 -1 -1 -1000 -1000 -1000 -10
279 15365 car 0 0 -1 586.5523910818579 174.0885959362995 617.237853092345 205.57697381517443 -1 -1 -1 -1000 -1000 -1000 -10
280 15365 car 0 0 -1 586.9854307745775 173.6808840478746 617.2087839048038 204.76256872549703 -1 -1 -1 -1000 -1000 -1000 -10
281 15365 car 0 0 -1 586.7861124476384 172.95514866215728 616.9427827790272 203.73212559027354 -1 -1 -1 -1000 -1000 -1000 -10
282 15365 car 0 0 -1 586.463824981429 172.92484550461725 617.1195632824648 203.76547973154416 -1 -1 -1 -1000 -1000 -1000 -10
283 15365 car 0 0 -1 585.806131684123 172.72861343044886 617.0983290226367 203.32803802064976 -1 -1 -1 -1000 -1000 -1000 -10
284 15365 car 0 0 -1 585.9228422874263 172.04829605143613 617.4046169026923 202.4791673118038 -1 -1 -1 -1000 -1000 -1000 -10
285 15365 car 0 0 -1 585.9471512164805 172.48097082513698 617.5667175524704 202.7907042449852 -1 -1 -1 -1000 -1000 -1000 -10
286 15365 car 0 0 -1 586.4045543846862 172.86819720140457 617.8556156869442 203.35761772872624 -1 -1 -1 -1000 -1000 -1000 -10
287 15365 car 0 0 -1 586.8694124837874 172.95389501679745 617.69332520908 204.3016116307587 -1 -1 -1 -1000 -1000 -1000 -10
288 15365 car 0 0 -1 587.3386135940566 173.8689502017137 618.0078563209775 206.39964281211513 -1 -1 -1 -1000 -1000 -1000 -10
289 15365 car 0 0 -1 588.2256245617613 174.44574810311423 618.7372688656047 207.6234310901733 -1 -1 -1 -1000 -1000 -1000 -10
290 15365 car 0 0 -1 588.3313555521719 173.31763526139025 619.2535717617794 206.16635004431754 -1 -1 -1 -1000 -1000 -1000 -10
291 15365 car 0 0 -1 588.110711016184 172.10281056296017 619.0615538432905 204.43770296249372 -1 -1 -1 -1000 -1000 -1000 -10
292 15365 car 0 0 -1 587.7522051499253 170.43028834205197 619.2667076543147 202.38611692580642 -1 -1 -1 -1000 -1000 -1000 -10
293 15365 car 0 0 -1 588.6274304399842 170.8051306715265 620.2960766347612 201.91786436566048 -1 -1 -1 -1000 -1000 -1000 -10
294 15365 car 0 0 -1 588.7546125052268 171.92965711837692 620.2402759541537 202.73616565903845 -1 -1 -1 -1000 -1000 -1000 -10
295 15365 car 0 0 -1 589.2974445240616 172.61054352640468 620.3754912924567 203.4610587304798 -1 -1 -1 -1000 -1000 -1000 -10
296 15365 car 0 0 -1 590.0332168664072 173.06604906576058 620.5472603390749 204.20105957660024 -1 -1 -1 -1000 -1000 -1000 -10
297 15365 car 0 0 -1 590.4124524283345 172.99126437948993 620.50767780458 204.08091335187603 -1 -1 -1 -1000 -1000 -1000 -10
298 15365 car 0 0 -1 591.2795330672868 172.972210725806 621.0691205007474 204.0280692260214 -1 -1 -1 -1000 -1000 -1000 -10
299 15365 car 0 0 -1 591.8477220535855 174.08935401858605 621.6880098185324 204.84488450277456 -1 -1 -1 -1000 -1000 -1000 -10
300 15365 car 0 0 -1 592.702687151518 173.91166047614018 622.5782901580286 204.4505422688477 -1 -1 -1 -1000 -1000 -1000 -10
301 15365 car 0 0 -1 592.5491903887433 174.35068293091942 622.7268121480782 204.44464736211498 -1 -1 -1 -1000 -1000 -1000 -10
302 15365 car 0 0 -1 592.8954795913103 174.7758105566719 623.0155127190053 204.83485774568425 -1 -1 -1 -1000 -1000 -1000 -10
303 15365 car 0 0 -1 593.2188623130351 174.93983411586416 623.5707057072586 204.97671182594817 -1 -1 -1 -1000 -1000 -1000 -10
304 15365 car 0 0 -1 593.5666569377968 175.65971983524523 623.540195006264 205.67383968829077 -1 -1 -1 -1000 -1000 -1000 -10
305 15431 DontCare 0 0 -1 82.42926421389194 189.18394391660473 151.1044880178636 253.697750115762 -1 -1 -1 -1000 -1000 -1000 -10
305 15365 car 0 0 -1 593.7565643906644 176.5866202817933 623.454098445322 206.58388767375712 -1 -1 -1 -1000 -1000 -1000 -10
306 15365 car 0 0 -1 593.8690370940255 176.93597350414876 623.3652408051328 206.9208656441022 -1 -1 -1 -1000 -1000 -1000 -10
307 15365 car 0 0 -1 593.6658688317957 176.4069599308334 623.5628030477553 206.39053639660597 -1 -1 -1 -1000 -1000 -1000 -10
308 15365 car 0 0 -1 593.5118870775455 176.85306713101014 623.7013685838226 206.8357815752382 -1 -1 -1 -1000 -1000 -1000 -10
309 15365 car 0 0 -1 593.5857387786765 178.97424545955442 624.2625795591067 208.9601050060508 -1 -1 -1 -1000 -1000 -1000 -10
310 15365 car 0 0 -1 593.5225279779185 179.77059759631365 624.5551082922156 209.75873255164137 -1 -1 -1 -1000 -1000 -1000 -10
311 15365 car 0 0 -1 593.8935697107886 180.06217098655966 624.9120472513482 210.0483833883969 -1 -1 -1 -1000 -1000 -1000 -10
312 15365 car 0 0 -1 593.3777539581669 180.16044104628483 624.3859910337868 210.145299965156 -1 -1 -1 -1000 -1000 -1000 -10
313 15365 car 0 0 -1 592.9885900856441 180.84058178541733 623.715632977076 210.82083325523803 -1 -1 -1 -1000 -1000 -1000 -10
