0 15520 car 0 0 -1 284.0 183.0 527.0 287.0 -1 -1 -1 -1000 -1000 -1000 -10
1 15520 car 0 0 -1 212.29240916660606 182.88843898484026 482.719176930078 298.11046233357763 -1 -1 -1 -1000 -1000 -1000 -10
2 15520 car 0 0 -1 134.99224114348323 182.45469767595432 432.7227905325164 307.6621565044171 -1 -1 -1 -1000 -1000 -1000 -10
3 15520 car 0 0 -1 38.4328285445296 188.4382929626446 356.2165808046026 323.3574368167686 -1 -1 -1 -1000 -1000 -1000 -10
4 15520 car 0 0 -1 -15.048094369742756 192.27361831782258 315.49162856561543 337.1809489225565 -1 -1 -1 -1000 -1000 -1000 -10
5 15520 car 0 0 -1 -39.96497201898843 194.60224848121825 264.90954934605594 341.0064504648798 -1 -1 -1 -1000 -1000 -1000 -10
6 15520 car 0 0 -1 -55.693977659909066 204.74581845177158 200.7250739985576 350.0252958070631 -1 -1 -1 -1000 -1000 -1000 -10
7 15520 car 0 0 -1 -67.85184237020361 210.0698956838961 118.39671335788772 347.2575811718034 -1 -1 -1 -1000 -1000 -1000 -10
9 15521 car 0 0 -1 1046.3699867356106 184.24341687372697 1177.2811545455077 219.58011750294963 -1 -1 -1 -1000 -1000 -1000 -10
10 15521 car 0 0 -1 1015.457249128599 181.07244481368906 1147.886794549805 217.16890778640766 -1 -1 -1 -1000 -1000 -1000 -10
11 15521 car 0 0 -1 993.0469828104779 178.41103096873235 1114.8506432044546 213.68826404219993 -1 -1 -1 -1000 -1000 -1000 -10
12 15521 car 0 0 -1 956.8747023892663 179.30363083582782 1076.8331272295554 215.47542441852838 -1 -1 -1 -1000 -1000 -1000 -10
13 15521 car 0 0 -1 945.0806223169299 179.95227330223648 1053.1363684068244 214.44111781759946 -1 -1 -1 -1000 -1000 -1000 -10
16 15521 car 0 0 -1 871.8657295730696 178.69225888742037 972.7549429862021 210.32806962050543 -1 -1 -1 -1000 -1000 -1000 -10
17 15521 car 0 0 -1 851.3069740066237 177.01641521659616 948.9536293857727 208.07261965547798 -1 -1 -1 -1000 -1000 -1000 -10
18 15521 car 0 0 -1 831.620634770827 177.22317948005227 925.5349426103493 207.8197076526076 -1 -1 -1 -1000 -1000 -1000 -10
19 15521 car 0 0 -1 817.8034681759615 175.4331903811289 907.9801739381684 205.67484282152088 -1 -1 -1 -1000 -1000 -1000 -10
20 15521 car 0 0 -1 803.2776747444784 174.56018783308778 887.4723065954656 203.81578667537033 -1 -1 -1 -1000 -1000 -1000 -10
21 15521 car 0 0 -1 789.7511529062817 174.93147141372884 868.469931655274 203.15202414874608 -1 -1 -1 -1000 -1000 -1000 -10
22 15521 car 0 0 -1 777.8229667058866 175.23212912295776 854.0129308938523 202.81317409807895 -1 -1 -1 -1000 -1000 -1000 -10
23 15521 car 0 0 -1 764.9447152967309 175.84158140264876 836.1621129220539 202.25323540312544 -1 -1 -1 -1000 -1000 -1000 -10
24 15521 car 0 0 -1 753.684972014683 175.82371928235347 821.556920372171 201.6892874536132 -1 -1 -1 -1000 -1000 -1000 -10
25 15521 car 0 0 -1 743.7481264586628 175.79009274616615 807.4069099140794 200.8974943703635 -1 -1 -1 -1000 -1000 -1000 -10
26 15521 car 0 0 -1 733.528651095199 175.07816821838418 794.1490067784799 199.37782306683573 -1 -1 -1 -1000 -1000 -1000 -10
27 15521 car 0 0 -1 724.6489036043426 175.00980702847355 781.6887488782961 198.64837406957665 -1 -1 -1 -1000 -1000 -1000 -10
28 15521 car 0 0 -1 717.9338006103133 174.7740608799474 771.0908266969764 197.3201524038975 -1 -1 -1 -1000 -1000 -1000 -10
29 15521 car 0 0 -1 710.5487190238393 174.90775851058814 760.6657878718163 196.6402144272939 -1 -1 -1 -1000 -1000 -1000 -10
30 15521 car 0 0 -1 703.5991252643587 175.4373310309309 750.2124113400139 195.94905613727914 -1 -1 -1 -1000 -1000 -1000 -10
31 15521 car 0 0 -1 697.20128636053 174.95722321761772 741.2715187919819 195.10233346341036 -1 -1 -1 -1000 -1000 -1000 -10
32 15521 car 0 0 -1 692.0414045339722 174.87396216893777 733.7866237687698 194.72260587838 -1 -1 -1 -1000 -1000 -1000 -10
33 15521 car 0 0 -1 686.7023302361348 174.73675352752005 726.1433032591893 194.0699431414039 -1 -1 -1 -1000 -1000 -1000 -10
34 15521 car 0 0 -1 681.9683078244552 174.33443251644897 719.6764766240738 193.55659824188305 -1 -1 -1 -1000 -1000 -1000 -10
35 15521 car 0 0 -1 677.4140553653311 174.10352103435628 712.3512952444445 192.82322180281824 -1 -1 -1 -1000 -1000 -1000 -10
36 15521 car 0 0 -1 674.5708455909446 174.65456752334217 706.2791457647029 192.59554409635751 -1 -1 -1 -1000 -1000 -1000 -10
37 15521 car 0 0 -1 672.3287045429502 174.85174608917885 701.3403694724398 191.9016968493483 -1 -1 -1 -1000 -1000 -1000 -10
38 15522 car 0 0 -1 1018.4869000519203 172.3182469019876 1225.6951970953353 390.8590364243474 -1 -1 -1 -1000 -1000 -1000 -10
38 15521 car 0 0 -1 670.918981991142 176.0564225659735 697.4871281924133 191.84578951845725 -1 -1 -1 -1000 -1000 -1000 -10
39 15522 car 0 0 -1 971.1800131379014 171.17061162536166 1221.8998400877094 392.0473670331303 -1 -1 -1 -1000 -1000 -1000 -10
39 15521 car 0 0 -1 669.4278707911926 177.11146411595723 693.089158657921 191.254133350375 -1 -1 -1 -1000 -1000 -1000 -10
40 15522 car 0 0 -1 931.8088646383712 171.98736486989463 1220.1692738034735 389.8248177737823 -1 -1 -1 -1000 -1000 -1000 -10
41 15522 car 0 0 -1 897.0540504364972 174.836348135992 1220.5517327270063 390.33663742730994 -1 -1 -1 -1000 -1000 -1000 -10
42 15522 car 0 0 -1 858.1695957871034 177.68668647825308 1190.4219429808 385.81826330616974 -1 -1 -1 -1000 -1000 -1000 -10
43 15522 car 0 0 -1 821.9733143310497 175.5830227871125 1137.846540012949 369.2308306544814 -1 -1 -1 -1000 -1000 -1000 -10
44 15523 car 0 0 -1 1102.3144563133912 177.36081982420538 1230.9830432269744 338.1102645703629 -1 -1 -1 -1000 -1000 -1000 -10
44 15522 car 0 0 -1 793.3061056729161 172.467467831641 1084.950551949444 349.93168043132414 -1 -1 -1 -1000 -1000 -1000 -10
45 15523 car 0 0 -1 1069.3563537237403 171.5582215841772 1228.1059301099638 332.6488913163999 -1 -1 -1 -1000 -1000 -1000 -10
45 15522 car 0 0 -1 771.4175431820806 171.40994719696403 1035.586924890669 332.17009081912494 -1 -1 -1 -1000 -1000 -1000 -10
46 15523 car 0 0 -1 1040.0298842202983 169.53848127029872 1225.4743455623943 321.2290328964541 -1 -1 -1 -1000 -1000 -1000 -10
46 15522 car 0 0 -1 756.0242428838972 171.81833647634863 993.0124979379755 317.7350449717386 -1 -1 -1 -1000 -1000 -1000 -10
47 15523 car 0 0 -1 1012.6766705428129 168.08087355337415 1223.2770130932342 309.4598357009047 -1 -1 -1 -1000 -1000 -1000 -10
47 15522 car 0 0 -1 744.4661102607113 172.36788699266336 954.8323032472881 304.3127959377316 -1 -1 -1 -1000 -1000 -1000 -10
48 15523 car 0 0 -1 978.7419724496818 168.90268522057556 1194.7479761825682 296.93404623037156 -1 -1 -1 -1000 -1000 -1000 -10
48 15522 car 0 0 -1 734.7866732967491 174.24522409869914 921.0840044615238 292.6778722459252 -1 -1 -1 -1000 -1000 -1000 -10
49 15523 car 0 0 -1 947.4925738987506 169.00660854959563 1157.0225277207226 285.6349066155259 -1 -1 -1 -1000 -1000 -1000 -10
49 15522 car 0 0 -1 727.5752201276727 174.76288131115595 891.7664946158685 280.2598706556731 -1 -1 -1 -1000 -1000 -1000 -10
50 15523 car 0 0 -1 920.8437737775363 169.12737770453307 1118.9385969868092 275.17412482614054 -1 -1 -1 -1000 -1000 -1000 -10
50 15522 car 0 0 -1 721.8223289408757 177.055978235145 865.4478285328453 270.55442099108234 -1 -1 -1 -1000 -1000 -1000 -10
51 15523 car 0 0 -1 899.0276974271289 170.45247724847508 1083.1895769591301 267.8713063157209 -1 -1 -1 -1000 -1000 -1000 -10
51 15522 car 0 0 -1 717.2139270150763 178.46595346134916 842.8406529253125 261.43798680209505 -1 -1 -1 -1000 -1000 -1000 -10
52 15523 car 0 0 -1 880.7348450149779 171.94726050524963 1049.3251016966983 260.60706680727714 -1 -1 -1 -1000 -1000 -1000 -10
52 15522 car 0 0 -1 713.3578177456611 180.07725908656988 821.8528109695746 252.65685766821184 -1 -1 -1 -1000 -1000 -1000 -10
53 15523 car 0 0 -1 865.0779338230209 172.87418992365355 1018.860579176989 253.94845814829154 -1 -1 -1 -1000 -1000 -1000 -10
53 15522 car 0 0 -1 709.7879085929711 181.90449674577548 802.0196918522403 245.1667184629091 -1 -1 -1 -1000 -1000 -1000 -10
54 15523 car 0 0 -1 851.7905730392657 174.06064471052593 992.9110094699189 248.34420281009852 -1 -1 -1 -1000 -1000 -1000 -10
54 15522 car 0 0 -1 706.4134753549861 183.4397051551942 784.4028136659913 237.86944570241252 -1 -1 -1 -1000 -1000 -1000 -10
55 15524 car 0 0 -1 1120.153971634869 181.08677951626606 1229.9081613333271 355.0311215966847 -1 -1 -1 -1000 -1000 -1000 -10
55 15523 car 0 0 -1 840.1137471468012 174.718295034975 968.5367369396579 243.06848526078133 -1 -1 -1 -1000 -1000 -1000 -10
55 15522 car 0 0 -1 703.3414206199662 185.1672643890368 768.6125881462573 231.64067145900157 -1 -1 -1 -1000 -1000 -1000 -10
56 15524 car 0 0 -1 1086.1164941823404 173.54463467382524 1226.7070040037584 348.6039108181625 -1 -1 -1 -1000 -1000 -1000 -10
56 15523 car 0 0 -1 828.6877831656637 175.70501249675902 945.044310531127 238.6854312179429 -1 -1 -1 -1000 -1000 -1000 -10
56 15522 car 0 0 -1 700.4685868419112 187.13143951212732 753.9943285243307 225.6391147887532 -1 -1 -1 -1000 -1000 -1000 -10
57 15524 car 0 0 -1 1053.5423460329398 169.75668337363624 1222.450259853233 328.4349135358719 -1 -1 -1 -1000 -1000 -1000 -10
57 15523 car 0 0 -1 819.5868352352517 177.0077825421047 924.8666149491631 234.4226365704508 -1 -1 -1 -1000 -1000 -1000 -10
58 15524 car 0 0 -1 1025.2776458084813 169.1982114945177 1219.8250235482342 315.34129861074496 -1 -1 -1 -1000 -1000 -1000 -10
58 15523 car 0 0 -1 810.8455439623929 178.3330663141977 906.3885655104575 230.9373613482693 -1 -1 -1 -1000 -1000 -1000 -10
59 15526 car 0 0 -1 683.9304218784989 180.39851555528236 743.8352584819111 225.4252480509619 -1 -1 -1 -1000 -1000 -1000 -10
59 15525 car 0 0 -1 922.4123404749164 191.55043930283423 1232.8269994097589 379.1557516352859 -1 -1 -1 -1000 -1000 -1000 -10
59 15524 car 0 0 -1 997.1305495799481 169.35617728588582 1219.5060901420154 313.35473205903304 -1 -1 -1 -1000 -1000 -1000 -10
59 15523 car 0 0 -1 803.1244801969839 178.69418548419011 889.5688715882148 226.72587700138357 -1 -1 -1 -1000 -1000 -1000 -10
60 15526 car 0 0 -1 677.4625701235256 179.6102471335642 735.2756089602025 222.71373079408949 -1 -1 -1 -1000 -1000 -1000 -10
60 15525 car 0 0 -1 889.2682448819426 183.01104761646394 1232.3144367929674 380.2348740156918 -1 -1 -1 -1000 -1000 -1000 -10
60 15524 car 0 0 -1 972.771269906866 168.30874075140633 1216.7892467961403 300.370499339674 -1 -1 -1 -1000 -1000 -1000 -10
60 15523 car 0 0 -1 794.8894432862015 179.27542356770064 873.5506907983503 222.95228015810667 -1 -1 -1 -1000 -1000 -1000 -10
61 15526 car 0 0 -1 674.1055377483148 178.7034285740259 728.9542415844409 219.66916631817844 -1 -1 -1 -1000 -1000 -1000 -10
61 15525 car 0 0 -1 859.756799243793 183.41506139118954 1229.9178346822664 382.4312923561978 -1 -1 -1 -1000 -1000 -1000 -10
61 15524 car 0 0 -1 949.9058276936591 167.62552585239922 1184.839937611678 289.623108053472 -1 -1 -1 -1000 -1000 -1000 -10
61 15523 car 0 0 -1 788.5226107861713 179.67092910989354 858.9874512664669 219.6012326636364 -1 -1 -1 -1000 -1000 -1000 -10
62 15526 car 0 0 -1 670.334912812574 179.2164114618443 722.2064556535383 218.07350412100828 -1 -1 -1 -1000 -1000 -1000 -10
62 15525 car 0 0 -1 837.8825355101956 184.72646628595976 1228.2945828430118 383.1447331559656 -1 -1 -1 -1000 -1000 -1000 -10
62 15524 car 0 0 -1 928.6444068885452 169.43294529727092 1149.6072388896373 284.79267700621045 -1 -1 -1 -1000 -1000 -1000 -10
62 15523 car 0 0 -1 781.6781854993179 180.56849765121692 845.4425062061404 216.48090334960077 -1 -1 -1 -1000 -1000 -1000 -10
63 15526 car 0 0 -1 667.6257324140063 178.9471761747328 716.252557141737 215.97928711650601 -1 -1 -1 -1000 -1000 -1000 -10
63 15525 car 0 0 -1 801.8727864187662 187.38283056142998 1178.924621858579 381.45646070566386 -1 -1 -1 -1000 -1000 -1000 -10
63 15524 car 0 0 -1 903.6283375467464 168.8199456307178 1110.965238434349 272.6262981003125 -1 -1 -1 -1000 -1000 -1000 -10
63 15523 car 0 0 -1 776.1117556092541 181.090284501766 832.0732342851883 213.3469908870926 -1 -1 -1 -1000 -1000 -1000 -10
64 15526 car 0 0 -1 664.9204402355831 179.3980089725645 710.1824072739244 214.12384102287845 -1 -1 -1 -1000 -1000 -1000 -10
64 15525 car 0 0 -1 771.8240317565558 185.9151524472224 1119.493520179716 368.80893681179174 -1 -1 -1 -1000 -1000 -1000 -10
64 15524 car 0 0 -1 885.1503080364207 168.06256799752927 1077.3433809475648 258.338803048831 -1 -1 -1 -1000 -1000 -1000 -10
64 15523 car 0 0 -1 769.2267973895111 181.44658238005934 819.2078639956733 210.87420584483738 -1 -1 -1 -1000 -1000 -1000 -10
65 15526 car 0 0 -1 662.1554148469467 179.653990713825 704.1060413352574 212.10173268007753 -1 -1 -1 -1000 -1000 -1000 -10
65 15525 car 0 0 -1 748.3436934237121 182.53125677858537 1060.158757601632 350.14598714577 -1 -1 -1 -1000 -1000 -1000 -10
65 15524 car 0 0 -1 853.1472168492892 172.1648398594016 1038.3578100909767 258.3277610207034 -1 -1 -1 -1000 -1000 -1000 -10
65 15523 car 0 0 -1 764.016123029842 182.39724217160614 808.2331065756648 208.63894844274847 -1 -1 -1 -1000 -1000 -1000 -10
66 15526 car 0 0 -1 659.8788897801393 180.55884850934248 698.1781248850424 210.65040997270845 -1 -1 -1 -1000 -1000 -1000 -10
66 15525 car 0 0 -1 731.9779795288116 180.00783848955797 1007.9685562251316 332.67722607717684 -1 -1 -1 -1000 -1000 -1000 -10
66 15524 car 0 0 -1 836.3939530303107 173.20854156551357 1008.9890976969461 252.57570861665286 -1 -1 -1 -1000 -1000 -1000 -10
67 15526 car 0 0 -1 657.6077396121522 180.44243564746097 693.1334179474537 208.63644986117208 -1 -1 -1 -1000 -1000 -1000 -10
67 15525 car 0 0 -1 722.2280312611774 179.79732863088847 964.5900436849481 316.4507363433687 -1 -1 -1 -1000 -1000 -1000 -10
67 15524 car 0 0 -1 824.5078464875984 173.27755322966738 982.8039923923449 247.09799732787542 -1 -1 -1 -1000 -1000 -1000 -10
68 15527 car 0 0 -1 740.3156602217883 176.58885459057177 798.2148599906169 212.17598526142353 -1 -1 -1 -1000 -1000 -1000 -10
68 15526 car 0 0 -1 655.7009887946434 180.58251557273758 688.7023212436794 207.1151377583377 -1 -1 -1 -1000 -1000 -1000 -10
68 15525 car 0 0 -1 714.8672487439813 180.65693855205564 925.171686021817 302.53242718863595 -1 -1 -1 -1000 -1000 -1000 -10
68 15524 car 0 0 -1 806.4565931620218 173.95015035264578 954.5768378998243 242.71332629057412 -1 -1 -1 -1000 -1000 -1000 -10
69 15527 car 0 0 -1 735.0672432959224 177.31971344009207 792.0323842954223 213.34756975838923 -1 -1 -1 -1000 -1000 -1000 -10
69 15526 car 0 0 -1 654.1114530998411 181.24343526747313 684.9627048228465 206.0140539872597 -1 -1 -1 -1000 -1000 -1000 -10
69 15525 car 0 0 -1 708.7263485870069 181.8091043762209 890.1509722462501 289.6019617227321 -1 -1 -1 -1000 -1000 -1000 -10
69 15524 car 0 0 -1 798.6914251428868 173.69138927147628 932.0350458644912 237.2498933904535 -1 -1 -1 -1000 -1000 -1000 -10
70 15527 car 0 0 -1 730.0585197551794 175.6343434104176 787.4898318497764 210.04578119481408 -1 -1 -1 -1000 -1000 -1000 -10
70 15526 car 0 0 -1 650.418430989914 180.63980948681714 679.7070015636027 204.5345671933815 -1 -1 -1 -1000 -1000 -1000 -10
70 15525 car 0 0 -1 705.1096791782735 183.0169858531349 860.5816356706833 277.1020635763847 -1 -1 -1 -1000 -1000 -1000 -10
70 15524 car 0 0 -1 791.5137933856682 174.67095024276776 910.953227421153 233.0616283881843 -1 -1 -1 -1000 -1000 -1000 -10
71 15526 car 0 0 -1 647.9319067887501 180.39155179941324 675.844799140213 203.40321449865925 -1 -1 -1 -1000 -1000 -1000 -10
71 15525 car 0 0 -1 702.0279917210646 184.2974711717365 834.6840207271273 266.0355248341166 -1 -1 -1 -1000 -1000 -1000 -10
71 15524 car 0 0 -1 784.7594120157598 175.46381124234514 891.4708169371484 228.68427294103864 -1 -1 -1 -1000 -1000 -1000 -10
72 15531 car 0 0 -1 955.9243572168891 177.47294273906175 1230.903433306314 383.93934791556626 -1 -1 -1 -1000 -1000 -1000 -10
72 15526 car 0 0 -1 645.8111786475441 179.79737137794504 672.5878549968521 202.2226375721289 -1 -1 -1 -1000 -1000 -1000 -10
72 15525 car 0 0 -1 699.8500594789546 187.05044913390233 811.3299225864889 256.6958642958962 -1 -1 -1 -1000 -1000 -1000 -10
72 15524 car 0 0 -1 777.7882942519033 176.1895646692936 872.25256396063 224.21729120579573 -1 -1 -1 -1000 -1000 -1000 -10
73 15531 car 0 0 -1 920.0210724283811 173.9329306900147 1227.623205523923 385.07643053952563 -1 -1 -1 -1000 -1000 -1000 -10
73 15526 car 0 0 -1 643.6123836187145 179.2389885856746 668.4465098237898 200.19882046546812 -1 -1 -1 -1000 -1000 -1000 -10
73 15525 car 0 0 -1 698.6040257728173 189.008405686053 790.2079403189482 247.36904889874378 -1 -1 -1 -1000 -1000 -1000 -10
73 15524 car 0 0 -1 770.9505123436038 176.78976023515293 856.1374189450487 220.45992281058034 -1 -1 -1 -1000 -1000 -1000 -10
74 15531 car 0 0 -1 886.7322657616979 171.88616679134986 1225.2506507674661 385.03316429243716 -1 -1 -1 -1000 -1000 -1000 -10
74 15526 car 0 0 -1 641.9410092991048 179.75379329072592 665.375683118048 199.42712647135085 -1 -1 -1 -1000 -1000 -1000 -10
74 15525 car 0 0 -1 697.1689963978436 191.3692356390532 769.7075504011414 238.6429876936825 -1 -1 -1 -1000 -1000 -1000 -10
74 15524 car 0 0 -1 764.7301901529602 177.50033010819337 839.2653002727573 216.80232315181777 -1 -1 -1 -1000 -1000 -1000 -10
75 15531 car 0 0 -1 860.3156901419114 173.53007356252087 1224.9285501633524 385.81652353101924 -1 -1 -1 -1000 -1000 -1000 -10
75 15526 car 0 0 -1 640.7374200430049 179.7090117488998 663.0868640027356 198.77920051391237 -1 -1 -1 -1000 -1000 -1000 -10
75 15524 car 0 0 -1 758.0720481738715 178.14817631417282 824.0328300417375 213.93043536718795 -1 -1 -1 -1000 -1000 -1000 -10
76 15531 car 0 0 -1 836.5704120825718 173.46044878656565 1224.4821695144224 385.357704744285 -1 -1 -1 -1000 -1000 -1000 -10
76 15528 DontCare 0 0 -1 937.9145090365679 -27.24412413903994 1221.4501846477838 376.18399434032074 -1 -1 -1 -1000 -1000 -1000 -10
76 15527 car 0 0 -1 678.8355540726126 182.71544706940293 767.9914485451853 240.8787584788977 -1 -1 -1 -1000 -1000 -1000 -10
76 15526 car 0 0 -1 639.2245971932506 179.95372037686042 660.2547840536932 197.67228736137122 -1 -1 -1 -1000 -1000 -1000 -10
76 15524 car 0 0 -1 749.5275713220328 178.7231702705504 810.4384950276117 211.39415672104522 -1 -1 -1 -1000 -1000 -1000 -10
77 15531 car 0 0 -1 800.9061015319651 174.21312756649723 1178.051829871178 376.794124262847 -1 -1 -1 -1000 -1000 -1000 -10
77 15528 DontCare 0 0 -1 919.09211467331 -26.5199802984383 1226.2788072579447 356.5903817591576 -1 -1 -1 -1000 -1000 -1000 -10
77 15527 car 0 0 -1 672.0106170694999 180.50014540351484 759.0705489164711 239.3379396189699 -1 -1 -1 -1000 -1000 -1000 -10
77 15526 car 0 0 -1 637.4630653638901 180.5166536000755 657.9913455398566 196.8351109625248 -1 -1 -1 -1000 -1000 -1000 -10
77 15524 car 0 0 -1 743.7859732598552 178.89478017042558 798.4789542961207 208.69534397740307 -1 -1 -1 -1000 -1000 -1000 -10
78 15531 car 0 0 -1 770.5465476562638 172.3432992020514 1117.462681100083 360.13699451652883 -1 -1 -1 -1000 -1000 -1000 -10
78 15528 DontCare 0 0 -1 906.3157045860264 -24.74607261216346 1229.9315179179432 340.10784075528716 -1 -1 -1 -1000 -1000 -1000 -10
78 15527 car 0 0 -1 666.5304848159731 178.83832928714065 750.498042828898 236.83498239198656 -1 -1 -1 -1000 -1000 -1000 -10
78 15526 car 0 0 -1 636.2714509999132 180.42988016449797 655.2690336100675 195.55746893088664 -1 -1 -1 -1000 -1000 -1000 -10
78 15524 car 0 0 -1 739.9142431475707 179.33981443364874 788.2466169562003 206.1522940459815 -1 -1 -1 -1000 -1000 -1000 -10
79 15531 car 0 0 -1 748.3926229167771 170.67419457287377 1060.2189465882122 342.28629745191796 -1 -1 -1 -1000 -1000 -1000 -10
79 15528 DontCare 0 0 -1 887.3295197379842 -19.41658080820153 1230.6868518745957 326.99544950831717 -1 -1 -1 -1000 -1000 -1000 -10
79 15527 car 0 0 -1 662.3233730641631 177.76537842628525 742.6025812205299 234.25585384705667 -1 -1 -1 -1000 -1000 -1000 -10
79 15526 car 0 0 -1 635.0850731849465 180.21882692343578 652.5739455107386 194.64334868560272 -1 -1 -1 -1000 -1000 -1000 -10
79 15524 car 0 0 -1 737.9542067638074 180.64559832902034 779.3730515755444 204.20988602367697 -1 -1 -1 -1000 -1000 -1000 -10
80 15531 car 0 0 -1 732.2971551606155 170.35361028398927 1010.1700757863897 324.2008785399486 -1 -1 -1 -1000 -1000 -1000 -10
80 15528 DontCare 0 0 -1 865.7843377353454 -5.8856063726190655 1229.2013800325888 318.9493326524187 -1 -1 -1 -1000 -1000 -1000 -10
80 15527 car 0 0 -1 659.0183176334442 176.7556909809681 734.538636757294 231.8353757468676 -1 -1 -1 -1000 -1000 -1000 -10
80 15526 car 0 0 -1 633.5432263687784 180.1286415384037 649.5837561024586 193.6985763323292 -1 -1 -1 -1000 -1000 -1000 -10
81 15531 car 0 0 -1 721.8923820012546 170.96327869977566 967.4623616813096 308.3618882655701 -1 -1 -1 -1000 -1000 -1000 -10
81 15528 DontCare 0 0 -1 847.5130086002348 9.53397182751857 1221.9519862531072 307.21875546422757 -1 -1 -1 -1000 -1000 -1000 -10
81 15527 car 0 0 -1 655.4957408172565 176.23846718179587 727.6244445294485 229.69094786920576 -1 -1 -1 -1000 -1000 -1000 -10
82 15532 car 0 0 -1 719.2296180248215 175.04762400769266 770.3593138782446 206.9524524021632 -1 -1 -1 -1000 -1000 -1000 -10
82 15531 car 0 0 -1 713.7685203096784 171.67221842515437 928.656255781532 294.32330112723184 -1 -1 -1 -1000 -1000 -1000 -10
82 15528 DontCare 0 0 -1 822.0255578187914 20.224940792031532 1187.8232153038996 295.49728624823575 -1 -1 -1 -1000 -1000 -1000 -10
82 15527 car 0 0 -1 652.461848108303 176.44010944782596 721.2247227731566 227.79435179442632 -1 -1 -1 -1000 -1000 -1000 -10
83 15532 car 0 0 -1 714.6188736844001 176.45514803388932 761.3724552201984 205.391977754062 -1 -1 -1 -1000 -1000 -1000 -10
83 15531 car 0 0 -1 707.8939098625693 172.89489220712352 893.8444074984974 281.8344163048003 -1 -1 -1 -1000 -1000 -1000 -10
83 15528 DontCare 0 0 -1 799.5065628553682 30.906528236098055 1149.9609084750682 286.60804242965463 -1 -1 -1 -1000 -1000 -1000 -10
83 15527 car 0 0 -1 650.5483508624926 176.152686877028 715.3881363320678 224.79284761823462 -1 -1 -1 -1000 -1000 -1000 -10
84 15532 car 0 0 -1 710.600522986644 176.05937846160418 756.1661863174928 203.44020913708215 -1 -1 -1 -1000 -1000 -1000 -10
84 15531 car 0 0 -1 705.7768227709436 174.7037111476426 864.8180460043005 270.20617429822215 -1 -1 -1 -1000 -1000 -1000 -10
84 15528 DontCare 0 0 -1 782.9474359847493 40.98647358123419 1110.621401191932 280.01164523280096 -1 -1 -1 -1000 -1000 -1000 -10
84 15527 car 0 0 -1 648.4098419309796 175.70118124265667 709.7432577908833 222.02180479588895 -1 -1 -1 -1000 -1000 -1000 -10
85 15532 car 0 0 -1 705.9781758141379 176.82855407761505 751.1709323638239 203.46667743704975 -1 -1 -1 -1000 -1000 -1000 -10
85 15531 car 0 0 -1 701.9003251784882 176.85480958909693 837.0925618665055 260.1000590635752 -1 -1 -1 -1000 -1000 -1000 -10
85 15528 DontCare 0 0 -1 769.0639447142341 50.05798723924097 1072.3847568756512 273.0526619825913 -1 -1 -1 -1000 -1000 -1000 -10
85 15527 car 0 0 -1 646.3943840752008 175.7693609913685 703.9487644648466 220.08057991629403 -1 -1 -1 -1000 -1000 -1000 -10
86 15532 car 0 0 -1 702.4498856887387 176.31264018735533 749.1987422123357 202.86962609960926 -1 -1 -1 -1000 -1000 -1000 -10
86 15531 car 0 0 -1 699.2425651578217 179.24778994741 813.1478413647965 250.44889490233436 -1 -1 -1 -1000 -1000 -1000 -10
86 15528 DontCare 0 0 -1 761.2105621732461 60.128096024390075 1040.7953920075956 266.5220647611201 -1 -1 -1 -1000 -1000 -1000 -10
86 15527 car 0 0 -1 644.9802518228182 175.6361514766585 699.4963527161667 217.54985540287507 -1 -1 -1 -1000 -1000 -1000 -10
87 15531 car 0 0 -1 697.6282043870613 181.7182516368405 791.2728314616827 241.63064311505363 -1 -1 -1 -1000 -1000 -1000 -10
87 15528 DontCare 0 0 -1 755.5148907848219 68.235958556621 1013.1825925270542 259.84312185997294 -1 -1 -1 -1000 -1000 -1000 -10
87 15527 car 0 0 -1 642.1874392112627 176.32271667866192 693.8709486880507 215.87085018872042 -1 -1 -1 -1000 -1000 -1000 -10
88 15535 car 0 0 -1 960.4015006944993 156.54638338454424 1231.7796031246298 382.0437254654099 -1 -1 -1 -1000 -1000 -1000 -10
88 15531 car 0 0 -1 696.418832374337 184.18909131762663 771.392019270135 233.14472066214356 -1 -1 -1 -1000 -1000 -1000 -10
88 15528 DontCare 0 0 -1 747.577473890023 75.21130777359988 983.5678157986798 253.4800144084904 -1 -1 -1 -1000 -1000 -1000 -10
88 15527 car 0 0 -1 640.1632295993086 176.55450233614928 689.1167700727142 214.62989666434933 -1 -1 -1 -1000 -1000 -1000 -10
89 15535 car 0 0 -1 922.679020175605 149.49594799446666 1229.7061070068823 384.8141897546574 -1 -1 -1 -1000 -1000 -1000 -10
89 15528 DontCare 0 0 -1 742.8523902027191 83.5101087406121 960.2667267077927 248.0942858931994 -1 -1 -1 -1000 -1000 -1000 -10
89 15527 car 0 0 -1 637.7928804998201 176.74707216288925 685.3219755143393 213.4229998347834 -1 -1 -1 -1000 -1000 -1000 -10
90 15535 car 0 0 -1 889.92935641968 149.16675030246924 1226.8971755257207 386.0856365537187 -1 -1 -1 -1000 -1000 -1000 -10
90 15528 DontCare 0 0 -1 738.0821320887613 90.41285097234027 938.6371916344395 242.34416897076864 -1 -1 -1 -1000 -1000 -1000 -10
90 15527 car 0 0 -1 636.473268311376 176.06560703865225 682.6597403687714 211.12746543046316 -1 -1 -1 -1000 -1000 -1000 -10
91 15537 car 0 0 -1 676.6794102201455 176.16354353224492 755.0276520254391 229.54283102463674 -1 -1 -1 -1000 -1000 -1000 -10
91 15535 car 0 0 -1 861.3977778371298 147.6768224219674 1226.666768413236 386.0037638575417 -1 -1 -1 -1000 -1000 -1000 -10
91 15528 DontCare 0 0 -1 733.4013980812296 96.89624337620455 916.8470658554776 237.6437165867468 -1 -1 -1 -1000 -1000 -1000 -10
91 15527 car 0 0 -1 635.1673202910704 176.39050499047514 679.490149918993 209.70025526457695 -1 -1 -1 -1000 -1000 -1000 -10
92 15537 car 0 0 -1 674.1612826844962 176.5206322621719 745.6145395127296 226.2548017346008 -1 -1 -1 -1000 -1000 -1000 -10
92 15535 car 0 0 -1 837.6749097888795 147.59410526464566 1226.3558384394137 385.0870660949788 -1 -1 -1 -1000 -1000 -1000 -10
92 15528 DontCare 0 0 -1 729.7447552612937 101.84721053039823 898.5537795500181 233.39771985679505 -1 -1 -1 -1000 -1000 -1000 -10
92 15527 car 0 0 -1 634.4289127434339 176.65096997699973 676.2038641692674 208.39892549118215 -1 -1 -1 -1000 -1000 -1000 -10
93 15537 car 0 0 -1 670.1565502750898 175.88235985887707 736.1146533841718 222.38859425646024 -1 -1 -1 -1000 -1000 -1000 -10
93 15535 car 0 0 -1 803.324930092222 149.97943092446354 1182.9547131095367 377.66195324770393 -1 -1 -1 -1000 -1000 -1000 -10
93 15528 DontCare 0 0 -1 726.5145955846587 107.02052364059134 881.5129966558028 229.8217817854502 -1 -1 -1 -1000 -1000 -1000 -10
93 15527 car 0 0 -1 633.9086627362304 176.87465321962952 673.5101819940556 207.1581078451029 -1 -1 -1 -1000 -1000 -1000 -10
94 15537 car 0 0 -1 667.3029318406211 176.4148089676889 728.7564994327752 219.90463302175985 -1 -1 -1 -1000 -1000 -1000 -10
94 15535 car 0 0 -1 773.2491800782032 149.9123563799904 1126.452654074401 360.30437906531307 -1 -1 -1 -1000 -1000 -1000 -10
94 15528 DontCare 0 0 -1 723.7228380129432 111.27273126889321 867.2444913159336 226.19207936696216 -1 -1 -1 -1000 -1000 -1000 -10
94 15527 car 0 0 -1 631.5353810757867 177.52050262754221 668.3890523561558 206.15777219347348 -1 -1 -1 -1000 -1000 -1000 -10
95 15537 car 0 0 -1 663.2762494747291 176.59570454801968 720.6974207334821 217.10817868645307 -1 -1 -1 -1000 -1000 -1000 -10
95 15535 car 0 0 -1 751.1013706013848 151.87322658403934 1071.494996055175 344.0391116720912 -1 -1 -1 -1000 -1000 -1000 -10
95 15528 DontCare 0 0 -1 720.2168667229828 114.42779356409501 852.2490860892829 221.32372772430443 -1 -1 -1 -1000 -1000 -1000 -10
95 15527 car 0 0 -1 630.1299240943902 177.74004979252854 665.2408896405968 204.527790743513 -1 -1 -1 -1000 -1000 -1000 -10
96 15537 car 0 0 -1 660.5830044340671 176.33687745780327 714.1569844711412 214.51571897560558 -1 -1 -1 -1000 -1000 -1000 -10
96 15535 car 0 0 -1 734.4954995078344 152.5836461067097 1020.77469252338 326.88528630228836 -1 -1 -1 -1000 -1000 -1000 -10
96 15528 DontCare 0 0 -1 716.2633172321937 117.2192125904848 836.4580757756405 215.93331159917142 -1 -1 -1 -1000 -1000 -1000 -10
96 15527 car 0 0 -1 629.4038080374082 177.04219352725792 663.1781667676078 202.76093154744396 -1 -1 -1 -1000 -1000 -1000 -10
97 15537 car 0 0 -1 658.1022458498967 176.45625024013464 707.0020669360813 212.14357421994458 -1 -1 -1 -1000 -1000 -1000 -10
97 15535 car 0 0 -1 722.4658926520511 155.07163255156632 976.5638652540721 311.90892657504526 -1 -1 -1 -1000 -1000 -1000 -10
97 15528 DontCare 0 0 -1 715.0783412663208 120.49793183990656 824.5798689549443 211.68523820598105 -1 -1 -1 -1000 -1000 -1000 -10
97 15527 car 0 0 -1 628.4600919081687 177.64650812133868 660.6851117841999 202.5607234658653 -1 -1 -1 -1000 -1000 -1000 -10
98 15538 car 0 0 -1 992.8692067618377 177.02287369829776 1224.255089973604 389.7422181886683 -1 -1 -1 -1000 -1000 -1000 -10
98 15537 car 0 0 -1 655.8650333995249 177.10118810193873 700.7933228757006 210.1313961072402 -1 -1 -1 -1000 -1000 -1000 -10
98 15535 car 0 0 -1 714.8082919930345 157.31427081925654 938.1138371818507 298.6850772447014 -1 -1 -1 -1000 -1000 -1000 -10
98 15528 DontCare 0 0 -1 711.532312108336 123.80719273533276 812.3328078685739 208.029056857064 -1 -1 -1 -1000 -1000 -1000 -10
98 15527 car 0 0 -1 627.3571361008778 177.37582371609582 658.7463237184468 201.71214131232264 -1 -1 -1 -1000 -1000 -1000 -10
99 15538 car 0 0 -1 943.5956048059851 173.09046500343126 1220.8283054462797 389.6593387675358 -1 -1 -1 -1000 -1000 -1000 -10
99 15535 car 0 0 -1 710.0443016084109 159.5186406373292 905.1549828703405 286.0781749850511 -1 -1 -1 -1000 -1000 -1000 -10
99 15528 DontCare 0 0 -1 709.2553756465311 128.33771969196968 801.6584213441513 206.0010336358673 -1 -1 -1 -1000 -1000 -1000 -10
100 15539 car 0 0 -1 652.2259713819371 175.0620422844668 693.7734401446189 210.1144233388566 -1 -1 -1 -1000 -1000 -1000 -10
100 15538 car 0 0 -1 906.3260451577652 174.23623936622278 1221.4550765691417 389.4310640185711 -1 -1 -1 -1000 -1000 -1000 -10
100 15535 car 0 0 -1 706.4977643752247 162.50295897080068 876.0275356559707 274.897949603985 -1 -1 -1 -1000 -1000 -1000 -10
100 15528 DontCare 0 0 -1 707.1573706475403 130.92299470864327 791.8462829423056 201.76912845703936 -1 -1 -1 -1000 -1000 -1000 -10
101 15540 car 0 0 -1 854.1866142162163 176.1331496273805 923.8734328804679 205.80807943808227 -1 -1 -1 -1000 -1000 -1000 -10
101 15539 car 0 0 -1 650.7265561395068 175.35379690445743 690.1904981109467 208.6281892589046 -1 -1 -1 -1000 -1000 -1000 -10
101 15538 car 0 0 -1 871.6854549193823 176.26752026799625 1221.7256669285405 389.4598272122237 -1 -1 -1 -1000 -1000 -1000 -10
101 15535 car 0 0 -1 702.2557933613707 165.598015299238 850.0607690263266 265.0945630057345 -1 -1 -1 -1000 -1000 -1000 -10
101 15528 DontCare 0 0 -1 704.5902989563659 133.84992054373848 782.2053668801176 200.18966417545553 -1 -1 -1 -1000 -1000 -1000 -10
102 15540 car 0 0 -1 843.221057787727 175.47324059266353 924.130554006407 207.32890298122848 -1 -1 -1 -1000 -1000 -1000 -10
102 15539 car 0 0 -1 645.5001850963824 174.56329152857194 684.7597338527592 206.81761467832354 -1 -1 -1 -1000 -1000 -1000 -10
102 15538 car 0 0 -1 828.9482380694539 178.24078509494177 1176.1939145865788 382.6457697443956 -1 -1 -1 -1000 -1000 -1000 -10
102 15535 car 0 0 -1 700.3539524297279 168.151466574949 827.8548392685524 255.0686277832048 -1 -1 -1 -1000 -1000 -1000 -10
102 15528 DontCare 0 0 -1 701.263948190245 137.04622254382514 772.5201500835201 199.4769435327965 -1 -1 -1 -1000 -1000 -1000 -10
103 15540 car 0 0 -1 834.332022085468 175.63419472313132 918.1126344995832 208.1747108293506 -1 -1 -1 -1000 -1000 -1000 -10
103 15539 car 0 0 -1 642.9730141676704 174.42153322844288 681.223763816504 205.48699600089512 -1 -1 -1 -1000 -1000 -1000 -10
103 15538 car 0 0 -1 791.7908532705903 175.4620497106058 1115.1375755092065 364.3367684732442 -1 -1 -1 -1000 -1000 -1000 -10
103 15535 car 0 0 -1 698.4925819367214 171.56829455047713 806.5015341064474 246.51082620350647 -1 -1 -1 -1000 -1000 -1000 -10
103 15528 DontCare 0 0 -1 700.3153773466865 141.2860055452103 764.6915453589052 199.4514949373418 -1 -1 -1 -1000 -1000 -1000 -10
104 15541 car 0 0 -1 1044.1608004485147 176.1260236485786 1232.1951871923675 333.9346347269526 -1 -1 -1 -1000 -1000 -1000 -10
104 15539 car 0 0 -1 640.0474539426707 173.87732061943856 677.3927381020223 204.19345295550644 -1 -1 -1 -1000 -1000 -1000 -10
104 15538 car 0 0 -1 764.9014428079577 172.9533406508516 1056.6064462806178 345.05198872794097 -1 -1 -1 -1000 -1000 -1000 -10
104 15535 car 0 0 -1 700.293135174144 175.12875503053846 788.9491417694112 238.67967723924187 -1 -1 -1 -1000 -1000 -1000 -10
104 15528 DontCare 0 0 -1 699.7142228679828 144.17825747084876 757.4360619290711 198.8079632934342 -1 -1 -1 -1000 -1000 -1000 -10
105 15541 car 0 0 -1 1013.5729128556598 172.29091168117682 1227.1694460429524 323.29645845286495 -1 -1 -1 -1000 -1000 -1000 -10
105 15539 car 0 0 -1 638.2877604557787 173.7182559657301 674.2700413519121 203.09123555813116 -1 -1 -1 -1000 -1000 -1000 -10
105 15538 car 0 0 -1 746.4479114366709 171.7479577614282 1006.0244064833039 325.72893953869766 -1 -1 -1 -1000 -1000 -1000 -10
105 15535 car 0 0 -1 697.3752252376189 178.94343698577651 770.3182001140258 231.56428017812127 -1 -1 -1 -1000 -1000 -1000 -10
105 15528 DontCare 0 0 -1 697.16109417622 146.36553303024903 751.1371305515619 199.41988304513808 -1 -1 -1 -1000 -1000 -1000 -10
106 15541 car 0 0 -1 984.5496171461855 170.09326885044834 1223.6377670957863 309.90619917218487 -1 -1 -1 -1000 -1000 -1000 -10
106 15539 car 0 0 -1 636.987405794989 173.7067893405204 671.3368122339041 202.03938694801667 -1 -1 -1 -1000 -1000 -1000 -10
106 15538 car 0 0 -1 733.2559874675653 172.43075678303654 962.2693110017144 310.46819295149794 -1 -1 -1 -1000 -1000 -1000 -10
106 15528 DontCare 0 0 -1 695.4517298415915 148.14407667156286 745.5403604671276 198.68419686801786 -1 -1 -1 -1000 -1000 -1000 -10
107 15541 car 0 0 -1 955.7953986431171 169.13353117264765 1202.757606160515 297.1926746587835 -1 -1 -1 -1000 -1000 -1000 -10
107 15539 car 0 0 -1 635.2406546167464 174.2609222576743 667.712781589658 201.1658400857347 -1 -1 -1 -1000 -1000 -1000 -10
107 15538 car 0 0 -1 722.8787782599094 173.68570316806034 923.4438396832458 296.2089671235465 -1 -1 -1 -1000 -1000 -1000 -10
108 15542 car 0 0 -1 680.1874658149795 172.50148888295251 754.7549858081775 229.38112206768483 -1 -1 -1 -1000 -1000 -1000 -10
108 15541 car 0 0 -1 922.5552993473271 168.3028661400683 1161.2580031077173 284.2005622028771 -1 -1 -1 -1000 -1000 -1000 -10
108 15540 car 0 0 -1 806.315071120855 172.0700500299301 888.8222422259425 205.11583126797677 -1 -1 -1 -1000 -1000 -1000 -10
108 15539 car 0 0 -1 634.029206723222 174.40182828896002 664.4791089921945 199.62323489549954 -1 -1 -1 -1000 -1000 -1000 -10
108 15538 car 0 0 -1 715.7938030000129 174.85223777639882 890.0878244672946 282.6393203505492 -1 -1 -1 -1000 -1000 -1000 -10
109 15543 DontCare 0 0 -1 685.8601504180498 140.964756873858 740.7283994357371 196.9771370749047 -1 -1 -1 -1000 -1000 -1000 -10
109 15542 car 0 0 -1 677.2457404836409 173.05766192441487 748.4866718063636 226.85254618100114 -1 -1 -1 -1000 -1000 -1000 -10
109 15541 car 0 0 -1 895.9391548813746 169.412578812816 1119.1141519406506 273.3828502218624 -1 -1 -1 -1000 -1000 -1000 -10
109 15540 car 0 0 -1 806.6592549870679 172.31646488465816 885.3301333322552 204.51016493627236 -1 -1 -1 -1000 -1000 -1000 -10
109 15539 car 0 0 -1 632.8572575423277 174.54721044007374 662.210149665776 198.34260774135242 -1 -1 -1 -1000 -1000 -1000 -10
109 15538 car 0 0 -1 710.5182023762377 177.13975051694615 861.3810605045614 271.49338524986825 -1 -1 -1 -1000 -1000 -1000 -10
110 15543 DontCare 0 0 -1 681.3298773309568 141.44181832495033 734.967070597588 195.5137355498983 -1 -1 -1 -1000 -1000 -1000 -10
110 15542 car 0 0 -1 671.6355790975539 173.3610906540244 738.260949905838 223.79112661531667 -1 -1 -1 -1000 -1000 -1000 -10
110 15541 car 0 0 -1 875.9430636248226 171.21454305259323 1080.2734731111104 265.31939662572876 -1 -1 -1 -1000 -1000 -1000 -10
110 15540 car 0 0 -1 806.8059403778143 172.36602556431626 881.7417994906796 203.6849317608707 -1 -1 -1 -1000 -1000 -1000 -10
110 15539 car 0 0 -1 630.5087841213931 174.85152009222853 658.820401377515 197.66621384925114 -1 -1 -1 -1000 -1000 -1000 -10
110 15538 car 0 0 -1 707.581622279077 178.69895642023653 837.2427187925059 261.07658312208645 -1 -1 -1 -1000 -1000 -1000 -10
111 15543 DontCare 0 0 -1 676.6704438638923 141.20907687225468 730.2876791377627 193.97690017045926 -1 -1 -1 -1000 -1000 -1000 -10
111 15542 car 0 0 -1 668.4550947195381 172.8616784537713 732.7509340568253 221.33120956586893 -1 -1 -1 -1000 -1000 -1000 -10
111 15541 car 0 0 -1 857.8782557406405 172.80727493462217 1043.170790766028 257.9539052140228 -1 -1 -1 -1000 -1000 -1000 -10
111 15540 car 0 0 -1 805.5810325267007 172.47923205609203 879.4076689156664 203.30814492319416 -1 -1 -1 -1000 -1000 -1000 -10
111 15539 car 0 0 -1 627.8798170286908 174.4644277369354 655.5141801626038 196.63711616246766 -1 -1 -1 -1000 -1000 -1000 -10
111 15538 car 0 0 -1 703.9303951075015 180.62502909385722 814.2945063475981 252.2585849057523 -1 -1 -1 -1000 -1000 -1000 -10
112 15543 DontCare 0 0 -1 676.1775816735462 142.4966971203185 726.1373917084234 192.94142806277281 -1 -1 -1 -1000 -1000 -1000 -10
112 15542 car 0 0 -1 667.0675558867946 172.864541394988 727.5922532764604 219.03004745616755 -1 -1 -1 -1000 -1000 -1000 -10
112 15541 car 0 0 -1 842.4327601183371 174.34756241990027 1009.5259306175263 251.43067437541117 -1 -1 -1 -1000 -1000 -1000 -10
112 15540 car 0 0 -1 804.4514148375525 172.62234629625524 876.9013786938209 203.09129341663797 -1 -1 -1 -1000 -1000 -1000 -10
112 15539 car 0 0 -1 626.2686955755681 174.27294229471175 653.1019967323781 195.68035061422626 -1 -1 -1 -1000 -1000 -1000 -10
112 15538 car 0 0 -1 701.2203128998161 182.16838191726012 793.7416412145507 243.23296256735588 -1 -1 -1 -1000 -1000 -1000 -10
113 15543 DontCare 0 0 -1 675.5792929407409 143.51134364693385 722.0472730772236 191.3546977194014 -1 -1 -1 -1000 -1000 -1000 -10
113 15542 car 0 0 -1 664.3515589890962 172.72277049636835 721.6092922842477 216.39570874755998 -1 -1 -1 -1000 -1000 -1000 -10
113 15541 car 0 0 -1 829.8161409324242 175.24462581214704 979.2865869911917 245.12376115102376 -1 -1 -1 -1000 -1000 -1000 -10
113 15540 car 0 0 -1 803.3297819859782 172.53589175991794 876.3115636868196 202.51185229179197 -1 -1 -1 -1000 -1000 -1000 -10
113 15539 car 0 0 -1 624.5767160995977 174.81767213201553 650.8282525593129 195.4064755893622 -1 -1 -1 -1000 -1000 -1000 -10
113 15538 car 0 0 -1 699.41577844672 184.24841156298797 776.7076420584235 236.0612366024525 -1 -1 -1 -1000 -1000 -1000 -10
114 15543 DontCare 0 0 -1 672.2313287246659 145.2932797006776 717.1528936602517 192.90100605672956 -1 -1 -1 -1000 -1000 -1000 -10
114 15542 car 0 0 -1 663.0191770235484 172.90339198142917 717.5685637216117 214.64586768634499 -1 -1 -1 -1000 -1000 -1000 -10
114 15541 car 0 0 -1 820.0697414573262 176.73576484424717 953.096361713323 239.35649154134194 -1 -1 -1 -1000 -1000 -1000 -10
114 15540 car 0 0 -1 800.1707471081277 172.45429094066566 873.8395307034523 203.02245108171093 -1 -1 -1 -1000 -1000 -1000 -10
114 15539 car 0 0 -1 622.788073080054 175.1591203549281 648.66761587538 195.2085228009099 -1 -1 -1 -1000 -1000 -1000 -10
114 15538 car 0 0 -1 698.8345362063552 186.63769548924867 760.6614815207435 228.8106699627322 -1 -1 -1 -1000 -1000 -1000 -10
115 15543 DontCare 0 0 -1 669.5882643676723 145.01183422981018 714.4264012712197 193.0325197289552 -1 -1 -1 -1000 -1000 -1000 -10
115 15542 car 0 0 -1 658.6029545072385 172.99735410879023 710.2998327468935 212.73104367768215 -1 -1 -1 -1000 -1000 -1000 -10
115 15541 car 0 0 -1 810.7372770516569 177.36336913861228 928.9977223444461 234.18096688052455 -1 -1 -1 -1000 -1000 -1000 -10
116 15543 DontCare 0 0 -1 664.932562282261 145.48026207267714 710.6608925790695 194.5463310799832 -1 -1 -1 -1000 -1000 -1000 -10
116 15542 car 0 0 -1 656.8308474923881 173.17083488824608 708.1691800910803 211.98378931316591 -1 -1 -1 -1000 -1000 -1000 -10
116 15541 car 0 0 -1 801.6237202210111 178.36076688442338 906.8567894352354 229.82777443752175 -1 -1 -1 -1000 -1000 -1000 -10
117 15544 car 0 0 -1 683.5574035899714 179.14350055324323 750.2083531802945 226.91565243057337 -1 -1 -1 -1000 -1000 -1000 -10
117 15543 DontCare 0 0 -1 664.1370462856735 145.9654472737492 707.3036117103488 192.77429712630425 -1 -1 -1 -1000 -1000 -1000 -10
117 15542 car 0 0 -1 653.9220639363027 173.1156373067529 704.0044752681356 210.57850033141847 -1 -1 -1 -1000 -1000 -1000 -10
117 15541 car 0 0 -1 794.0968481765859 178.77877687373194 887.164126375037 225.15884924958402 -1 -1 -1 -1000 -1000 -1000 -10
118 15544 car 0 0 -1 679.2117345575726 179.18652611029196 741.9148182778098 224.39987660100505 -1 -1 -1 -1000 -1000 -1000 -10
118 15543 DontCare 0 0 -1 662.7202483433546 146.83923211180337 703.45559902441 191.4155280652048 -1 -1 -1 -1000 -1000 -1000 -10
118 15542 car 0 0 -1 652.6646957084489 173.86397789669758 700.9772751432705 210.02871704736003 -1 -1 -1 -1000 -1000 -1000 -10
118 15541 car 0 0 -1 787.2079964471629 178.94079425914393 868.9320055665378 220.38822521001558 -1 -1 -1 -1000 -1000 -1000 -10
119 15544 car 0 0 -1 674.4450291873048 179.29621306803847 733.7367485284084 222.26445300988917 -1 -1 -1 -1000 -1000 -1000 -10
119 15543 DontCare 0 0 -1 660.6670991336953 148.80256518648184 699.8164613204144 191.93077549194902 -1 -1 -1 -1000 -1000 -1000 -10
119 15542 car 0 0 -1 649.7931327591959 174.18807164760398 696.60859261584 209.1882150898718 -1 -1 -1 -1000 -1000 -1000 -10
119 15541 car 0 0 -1 782.0154673327747 180.45489645284732 853.6588122849364 217.40072683496203 -1 -1 -1 -1000 -1000 -1000 -10
120 15544 car 0 0 -1 671.297980559263 178.08147173227442 726.0909759941236 218.57760287895317 -1 -1 -1 -1000 -1000 -1000 -10
120 15543 DontCare 0 0 -1 659.9407747648098 149.43899974014516 697.3337238455496 190.89617237185195 -1 -1 -1 -1000 -1000 -1000 -10
120 15542 car 0 0 -1 648.6668261466201 173.98415225181392 692.6765661702005 207.93867284293262 -1 -1 -1 -1000 -1000 -1000 -10
120 15541 car 0 0 -1 776.9776869077991 182.04039785917388 839.253158388892 214.19522850496622 -1 -1 -1 -1000 -1000 -1000 -10
121 15544 car 0 0 -1 668.3131907204415 178.78204613061934 719.6391167694308 216.3935006654255 -1 -1 -1 -1000 -1000 -1000 -10
121 15543 DontCare 0 0 -1 657.7779274312205 150.4773049586194 693.9022054844467 191.6815027598583 -1 -1 -1 -1000 -1000 -1000 -10
121 15542 car 0 0 -1 647.4589825514815 174.0348680319614 688.9756676796699 206.0794344010324 -1 -1 -1 -1000 -1000 -1000 -10
121 15541 car 0 0 -1 772.3710370613092 183.8243404183028 824.7241610979222 210.7148263693239 -1 -1 -1 -1000 -1000 -1000 -10
122 15544 car 0 0 -1 665.4720977536595 179.48803758092623 714.159906075666 215.32862047932167 -1 -1 -1 -1000 -1000 -1000 -10
122 15543 DontCare 0 0 -1 656.6922370191159 150.1299835347527 691.7841369287945 190.07037463552567 -1 -1 -1 -1000 -1000 -1000 -10
122 15542 car 0 0 -1 645.9577412551283 174.54966401263778 684.9527747713472 204.28058107902694 -1 -1 -1 -1000 -1000 -1000 -10
123 15545 car 0 0 -1 804.6859631403687 175.49984306802972 864.9026403178708 206.6177752109006 -1 -1 -1 -1000 -1000 -1000 -10
123 15544 car 0 0 -1 662.037658699992 179.721723601702 708.2560159657079 213.72635663810522 -1 -1 -1 -1000 -1000 -1000 -10
123 15542 car 0 0 -1 643.253057109268 175.22598914111106 679.2627814017596 203.17471920715545 -1 -1 -1 -1000 -1000 -1000 -10
124 15546 car 0 0 -1 746.7620369078044 178.3032668264672 813.2391092400338 213.6968859932446 -1 -1 -1 -1000 -1000 -1000 -10
124 15545 car 0 0 -1 805.5830762561254 174.0071877234827 866.6435981428478 205.388568262117 -1 -1 -1 -1000 -1000 -1000 -10
124 15544 car 0 0 -1 659.6563208352804 179.28324254839313 703.6264017554461 211.73948125595896 -1 -1 -1 -1000 -1000 -1000 -10
124 15542 car 0 0 -1 641.5120839382652 176.45207409930543 675.4603340633581 203.15134280320655 -1 -1 -1 -1000 -1000 -1000 -10
125 15546 car 0 0 -1 739.7403048209661 176.63073605943882 804.4132595252214 211.67518489819318 -1 -1 -1 -1000 -1000 -1000 -10
125 15545 car 0 0 -1 805.3149143966814 173.4466214954518 866.8542603062754 204.49746071144736 -1 -1 -1 -1000 -1000 -1000 -10
125 15544 car 0 0 -1 656.9521502746118 179.2359455597436 698.7977911181056 210.31800177709036 -1 -1 -1 -1000 -1000 -1000 -10
125 15543 DontCare 0 0 -1 653.867776689377 151.33077831411018 684.0564963717945 189.12321830444088 -1 -1 -1 -1000 -1000 -1000 -10
125 15542 car 0 0 -1 640.7930615686721 177.0835522069695 673.6788496226661 203.021296883599 -1 -1 -1 -1000 -1000 -1000 -10
126 15548 DontCare 0 0 -1 1025.6968335790846 118.82698406894515 1230.6597425352413 360.7029248646131 -1 -1 -1 -1000 -1000 -1000 -10
126 15546 car 0 0 -1 734.6258024515888 176.41224613689639 796.6559863757483 211.0268239893815 -1 -1 -1 -1000 -1000 -1000 -10
126 15545 car 0 0 -1 803.8630706599723 173.46901258414428 866.7867375989969 204.845365365533 -1 -1 -1 -1000 -1000 -1000 -10
126 15544 car 0 0 -1 654.6084733839714 178.67575479044189 694.062747066384 208.42122146932564 -1 -1 -1 -1000 -1000 -1000 -10
126 15543 DontCare 0 0 -1 652.7545729585477 151.47012509966135 682.1253446594981 188.726494584151 -1 -1 -1 -1000 -1000 -1000 -10
126 15542 car 0 0 -1 638.8441708693772 176.535524427018 669.6806517486309 201.17710308037596 -1 -1 -1 -1000 -1000 -1000 -10
127 15548 DontCare 0 0 -1 992.7456184873798 116.08882220642704 1225.45594226967 347.3042204993334 -1 -1 -1 -1000 -1000 -1000 -10
127 15546 car 0 0 -1 729.923530871159 176.1288732362153 789.236637525158 209.68719423316256 -1 -1 -1 -1000 -1000 -1000 -10
127 15545 car 0 0 -1 803.8836587948776 173.3717616515782 866.9649486147161 204.4197052191352 -1 -1 -1 -1000 -1000 -1000 -10
127 15544 car 0 0 -1 652.2221902845308 177.9989069385352 690.1867135057701 206.9377595819237 -1 -1 -1 -1000 -1000 -1000 -10
127 15543 DontCare 0 0 -1 651.8014007898988 152.13741288115747 680.7821545631733 189.92522047012008 -1 -1 -1 -1000 -1000 -1000 -10
127 15542 car 0 0 -1 636.9116222244438 177.0786496140947 665.660582880183 200.41905218628378 -1 -1 -1 -1000 -1000 -1000 -10
128 15548 DontCare 0 0 -1 964.7836225028058 118.2994270292331 1222.562618551508 331.7370601975614 -1 -1 -1 -1000 -1000 -1000 -10
128 15546 car 0 0 -1 726.4555887969674 175.386716202645 782.9164257706253 207.84596492212523 -1 -1 -1 -1000 -1000 -1000 -10
128 15545 car 0 0 -1 802.2692737912722 173.35690124200073 866.5639979678461 204.2990961661639 -1 -1 -1 -1000 -1000 -1000 -10
128 15544 car 0 0 -1 650.7677012353911 178.23850999762914 686.9914900230954 205.9736815199576 -1 -1 -1 -1000 -1000 -1000 -10
128 15543 DontCare 0 0 -1 649.7551878778611 152.40079934613647 678.8478301537702 191.01773572993312 -1 -1 -1 -1000 -1000 -1000 -10
128 15542 car 0 0 -1 635.5513397572346 177.10927703647866 662.3720589366984 199.69030512125823 -1 -1 -1 -1000 -1000 -1000 -10
129 15548 DontCare 0 0 -1 938.0997793742429 121.79134196785242 1209.795084312101 315.0005475500273 -1 -1 -1 -1000 -1000 -1000 -10
129 15546 car 0 0 -1 722.5338080160006 175.22628688647944 775.6855414035313 206.5017520582643 -1 -1 -1 -1000 -1000 -1000 -10
129 15545 car 0 0 -1 801.517760741274 173.4095023964935 866.6009880556545 204.23775189474253 -1 -1 -1 -1000 -1000 -1000 -10
129 15544 car 0 0 -1 649.8179436867599 178.37218212756613 684.5360761303564 204.98789729596774 -1 -1 -1 -1000 -1000 -1000 -10
129 15542 car 0 0 -1 635.1131479393746 177.14892515743625 661.2674997566614 199.4213224186784 -1 -1 -1 -1000 -1000 -1000 -10
130 15548 DontCare 0 0 -1 905.1164456497205 126.45512771723662 1169.977265950069 300.02457786196663 -1 -1 -1 -1000 -1000 -1000 -10
130 15546 car 0 0 -1 718.1442106148984 175.90611555513243 768.4178170857338 206.06233807877578 -1 -1 -1 -1000 -1000 -1000 -10
130 15545 car 0 0 -1 800.7965391497567 173.44693093296559 867.0815784969677 204.22920090633278 -1 -1 -1 -1000 -1000 -1000 -10
130 15544 car 0 0 -1 647.8355728756787 178.54095124095113 680.2622148402977 203.91247139462553 -1 -1 -1 -1000 -1000 -1000 -10
131 15548 DontCare 0 0 -1 877.9904356490983 131.59482205869062 1126.1099421287536 287.63665913499176 -1 -1 -1 -1000 -1000 -1000 -10
131 15546 car 0 0 -1 714.4324047526153 176.68068874426774 762.3137373023254 205.45781645683604 -1 -1 -1 -1000 -1000 -1000 -10
131 15545 car 0 0 -1 800.3597098525242 173.49710896361864 867.4497553744397 204.21549836746243 -1 -1 -1 -1000 -1000 -1000 -10
131 15544 car 0 0 -1 645.3166604803536 179.2320255783432 676.7526062634116 203.60501856420325 -1 -1 -1 -1000 -1000 -1000 -10
132 15548 DontCare 0 0 -1 854.8133051960756 136.40987343463092 1083.3735470818956 275.917372882704 -1 -1 -1 -1000 -1000 -1000 -10
132 15546 car 0 0 -1 710.6583754315918 176.37605808719292 756.2526687142797 203.8726739410116 -1 -1 -1 -1000 -1000 -1000 -10
132 15545 car 0 0 -1 800.1984000376475 173.03549086484495 868.2714434527514 204.04354902959668 -1 -1 -1 -1000 -1000 -1000 -10
132 15544 car 0 0 -1 641.0097085252307 178.26510596997977 672.4816636244859 202.15034276981586 -1 -1 -1 -1000 -1000 -1000 -10
133 15548 DontCare 0 0 -1 838.1201671701343 140.4490020047379 1044.9775434904514 265.737508626448 -1 -1 -1 -1000 -1000 -1000 -10
133 15546 car 0 0 -1 706.7859297184239 176.50235200727536 750.2652404780724 203.09986552461908 -1 -1 -1 -1000 -1000 -1000 -10
133 15545 car 0 0 -1 799.7097031905125 173.35196931800652 867.6908605878298 204.1739484153091 -1 -1 -1 -1000 -1000 -1000 -10
133 15544 car 0 0 -1 637.4168927294213 177.47257451715097 669.1571712298994 201.4278768078131 -1 -1 -1 -1000 -1000 -1000 -10
134 15548 DontCare 0 0 -1 824.8839357476586 144.92539998546732 1009.8174692652399 256.71118284224497 -1 -1 -1 -1000 -1000 -1000 -10
134 15546 car 0 0 -1 703.2424843939689 176.51379293626914 745.2563688881755 202.23648924473113 -1 -1 -1 -1000 -1000 -1000 -10
134 15545 car 0 0 -1 798.92953497654 173.34282417688163 866.7564752353039 203.70522699724015 -1 -1 -1 -1000 -1000 -1000 -10
134 15544 car 0 0 -1 635.3093240856703 177.0052796694724 666.942276848867 200.72403160127462 -1 -1 -1 -1000 -1000 -1000 -10
134 15543 DontCare 0 0 -1 638.216740197371 153.42927881492514 667.1615548097972 193.73571465112795 -1 -1 -1 -1000 -1000 -1000 -10
135 15548 DontCare 0 0 -1 813.2755097333348 148.50653260855597 978.1521792329758 249.13296772426696 -1 -1 -1 -1000 -1000 -1000 -10
135 15546 car 0 0 -1 699.490290279126 176.01044827572596 740.2669174028912 201.1450974786986 -1 -1 -1 -1000 -1000 -1000 -10
135 15544 car 0 0 -1 634.6461046389894 177.26396902234086 664.912582250298 200.07816879050006 -1 -1 -1 -1000 -1000 -1000 -10
135 15543 DontCare 0 0 -1 636.7433276167767 153.7407206977684 665.5869996356396 194.14297326653858 -1 -1 -1 -1000 -1000 -1000 -10
136 15548 DontCare 0 0 -1 803.8469321925122 152.04308080491626 949.4849397175417 241.7733451113528 -1 -1 -1 -1000 -1000 -1000 -10
136 15546 car 0 0 -1 695.9830162566541 175.79249486107733 734.9476605047885 200.1504792792894 -1 -1 -1 -1000 -1000 -1000 -10
136 15544 car 0 0 -1 634.5742921672415 178.01651792604983 663.5494411834711 199.88696346507592 -1 -1 -1 -1000 -1000 -1000 -10
136 15543 DontCare 0 0 -1 635.1693005151989 155.4003803378978 662.870899264481 194.69878074322304 -1 -1 -1 -1000 -1000 -1000 -10
137 15548 DontCare 0 0 -1 796.0804541977554 154.7665730804702 923.6709233192817 234.60306289507565 -1 -1 -1 -1000 -1000 -1000 -10
137 15546 car 0 0 -1 693.0059867888866 176.33763575393849 730.373817623066 199.85496038197508 -1 -1 -1 -1000 -1000 -1000 -10
137 15544 car 0 0 -1 633.6985132202296 177.70148379758066 660.8322829253846 198.49951318161428 -1 -1 -1 -1000 -1000 -1000 -10
138 15548 DontCare 0 0 -1 788.2425894880399 157.82571490235688 900.2024694062821 228.82610767700947 -1 -1 -1 -1000 -1000 -1000 -10
138 15546 car 0 0 -1 690.1894978924005 175.86512777045127 726.1080530190371 198.49196054315266 -1 -1 -1 -1000 -1000 -1000 -10
139 15548 car 0 0 -1 782.1861815118507 161.0628045353738 879.6831815804103 224.16100295601132 -1 -1 -1 -1000 -1000 -1000 -10
139 15546 car 0 0 -1 688.577814104635 176.8279396783287 722.7719239886 198.19056038656035 -1 -1 -1 -1000 -1000 -1000 -10
140 15548 DontCare 0 0 -1 777.0543446454741 164.1867774910191 860.5978805548863 218.7566882029085 -1 -1 -1 -1000 -1000 -1000 -10
140 15546 car 0 0 -1 686.0862400303326 177.43975840568748 718.4804663736409 197.8682257173508 -1 -1 -1 -1000 -1000 -1000 -10
140 15545 car 0 0 -1 775.6586514125406 163.62312283012304 880.6756219563235 223.51304706155938 -1 -1 -1 -1000 -1000 -1000 -10
141 15548 car 0 0 -1 772.6682321812184 167.9041021033373 843.5456833944363 214.38938025304893 -1 -1 -1 -1000 -1000 -1000 -10
141 15546 car 0 0 -1 683.3884267940169 176.06863222951614 714.3425291252787 196.10420510091387 -1 -1 -1 -1000 -1000 -1000 -10
141 15545 DontCare 0 0 -1 766.7521292921732 162.69639030110145 869.8574605883692 223.88692908618017 -1 -1 -1 -1000 -1000 -1000 -10
142 15546 car 0 0 -1 681.2862628347233 176.1024415898998 710.8900106639752 195.57177986607576 -1 -1 -1 -1000 -1000 -1000 -10
142 15545 DontCare 0 0 -1 757.9388310835108 161.33157425461107 857.6121483515841 223.06586540003897 -1 -1 -1 -1000 -1000 -1000 -10
142 15543 car 0 0 -1 624.9405456416783 172.2837773514733 650.3463067769238 196.42135584003574 -1 -1 -1 -1000 -1000 -1000 -10
143 15546 car 0 0 -1 678.3923491882091 175.53446167562282 707.3946991569309 194.67811668605805 -1 -1 -1 -1000 -1000 -1000 -10
143 15545 car 0 0 -1 749.2557713127064 160.80497532761186 845.3548370346771 222.0986138941134 -1 -1 -1 -1000 -1000 -1000 -10
144 15550 car 0 0 -1 809.1531199120312 172.40923809783928 867.2585594637497 206.64938001698616 -1 -1 -1 -1000 -1000 -1000 -10
144 15549 car 0 0 -1 745.0349800185014 161.36202755895422 825.2015555069091 217.7557435396878 -1 -1 -1 -1000 -1000 -1000 -10
144 15546 car 0 0 -1 676.0180181293296 176.0449519343204 704.3626973663555 194.95834039603574 -1 -1 -1 -1000 -1000 -1000 -10
144 15545 DontCare 0 0 -1 741.3332480133341 159.83879770581012 833.7377260159602 220.5306903131874 -1 -1 -1 -1000 -1000 -1000 -10
145 15550 car 0 0 -1 809.7613471258301 173.6000040998992 866.3180904546673 204.90360075030617 -1 -1 -1 -1000 -1000 -1000 -10
145 15549 car 0 0 -1 738.8064730403612 162.80463570875997 814.0682681257665 215.82661981644537 -1 -1 -1 -1000 -1000 -1000 -10
145 15546 car 0 0 -1 675.0622976730972 175.94982862691444 702.238216758137 194.07895584938194 -1 -1 -1 -1000 -1000 -1000 -10
145 15545 DontCare 0 0 -1 735.3531383288633 160.12850503631182 823.3739231930098 219.28149823592514 -1 -1 -1 -1000 -1000 -1000 -10
146 15550 car 0 0 -1 806.9163963498639 173.4411914408135 865.763406798893 204.8460638474313 -1 -1 -1 -1000 -1000 -1000 -10
146 15549 car 0 0 -1 733.596789368553 163.37304961139208 804.5650631059551 213.659148123812 -1 -1 -1 -1000 -1000 -1000 -10
146 15546 car 0 0 -1 673.5229783360019 176.0678572463771 699.604422525917 193.62193767494549 -1 -1 -1 -1000 -1000 -1000 -10
146 15545 DontCare 0 0 -1 729.9792909484703 159.68250218194038 813.6521316586797 217.40915482980358 -1 -1 -1 -1000 -1000 -1000 -10
147 15550 car 0 0 -1 805.0148658464624 173.22949023811975 865.0547093599936 204.2195835646022 -1 -1 -1 -1000 -1000 -1000 -10
147 15549 DontCare 0 0 -1 729.3549912168332 163.66303532113358 796.2237744320412 211.46876623916734 -1 -1 -1 -1000 -1000 -1000 -10
147 15546 car 0 0 -1 671.2637741063958 176.21055687684867 696.6084647699398 193.3804603806352 -1 -1 -1 -1000 -1000 -1000 -10
148 15550 car 0 0 -1 802.4227041904576 173.7114134717559 863.9112477197705 204.1562017418058 -1 -1 -1 -1000 -1000 -1000 -10
148 15549 DontCare 0 0 -1 725.2260756993034 164.61368546835936 787.6486510192118 209.95832467582412 -1 -1 -1 -1000 -1000 -1000 -10
148 15546 car 0 0 -1 669.9851130150283 176.68946596081244 693.5197437555784 192.8917776496651 -1 -1 -1 -1000 -1000 -1000 -10
149 15550 car 0 0 -1 801.0798361732662 173.97386827439746 863.2803934059044 204.03488678138322 -1 -1 -1 -1000 -1000 -1000 -10
149 15549 DontCare 0 0 -1 720.9590088961949 164.9605032060291 779.8256177768723 208.09416098746055 -1 -1 -1 -1000 -1000 -1000 -10
149 15546 car 0 0 -1 668.361557688107 177.49200964744028 691.1051192107661 192.76429808932744 -1 -1 -1 -1000 -1000 -1000 -10
150 15550 car 0 0 -1 799.7760789659291 174.11224373847654 862.5570208786363 203.9399602258864 -1 -1 -1 -1000 -1000 -1000 -10
150 15549 DontCare 0 0 -1 715.5705547790204 165.1324724361672 772.6190869815808 206.75440990439026 -1 -1 -1 -1000 -1000 -1000 -10
151 15550 car 0 0 -1 799.1997149383865 174.1873428454416 862.4510458383022 203.87415462470415 -1 -1 -1 -1000 -1000 -1000 -10
151 15549 DontCare 0 0 -1 711.7825475829933 165.41017525578613 765.64472700629 205.43287080739887 -1 -1 -1 -1000 -1000 -1000 -10
152 15550 car 0 0 -1 798.4806209849871 174.05045899347098 862.3033237837319 203.33650636137392 -1 -1 -1 -1000 -1000 -1000 -10
152 15549 DontCare 0 0 -1 708.5966868922021 165.82152989874947 758.7120655805049 203.34780403995967 -1 -1 -1 -1000 -1000 -1000 -10
153 15550 car 0 0 -1 797.7896899583911 174.6975524141692 862.7236017907242 203.7716820026489 -1 -1 -1 -1000 -1000 -1000 -10
153 15549 DontCare 0 0 -1 705.4026128687582 166.86765109333862 752.6676817190929 202.40129412830862 -1 -1 -1 -1000 -1000 -1000 -10
154 15550 car 0 0 -1 796.6855992074834 174.96968916885845 862.4432870147493 203.90165831234242 -1 -1 -1 -1000 -1000 -1000 -10
154 15549 DontCare 0 0 -1 701.7785545135971 167.11552574825075 746.6906874082667 201.57627129650282 -1 -1 -1 -1000 -1000 -1000 -10
155 15550 car 0 0 -1 795.4768459717615 175.0891579039441 861.8505628204772 203.92707795042088 -1 -1 -1 -1000 -1000 -1000 -10
155 15549 DontCare 0 0 -1 698.1794017448082 167.19439133075534 741.1964126336974 200.66212439453946 -1 -1 -1 -1000 -1000 -1000 -10
156 15550 car 0 0 -1 793.9562020877763 175.12530704142895 861.4159771619111 203.93897838311543 -1 -1 -1 -1000 -1000 -1000 -10
156 15549 DontCare 0 0 -1 695.5396387913021 167.08614777657294 736.2378552863669 199.17554020960864 -1 -1 -1 -1000 -1000 -1000 -10
157 15550 car 0 0 -1 792.3782700090495 175.14781308662322 860.3250727599235 203.9285381771095 -1 -1 -1 -1000 -1000 -1000 -10
157 15549 DontCare 0 0 -1 692.1660519578323 167.66829873281137 731.897471723686 198.69132825708687 -1 -1 -1 -1000 -1000 -1000 -10
158 15550 car 0 0 -1 790.5771103638929 175.14954298075912 859.1934177019843 203.92593186483066 -1 -1 -1 -1000 -1000 -1000 -10
158 15549 DontCare 0 0 -1 689.171775797698 168.14699276606777 727.1164959781652 198.2881027040411 -1 -1 -1 -1000 -1000 -1000 -10
159 15550 car 0 0 -1 787.3048634247891 175.488952586367 854.1832876336546 203.58136968578063 -1 -1 -1 -1000 -1000 -1000 -10
159 15549 DontCare 0 0 -1 687.0668346500424 168.77510594045452 723.3795266449852 197.72219152646693 -1 -1 -1 -1000 -1000 -1000 -10
160 15550 car 0 0 -1 784.6009088047452 175.72543265259418 850.5381205119401 203.33866843984566 -1 -1 -1 -1000 -1000 -1000 -10
160 15549 DontCare 0 0 -1 684.5247692411289 168.55783228045996 719.4813032452195 196.68020823581938 -1 -1 -1 -1000 -1000 -1000 -10
161 15550 car 0 0 -1 782.9604046157215 176.37317115744958 847.8916207660964 203.3403968572806 -1 -1 -1 -1000 -1000 -1000 -10
161 15549 DontCare 0 0 -1 682.241863712892 167.99236412886953 715.7371268955325 195.48590952986015 -1 -1 -1 -1000 -1000 -1000 -10
162 15550 car 0 0 -1 779.9046932506981 176.24739632814453 844.1752126568595 203.05274270680542 -1 -1 -1 -1000 -1000 -1000 -10
162 15549 DontCare 0 0 -1 680.1591864937062 168.86781273151155 711.9353698850533 195.2842327341773 -1 -1 -1 -1000 -1000 -1000 -10
163 15550 car 0 0 -1 776.9364724870355 176.2211835837118 840.7494043771568 202.9178179556462 -1 -1 -1 -1000 -1000 -1000 -10
163 15549 DontCare 0 0 -1 678.3301186928186 169.215789627718 708.5758038350561 194.56612744228497 -1 -1 -1 -1000 -1000 -1000 -10
164 15550 car 0 0 -1 773.7485144059331 176.0639902756154 835.7354368324484 202.35646877734214 -1 -1 -1 -1000 -1000 -1000 -10
164 15549 DontCare 0 0 -1 677.0395886881806 170.04773346825723 705.5829275064336 194.27392976267336 -1 -1 -1 -1000 -1000 -1000 -10
165 15550 car 0 0 -1 771.0997654489785 175.5996532115777 832.1265226519155 201.892723409568 -1 -1 -1 -1000 -1000 -1000 -10
165 15549 DontCare 0 0 -1 675.9808662663088 170.42628496065174 702.687417196332 193.46894879370444 -1 -1 -1 -1000 -1000 -1000 -10
166 15550 car 0 0 -1 767.7034640910446 175.41910405296986 828.051999676526 201.72244598500154 -1 -1 -1 -1000 -1000 -1000 -10
166 15549 DontCare 0 0 -1 674.1554257910454 170.24766166466188 700.0151235800054 192.85237892368846 -1 -1 -1 -1000 -1000 -1000 -10
167 15550 car 0 0 -1 764.1622665830712 175.34026445125193 824.3249228639484 201.67132405796644 -1 -1 -1 -1000 -1000 -1000 -10
167 15549 DontCare 0 0 -1 671.5489657973288 169.61021670676175 696.5976868631134 191.900994045764 -1 -1 -1 -1000 -1000 -1000 -10
168 15550 car 0 0 -1 760.4105581028923 175.3203313282114 819.5876117706257 201.64554661167006 -1 -1 -1 -1000 -1000 -1000 -10
168 15549 DontCare 0 0 -1 668.7606272748628 168.91848203312037 693.4287470879653 191.35820917343653 -1 -1 -1 -1000 -1000 -1000 -10
169 15550 car 0 0 -1 757.2700576434278 175.31139937251095 815.7465355042438 201.64067331872621 -1 -1 -1 -1000 -1000 -1000 -10
170 15550 car 0 0 -1 753.2151766955064 175.11676978004274 811.4405441041424 201.17997308750918 -1 -1 -1 -1000 -1000 -1000 -10
171 15550 car 0 0 -1 749.6583047496133 174.4381205513459 807.4273177089806 200.30717505351475 -1 -1 -1 -1000 -1000 -1000 -10
172 15550 car 0 0 -1 746.4309489371923 174.23123525166827 802.7393724175776 199.931916360445 -1 -1 -1 -1000 -1000 -1000 -10
173 15550 car 0 0 -1 743.6046060482855 174.6504715224515 798.8321904863673 199.9543379639065 -1 -1 -1 -1000 -1000 -1000 -10
174 15550 car 0 0 -1 738.6101936813604 174.87591056792164 793.6273699060671 199.90546331282835 -1 -1 -1 -1000 -1000 -1000 -10
175 15550 car 0 0 -1 734.160395665769 174.8351795925845 787.8757807998842 199.3672354894182 -1 -1 -1 -1000 -1000 -1000 -10
176 15550 car 0 0 -1 730.827864342106 174.44535977659774 783.6305573278786 198.89115569968504 -1 -1 -1 -1000 -1000 -1000 -10
177 15550 car 0 0 -1 728.1493316879804 174.32319601093855 779.7346626574839 198.6930489262818 -1 -1 -1 -1000 -1000 -1000 -10
178 15550 car 0 0 -1 725.1351438830786 174.10881896422111 775.2502870374137 198.14229315789166 -1 -1 -1 -1000 -1000 -1000 -10
179 15550 car 0 0 -1 721.0989900494135 175.21045854665917 770.1315887336491 198.71950100038632 -1 -1 -1 -1000 -1000 -1000 -10
180 15550 car 0 0 -1 717.0765003825318 176.19397119206909 765.0277637127044 199.0346436688471 -1 -1 -1 -1000 -1000 -1000 -10
181 15550 car 0 0 -1 713.7142034114346 176.03363172879173 760.5871543685395 198.38503672957975 -1 -1 -1 -1000 -1000 -1000 -10
182 15550 car 0 0 -1 710.6998631081522 176.5294650009366 755.6521156738772 198.2364903323104 -1 -1 -1 -1000 -1000 -1000 -10
183 15550 car 0 0 -1 707.1216787135847 176.8348332245269 751.2271159136872 198.0654256972116 -1 -1 -1 -1000 -1000 -1000 -10
184 15550 car 0 0 -1 703.8850410217776 177.68907942652723 747.0950899490088 198.56966231024697 -1 -1 -1 -1000 -1000 -1000 -10
185 15550 car 0 0 -1 701.4371362077467 178.0767115491281 743.7222292142852 198.69711696791063 -1 -1 -1 -1000 -1000 -1000 -10
186 15550 car 0 0 -1 699.3999335193977 178.54873186917956 739.871167697096 198.41716458228206 -1 -1 -1 -1000 -1000 -1000 -10
187 15550 car 0 0 -1 697.3377440547249 178.81717782480146 736.0150829114023 198.8703668403127 -1 -1 -1 -1000 -1000 -1000 -10
188 15550 car 0 0 -1 694.8563190271145 179.9859397470955 731.9100156140187 199.92939692909593 -1 -1 -1 -1000 -1000 -1000 -10
189 15550 car 0 0 -1 692.8293255600393 180.90496083209422 728.4002392355401 200.5003487194133 -1 -1 -1 -1000 -1000 -1000 -10
190 15550 car 0 0 -1 690.2821763479238 181.31588109016315 724.5005480109672 200.64151350018858 -1 -1 -1 -1000 -1000 -1000 -10
191 15550 car 0 0 -1 686.8590580595721 182.17149364168122 719.8224617419507 201.28595753672803 -1 -1 -1 -1000 -1000 -1000 -10
192 15550 car 0 0 -1 684.0897438301843 181.40504278359 716.4754442627577 200.64598194963347 -1 -1 -1 -1000 -1000 -1000 -10
193 15550 car 0 0 -1 680.4820570080852 182.0098715826973 712.1094405333625 200.79713195356638 -1 -1 -1 -1000 -1000 -1000 -10
194 15553 DontCare 0 0 -1 463.4930259814151 171.90165075055273 494.9892270817068 200.23601791003193 -1 -1 -1 -1000 -1000 -1000 -10
194 15550 car 0 0 -1 676.7266024864571 182.50069116065546 707.8391778715554 201.23300184855967 -1 -1 -1 -1000 -1000 -1000 -10
195 15553 DontCare 0 0 -1 458.73864829067594 172.49014758382367 491.67691748685417 201.24546466045194 -1 -1 -1 -1000 -1000 -1000 -10
195 15550 car 0 0 -1 673.352772594151 183.346943595344 703.8237296414304 202.02997574521896 -1 -1 -1 -1000 -1000 -1000 -10
196 15553 DontCare 0 0 -1 455.4477153886107 172.92298647250496 488.39458559785356 202.00655359615556 -1 -1 -1 -1000 -1000 -1000 -10
196 15550 car 0 0 -1 669.6987448495844 184.1282174791214 699.67929361484 202.50862280230936 -1 -1 -1 -1000 -1000 -1000 -10
197 15553 DontCare 0 0 -1 452.2466017441074 175.24524605154187 484.7339686688775 204.39325822200146 -1 -1 -1 -1000 -1000 -1000 -10
197 15550 car 0 0 -1 665.8770230538864 184.65484038252245 695.5486823779602 203.09359267103272 -1 -1 -1 -1000 -1000 -1000 -10
198 15553 DontCare 0 0 -1 448.74390638973216 177.36865987861495 481.2794230165807 206.6411940073296 -1 -1 -1 -1000 -1000 -1000 -10
199 15553 DontCare 0 0 -1 444.27833173763656 177.66704833463595 477.3691909831032 207.78862693689322 -1 -1 -1 -1000 -1000 -1000 -10
200 15553 DontCare 0 0 -1 440.0803705977701 178.12336927637577 473.3863104230231 208.4300277707333 -1 -1 -1 -1000 -1000 -1000 -10
201 15553 DontCare 0 0 -1 434.84129406522567 177.3224208032361 469.17359591350004 208.86179376331003 -1 -1 -1 -1000 -1000 -1000 -10
202 15553 DontCare 0 0 -1 430.58346265261446 176.2081796525703 464.8708107860374 208.41583255159853 -1 -1 -1 -1000 -1000 -1000 -10
203 15553 DontCare 0 0 -1 425.4937613557844 175.11165421819507 460.40464296334915 208.20064301133957 -1 -1 -1 -1000 -1000 -1000 -10
203 15550 car 0 0 -1 644.3224451518164 185.76975179712252 669.3388626778243 202.6895189416379 -1 -1 -1 -1000 -1000 -1000 -10
204 15553 DontCare 0 0 -1 420.8590220086574 174.39746612293428 455.7866742712711 207.71369981738238 -1 -1 -1 -1000 -1000 -1000 -10
204 15550 car 0 0 -1 641.6097140474895 184.0881564682046 667.0584340416341 201.57760623086887 -1 -1 -1 -1000 -1000 -1000 -10
205 15553 DontCare 0 0 -1 416.4944550531215 174.03064959900271 452.3439741437293 207.5959131868179 -1 -1 -1 -1000 -1000 -1000 -10
205 15550 car 0 0 -1 639.0482596686661 183.5152276008209 664.037712949382 200.44267901648553 -1 -1 -1 -1000 -1000 -1000 -10
206 15553 DontCare 0 0 -1 411.9091109658309 173.16872105893452 449.0058713754805 206.93005423369112 -1 -1 -1 -1000 -1000 -1000 -10
206 15550 car 0 0 -1 636.9581239453873 182.2680284336824 661.6320413638709 199.0824888845001 -1 -1 -1 -1000 -1000 -1000 -10
207 15553 DontCare 0 0 -1 408.82247845350713 172.65447997402336 446.759180453257 206.1910351517479 -1 -1 -1 -1000 -1000 -1000 -10
207 15550 car 0 0 -1 636.1635228162012 181.63838655956522 660.2968326433091 198.07471490016326 -1 -1 -1 -1000 -1000 -1000 -10
208 15553 DontCare 0 0 -1 406.99115866715135 172.67346706018645 445.5415681681171 206.34550926372918 -1 -1 -1 -1000 -1000 -1000 -10
208 15550 car 0 0 -1 635.5792533363856 180.99539861020156 659.6390185949876 197.4544399765395 -1 -1 -1 -1000 -1000 -1000 -10
209 15553 DontCare 0 0 -1 405.34509254081235 171.02100150629212 444.985335647824 205.42939209410105 -1 -1 -1 -1000 -1000 -1000 -10
209 15550 car 0 0 -1 635.7665685816712 180.58078264432385 659.1848701160745 196.7511683586779 -1 -1 -1 -1000 -1000 -1000 -10
210 15553 DontCare 0 0 -1 404.8552689552702 170.9317955805551 445.5418177917455 205.8557099483465 -1 -1 -1 -1000 -1000 -1000 -10
211 15553 DontCare 0 0 -1 404.760394013648 171.1712572744866 446.53935486979606 207.0565203068935 -1 -1 -1 -1000 -1000 -1000 -10
212 15553 DontCare 0 0 -1 406.80267701189376 171.10281843708415 449.62141938951385 207.66946129521236 -1 -1 -1 -1000 -1000 -1000 -10
213 15553 DontCare 0 0 -1 410.4239774140907 170.83540026821754 454.65693139343125 208.79347428122173 -1 -1 -1 -1000 -1000 -1000 -10
214 15553 DontCare 0 0 -1 415.7728834296618 172.2850418301262 461.2267053516338 210.93402466924454 -1 -1 -1 -1000 -1000 -1000 -10
215 15553 DontCare 0 0 -1 422.86830077892705 172.25365535258084 469.2024847080676 211.66086772240573 -1 -1 -1 -1000 -1000 -1000 -10
216 15553 DontCare 0 0 -1 432.83406657311485 173.05941535201225 480.02900763943427 212.4086939434075 -1 -1 -1 -1000 -1000 -1000 -10
217 15553 DontCare 0 0 -1 444.48346545658273 172.23831697642643 492.5894768276237 211.83855869126901 -1 -1 -1 -1000 -1000 -1000 -10
218 15553 DontCare 0 0 -1 458.2060519899486 170.92325240238625 507.57317323799975 211.3002188353757 -1 -1 -1 -1000 -1000 -1000 -10
219 15553 DontCare 0 0 -1 473.5739232070901 169.1751132253312 523.8513800031328 210.3728260113054 -1 -1 -1 -1000 -1000 -1000 -10
220 15553 DontCare 0 0 -1 492.01872298970636 167.26645580160925 542.664431950334 209.3019370647841 -1 -1 -1 -1000 -1000 -1000 -10
221 15553 DontCare 0 0 -1 511.78662400942375 166.201520630904 563.5081258467515 208.5874794651937 -1 -1 -1 -1000 -1000 -1000 -10
222 15553 DontCare 0 0 -1 532.7804977246926 164.98869504103675 585.6168476246528 208.48328016104773 -1 -1 -1 -1000 -1000 -1000 -10
223 15553 DontCare 0 0 -1 555.3237569179763 162.51730818674866 610.9520151878093 207.20401586083483 -1 -1 -1 -1000 -1000 -1000 -10
224 15553 DontCare 0 0 -1 579.4281195305908 160.47145409351066 637.1009959618633 206.54084553221344 -1 -1 -1 -1000 -1000 -1000 -10
225 15553 DontCare 0 0 -1 604.0420752067508 160.34021109166892 662.8953059408083 207.63190564080455 -1 -1 -1 -1000 -1000 -1000 -10
226 15553 DontCare 0 0 -1 630.0289644547207 159.30661604641602 691.2052438306172 208.4060911410076 -1 -1 -1 -1000 -1000 -1000 -10
227 15553 DontCare 0 0 -1 657.7433106205552 159.4597948828481 721.1369694192741 210.13909166391937 -1 -1 -1 -1000 -1000 -1000 -10
228 15553 DontCare 0 0 -1 686.8880847904449 159.8043675060159 752.7798824680314 212.49077124048583 -1 -1 -1 -1000 -1000 -1000 -10
229 15553 DontCare 0 0 -1 717.6096307649117 158.2010714199688 785.907321871418 213.1710223513718 -1 -1 -1 -1000 -1000 -1000 -10
230 15553 DontCare 0 0 -1 751.2715837788925 156.06541339959935 822.3893707149076 213.0053797834232 -1 -1 -1 -1000 -1000 -1000 -10
231 15553 DontCare 0 0 -1 785.2533791272745 153.32389113622116 859.538947159604 212.27317793708033 -1 -1 -1 -1000 -1000 -1000 -10
232 15553 DontCare 0 0 -1 822.4356755041872 149.1320261975761 900.2938368143828 211.2474764753994 -1 -1 -1 -1000 -1000 -1000 -10
233 15553 DontCare 0 0 -1 861.0472823931854 146.3705158186209 944.061410249337 212.05824494139455 -1 -1 -1 -1000 -1000 -1000 -10
234 15553 DontCare 0 0 -1 902.0999481870964 143.01757495215344 990.8837223543311 212.75000820140673 -1 -1 -1 -1000 -1000 -1000 -10
235 15553 DontCare 0 0 -1 947.379666900584 140.0102133297773 1042.6351512154858 214.13569435750435 -1 -1 -1 -1000 -1000 -1000 -10
236 15553 DontCare 0 0 -1 996.8684766917565 137.89124686750435 1098.1005118909773 215.68332628708853 -1 -1 -1 -1000 -1000 -1000 -10
237 15553 DontCare 0 0 -1 1051.340625019854 134.12475837265774 1159.2882051687566 217.97064766469404 -1 -1 -1 -1000 -1000 -1000 -10
238 15563 DontCare 0 0 -1 1117.226967853584 123.06169335433393 1244.76386296371 225.4677035156362 -1 -1 -1 -1000 -1000 -1000 -10
238 15553 DontCare 0 0 -1 1108.6791485974252 128.8857680426898 1222.1742267162815 219.42579581537058 -1 -1 -1 -1000 -1000 -1000 -10
239 15563 DontCare 0 0 -1 1172.1125974908023 126.8797087255739 1264.986845811071 221.4545803827828 -1 -1 -1 -1000 -1000 -1000 -10
239 15553 DontCare 0 0 -1 1159.9610317207002 131.96527427858376 1258.0794606321292 224.0977293701049 -1 -1 -1 -1000 -1000 -1000 -10
246 15565 DontCare 0 0 -1 56.797339484550065 157.74849390309444 188.99702109468154 218.52679182419044 -1 -1 -1 -1000 -1000 -1000 -10
247 15565 DontCare 0 0 -1 81.58529671152934 157.45228473246652 218.2803434139289 218.9765075752549 -1 -1 -1 -1000 -1000 -1000 -10
248 15565 DontCare 0 0 -1 107.29141729181906 158.04591604265985 249.85914777109372 220.62126166168795 -1 -1 -1 -1000 -1000 -1000 -10
249 15565 DontCare 0 0 -1 129.9149415047603 160.2014982275184 275.82827019552883 222.76598378907437 -1 -1 -1 -1000 -1000 -1000 -10
250 15565 DontCare 0 0 -1 145.3765418400396 159.72180872894683 287.09894736167325 222.5040540670734 -1 -1 -1 -1000 -1000 -1000 -10
251 15565 DontCare 0 0 -1 165.8241117651374 159.42903694355286 308.4046071100523 223.13278268656998 -1 -1 -1 -1000 -1000 -1000 -10
258 15571 DontCare 0 0 -1 152.31866900313358 149.96256664222534 331.97528488481146 223.09597506274423 -1 -1 -1 -1000 -1000 -1000 -10
259 15571 DontCare 0 0 -1 134.8670726906422 149.27509362444047 322.56882534512766 224.22846809238118 -1 -1 -1 -1000 -1000 -1000 -10
260 15571 DontCare 0 0 -1 122.38500043770541 146.90538242774468 316.02571365331346 223.47718117149677 -1 -1 -1 -1000 -1000 -1000 -10
261 15571 DontCare 0 0 -1 107.46776181105376 143.5567322810494 308.9169881601154 222.85201650408567 -1 -1 -1 -1000 -1000 -1000 -10
262 15571 DontCare 0 0 -1 65.02580772177461 141.77315660600803 289.1919737484143 225.46630022102877 -1 -1 -1 -1000 -1000 -1000 -10
263 15571 DontCare 0 0 -1 59.50191975578905 141.35447632606864 285.1768850169469 226.91686174024713 -1 -1 -1 -1000 -1000 -1000 -10
264 15573 DontCare 0 0 -1 709.7741566783162 150.6524522300545 759.8941387128183 209.17859766076697 -1 -1 -1 -1000 -1000 -1000 -10
264 15571 DontCare 0 0 -1 41.83514709973866 140.85646574872766 275.9679544705594 229.86857456377516 -1 -1 -1 -1000 -1000 -1000 -10
265 15571 DontCare 0 0 -1 25.34893068043003 138.28560306745305 272.8817756262604 230.6310458078123 -1 -1 -1 -1000 -1000 -1000 -10
266 15571 DontCare 0 0 -1 5.533614305791161 133.48355969354884 262.98147208147157 230.0571548608121 -1 -1 -1 -1000 -1000 -1000 -10
267 15571 DontCare 0 0 -1 -6.882599096925972 125.88316211856595 253.98151600541973 226.98784571985402 -1 -1 -1 -1000 -1000 -1000 -10
268 15571 DontCare 0 0 -1 -11.041495308491179 121.65048802427647 248.44785349485034 223.29313146317395 -1 -1 -1 -1000 -1000 -1000 -10
269 15571 DontCare 0 0 -1 -12.411073190382865 121.09586463485043 245.10170907509587 225.60010259103012 -1 -1 -1 -1000 -1000 -1000 -10
