0 15985 DontCare 0 0 -1 0.0 188.0 35.0 239.0 -1 -1 -1 -1000 -1000 -1000 -10
0 15984 car 0 0 -1 423.0 180.0 462.0 205.0 -1 -1 -1 -1000 -1000 -1000 -10
0 15983 car 0 0 -1 347.0 181.0 394.0 209.0 -1 -1 -1 -1000 -1000 -1000 -10
0 15982 car 0 0 -1 603.0 175.0 686.0 238.0 -1 -1 -1 -1000 -1000 -1000 -10
1 15984 car 0 0 -1 415.8033006926719 180.13249125110818 458.1977979889102 207.86720910846034 -1 -1 -1 -1000 -1000 -1000 -10
1 15983 car 0 0 -1 337.41002994862185 180.3815737040142 385.591767893967 210.618326415842 -1 -1 -1 -1000 -1000 -1000 -10
1 15982 car 0 0 -1 597.7997580985368 175.15329320287995 678.2015403433329 236.84680667726386 -1 -1 -1 -1000 -1000 -1000 -10
2 15984 car 0 0 -1 404.292109353281 180.95928018417368 450.2383572546715 210.98164324186558 -1 -1 -1 -1000 -1000 -1000 -10
2 15983 car 0 0 -1 325.47368674279727 179.97541295060824 378.5865359790018 212.9656632951428 -1 -1 -1 -1000 -1000 -1000 -10
2 15982 car 0 0 -1 595.6242235307229 176.2319790464406 674.9059910422588 237.591555330236 -1 -1 -1 -1000 -1000 -1000 -10
3 15984 car 0 0 -1 393.6118538614185 182.80425106749323 445.8759564597419 216.53896793656708 -1 -1 -1 -1000 -1000 -1000 -10
3 15983 car 0 0 -1 311.25146675346184 182.19187262707493 368.7117959340977 216.99851529832034 -1 -1 -1 -1000 -1000 -1000 -10
3 15982 car 0 0 -1 593.0684382920817 178.78826685780535 671.7251820748636 239.61807759710325 -1 -1 -1 -1000 -1000 -1000 -10
4 15984 car 0 0 -1 380.1780350910014 182.2736475623684 439.71121366291464 219.59569228121381 -1 -1 -1 -1000 -1000 -1000 -10
4 15983 car 0 0 -1 295.3632837876041 182.85835970654276 356.4928150617247 219.41525942472916 -1 -1 -1 -1000 -1000 -1000 -10
4 15982 car 0 0 -1 590.1664620414919 180.12515131094895 667.9427639829806 240.17777872277085 -1 -1 -1 -1000 -1000 -1000 -10
5 15984 car 0 0 -1 360.887350433476 182.97297769109755 427.1390910631049 223.86515941250954 -1 -1 -1 -1000 -1000 -1000 -10
5 15983 car 0 0 -1 277.18806391531274 183.29015955111663 343.40901828111095 222.70484749230184 -1 -1 -1 -1000 -1000 -1000 -10
5 15982 car 0 0 -1 588.7372464046332 180.5269722090884 666.1371585486158 240.22505223238585 -1 -1 -1 -1000 -1000 -1000 -10
6 15984 car 0 0 -1 338.02141089345326 183.37005897192427 413.848859532988 229.19334524765674 -1 -1 -1 -1000 -1000 -1000 -10
6 15983 car 0 0 -1 256.99162652006214 184.13610576768897 328.6381142783122 226.49391525459848 -1 -1 -1 -1000 -1000 -1000 -10
6 15982 car 0 0 -1 585.7982664668883 180.76308048517706 661.8646187163866 240.0238343468074 -1 -1 -1 -1000 -1000 -1000 -10
7 15984 car 0 0 -1 309.3660798694939 186.90388762544478 394.65779285184385 237.202876458851 -1 -1 -1 -1000 -1000 -1000 -10
7 15983 car 0 0 -1 232.70123008750687 185.82148057952634 314.0549648374768 232.52790792128258 -1 -1 -1 -1000 -1000 -1000 -10
7 15982 car 0 0 -1 582.5312485325985 181.59878503091645 658.6925244141305 241.20473737092286 -1 -1 -1 -1000 -1000 -1000 -10
8 15984 car 0 0 -1 269.7230845320081 188.9335657454409 371.6432395274711 245.94186669409294 -1 -1 -1 -1000 -1000 -1000 -10
8 15983 car 0 0 -1 201.15776722791855 187.60514869105296 292.44971060533476 238.13218607888675 -1 -1 -1 -1000 -1000 -1000 -10
8 15982 car 0 0 -1 580.4585322222839 182.5553382940935 655.9775400575726 242.27269445950512 -1 -1 -1 -1000 -1000 -1000 -10
9 15984 car 0 0 -1 214.31124419374072 189.72218822934747 338.3710125117695 256.26966804291 -1 -1 -1 -1000 -1000 -1000 -10
9 15983 car 0 0 -1 164.4315356340224 187.5602900138549 274.4969208326989 244.0590234016442 -1 -1 -1 -1000 -1000 -1000 -10
9 15982 car 0 0 -1 578.9553611017208 182.71743464646693 653.2778616074412 242.09945825312002 -1 -1 -1 -1000 -1000 -1000 -10
10 15984 car 0 0 -1 136.07152036650456 189.79517013588224 295.31177026715596 270.0921220905505 -1 -1 -1 -1000 -1000 -1000 -10
10 15982 car 0 0 -1 578.5195517626082 182.123755641655 651.7285287515465 241.27645206973204 -1 -1 -1 -1000 -1000 -1000 -10
11 15984 car 0 0 -1 43.42645241713403 191.32856873515715 239.79139397752778 290.11850593042254 -1 -1 -1 -1000 -1000 -1000 -10
11 15982 car 0 0 -1 576.1458323150238 181.11755953306982 647.5671107740669 239.69814694052468 -1 -1 -1 -1000 -1000 -1000 -10
12 15984 car 0 0 -1 -13.150044920723602 203.89601767798388 177.37835214155513 317.18226360198025 -1 -1 -1 -1000 -1000 -1000 -10
12 15982 car 0 0 -1 574.126107592882 180.81363055964908 644.0194362872472 239.00095071584474 -1 -1 -1 -1000 -1000 -1000 -10
13 15984 car 0 0 -1 -42.915944437135536 197.1730539169332 111.37866718232873 311.84336656814054 -1 -1 -1 -1000 -1000 -1000 -10
13 15982 car 0 0 -1 571.7671498858994 181.0399849224034 640.5139744677905 238.37854860849654 -1 -1 -1 -1000 -1000 -1000 -10
14 15982 car 0 0 -1 570.084778097216 180.31595792460743 637.544216961661 237.6180122794445 -1 -1 -1 -1000 -1000 -1000 -10
15 15982 car 0 0 -1 567.1107652981319 178.70404449659736 633.6843161640342 236.02470764287585 -1 -1 -1 -1000 -1000 -1000 -10
16 15982 car 0 0 -1 565.7107220091 177.9449059767638 630.7208097098226 234.9162260770154 -1 -1 -1 -1000 -1000 -1000 -10
17 15982 car 0 0 -1 564.6696663522138 177.25046938557165 628.3306931724684 234.2576984597896 -1 -1 -1 -1000 -1000 -1000 -10
18 15982 car 0 0 -1 562.3144461734478 177.59073167845068 625.6322668276064 234.73261579746045 -1 -1 -1 -1000 -1000 -1000 -10
19 15982 car 0 0 -1 560.7582748726952 177.99971433286453 623.4845182602419 234.6466361760559 -1 -1 -1 -1000 -1000 -1000 -10
20 15982 car 0 0 -1 560.1472582538762 178.42888127231026 622.2098046189959 235.00584322212137 -1 -1 -1 -1000 -1000 -1000 -10
21 15982 car 0 0 -1 559.6083492991738 178.76349653546603 621.5435489314973 235.63279126012182 -1 -1 -1 -1000 -1000 -1000 -10
22 15982 car 0 0 -1 559.4939024336811 178.83180440224777 621.3539129234766 235.93352820363066 -1 -1 -1 -1000 -1000 -1000 -10
23 15982 car 0 0 -1 559.8173352593974 178.8369820376865 621.0554701952733 236.07018296035957 -1 -1 -1 -1000 -1000 -1000 -10
24 15982 car 0 0 -1 560.5886759626025 179.28713358081762 621.0747359367468 236.3286251673262 -1 -1 -1 -1000 -1000 -1000 -10
25 15982 car 0 0 -1 561.2284464744954 178.34754638734688 621.5025538277317 235.5753620437194 -1 -1 -1 -1000 -1000 -1000 -10
26 15982 car 0 0 -1 562.5253880242395 177.41971713718257 622.0182341322717 233.90082447003832 -1 -1 -1 -1000 -1000 -1000 -10
27 15982 car 0 0 -1 563.1802183309094 176.72526400627555 622.1379144607081 232.96132687432214 -1 -1 -1 -1000 -1000 -1000 -10
28 15982 car 0 0 -1 564.2047462171586 176.50379053376764 622.7886637181603 232.575627477127 -1 -1 -1 -1000 -1000 -1000 -10
29 15982 car 0 0 -1 565.1531511067792 175.80584092475905 623.1935071876862 231.7517287229979 -1 -1 -1 -1000 -1000 -1000 -10
30 15982 car 0 0 -1 567.1063658750445 174.43300548104418 625.0738301442918 230.6040459746756 -1 -1 -1 -1000 -1000 -1000 -10
31 15982 car 0 0 -1 567.4172739827121 174.98936067300156 625.6061613360715 231.07178582449944 -1 -1 -1 -1000 -1000 -1000 -10
32 15982 car 0 0 -1 569.0967947772264 176.54604971997333 626.889535778468 232.53848837839996 -1 -1 -1 -1000 -1000 -1000 -10
33 15982 car 0 0 -1 570.9542118662732 177.73245005163022 628.1382909714234 232.51405336753203 -1 -1 -1 -1000 -1000 -1000 -10
34 15982 car 0 0 -1 572.4037468979839 178.2914235767708 629.1851801993259 233.05578162289095 -1 -1 -1 -1000 -1000 -1000 -10
35 15982 car 0 0 -1 573.6813882064341 178.31630960219218 630.1630809801868 232.79822228935268 -1 -1 -1 -1000 -1000 -1000 -10
36 15982 car 0 0 -1 574.2181307243042 178.18609947284943 630.4770812162043 232.1878894934825 -1 -1 -1 -1000 -1000 -1000 -10
37 15982 car 0 0 -1 574.9191372012947 177.56960264539538 630.7422721399164 231.21929671037333 -1 -1 -1 -1000 -1000 -1000 -10
38 15982 car 0 0 -1 576.0808670961471 176.92031416662599 631.8948480769316 230.61904404875924 -1 -1 -1 -1000 -1000 -1000 -10
39 15982 car 0 0 -1 577.1790376594864 177.60291404543582 632.9661383595495 230.7771150696715 -1 -1 -1 -1000 -1000 -1000 -10
40 15982 car 0 0 -1 578.0540860207664 177.95785555705115 633.5472784097517 230.75042911469833 -1 -1 -1 -1000 -1000 -1000 -10
41 15982 car 0 0 -1 577.9546605217848 178.15206491050813 633.5224867771855 230.687319311143 -1 -1 -1 -1000 -1000 -1000 -10
42 15982 car 0 0 -1 577.8794085464064 177.8009887337465 633.5265109613587 230.44035393776338 -1 -1 -1 -1000 -1000 -1000 -10
43 15982 car 0 0 -1 577.8125084444728 178.4886349663836 633.5447711358063 231.48994772624803 -1 -1 -1 -1000 -1000 -1000 -10
44 15982 car 0 0 -1 578.2422069467355 178.9707079599874 633.7301310294456 231.67090487073546 -1 -1 -1 -1000 -1000 -1000 -10
45 15982 car 0 0 -1 577.952062409769 179.5691385159873 633.5823488678454 232.62964974590184 -1 -1 -1 -1000 -1000 -1000 -10
46 15982 car 0 0 -1 578.100727359973 180.01952970076974 633.250227677569 232.76683035117776 -1 -1 -1 -1000 -1000 -1000 -10
47 15982 car 0 0 -1 578.2306940327205 179.58645818361154 633.0359200790392 232.11041780580214 -1 -1 -1 -1000 -1000 -1000 -10
48 15982 car 0 0 -1 577.4833927208248 178.99855744364697 631.779297044374 231.6262067569835 -1 -1 -1 -1000 -1000 -1000 -10
49 15982 car 0 0 -1 577.1008996743811 179.22183004006723 630.7390154233846 231.64706322569663 -1 -1 -1 -1000 -1000 -1000 -10
50 15982 car 0 0 -1 577.0659169755137 179.9926134620091 630.2307829285309 232.27468198598933 -1 -1 -1 -1000 -1000 -1000 -10
51 15982 car 0 0 -1 576.6590137530019 180.48783380550174 629.7787200606748 232.96088232893408 -1 -1 -1 -1000 -1000 -1000 -10
52 15982 car 0 0 -1 576.3305209447943 180.4545069326343 629.1303662841257 232.7836871024916 -1 -1 -1 -1000 -1000 -1000 -10
53 15982 car 0 0 -1 575.8006885572552 179.61637732182072 628.6410813718703 231.5757946300809 -1 -1 -1 -1000 -1000 -1000 -10
54 15982 car 0 0 -1 574.9448873023894 179.1729175095702 627.8112456164044 230.58602802579145 -1 -1 -1 -1000 -1000 -1000 -10
55 15982 car 0 0 -1 573.5040620412266 178.91097035323543 626.6636403173433 229.652925152639 -1 -1 -1 -1000 -1000 -1000 -10
56 15982 car 0 0 -1 571.8746370508533 177.34767475732812 624.7141225304036 228.15638435945058 -1 -1 -1 -1000 -1000 -1000 -10
57 15982 car 0 0 -1 570.6599559928942 176.2825029063514 623.2872785057733 227.41813942167306 -1 -1 -1 -1000 -1000 -1000 -10
58 15982 car 0 0 -1 569.3182518931319 177.76892248284486 622.3505563289689 229.182473013937 -1 -1 -1 -1000 -1000 -1000 -10
59 15982 car 0 0 -1 568.8503556253319 180.73245750219672 621.3354084824299 232.03854234301025 -1 -1 -1 -1000 -1000 -1000 -10
60 15982 car 0 0 -1 567.9439740241355 183.8391218919333 619.7572671709584 235.0594958381319 -1 -1 -1 -1000 -1000 -1000 -10
61 15982 car 0 0 -1 566.6214197946762 183.5232531203912 618.2173946717313 234.4196197500284 -1 -1 -1 -1000 -1000 -1000 -10
62 15982 car 0 0 -1 565.062939283122 178.68602666280424 616.7742023855214 229.0750016324148 -1 -1 -1 -1000 -1000 -1000 -10
63 15982 car 0 0 -1 564.4633907404082 173.38542176479362 616.2827814669395 223.9731237525203 -1 -1 -1 -1000 -1000 -1000 -10
64 15982 car 0 0 -1 563.5697741249999 171.72830118960763 615.5068068150158 223.01061027452818 -1 -1 -1 -1000 -1000 -1000 -10
65 15982 car 0 0 -1 563.4385377454211 175.18182924851226 615.7071179632213 226.44018051693274 -1 -1 -1 -1000 -1000 -1000 -10
66 15990 car 0 0 -1 1086.0234265181778 170.17457277602193 1182.6809157716445 206.7664270598732 -1 -1 -1 -1000 -1000 -1000 -10
66 15982 car 0 0 -1 562.5162785479499 177.6358852752893 614.7447504709669 228.59155883214316 -1 -1 -1 -1000 -1000 -1000 -10
67 15990 car 0 0 -1 1105.715374724382 170.87070498160267 1207.1416432419637 208.237143883003 -1 -1 -1 -1000 -1000 -1000 -10
67 15982 car 0 0 -1 562.0065689465187 177.97554797129544 613.9320957839143 228.70747367392363 -1 -1 -1 -1000 -1000 -1000 -10
68 15990 car 0 0 -1 1125.2001919434672 167.44768760922048 1237.371879073409 209.77175430260465 -1 -1 -1 -1000 -1000 -1000 -10
68 15982 car 0 0 -1 561.8876524194045 176.83804545203023 613.5957323890434 227.40984470139213 -1 -1 -1 -1000 -1000 -1000 -10
69 15990 car 0 0 -1 1141.6999048024045 166.1981793409176 1243.780615941882 206.65223469778056 -1 -1 -1 -1000 -1000 -1000 -10
69 15982 car 0 0 -1 561.9051188281902 176.2479584510268 613.4507058406999 226.42839361593596 -1 -1 -1 -1000 -1000 -1000 -10
70 15982 car 0 0 -1 562.8896189730298 175.44973672884234 613.7658372856043 225.3354590573824 -1 -1 -1 -1000 -1000 -1000 -10
71 15991 car 0 0 -1 488.2661991946744 179.16306460550328 516.7345649038845 199.77808805010363 -1 -1 -1 -1000 -1000 -1000 -10
71 15982 car 0 0 -1 563.3973623205021 175.20575941130932 613.7883039468928 224.87690321141753 -1 -1 -1 -1000 -1000 -1000 -10
72 15991 car 0 0 -1 481.801305157784 180.25709373214963 512.3520435214851 203.0862546720617 -1 -1 -1 -1000 -1000 -1000 -10
72 15982 car 0 0 -1 563.5003359103516 175.8160380804453 613.2643227033816 225.32390891202465 -1 -1 -1 -1000 -1000 -1000 -10
73 15991 car 0 0 -1 473.78489799554336 181.02577915815573 507.0302226496192 205.7483078286353 -1 -1 -1 -1000 -1000 -1000 -10
73 15982 car 0 0 -1 564.5060900716228 176.5438139275137 614.0852576611255 225.66667692652888 -1 -1 -1 -1000 -1000 -1000 -10
74 15991 car 0 0 -1 465.6382216765195 183.26089624161742 500.48987124089945 208.87779282336103 -1 -1 -1 -1000 -1000 -1000 -10
74 15982 car 0 0 -1 565.5863493266539 176.05201156749558 615.027837342904 224.61756818444388 -1 -1 -1 -1000 -1000 -1000 -10
75 15995 car 0 0 -1 531.1267878748672 177.6160646432429 561.9913652730543 200.26616425811505 -1 -1 -1 -1000 -1000 -1000 -10
75 15991 car 0 0 -1 455.23798888257335 185.29003380327953 492.9830645952407 212.0600248149957 -1 -1 -1 -1000 -1000 -1000 -10
75 15982 car 0 0 -1 565.5600704220565 176.14788806992468 615.1847531340327 224.60048823063627 -1 -1 -1 -1000 -1000 -1000 -10
76 15995 car 0 0 -1 526.4435072547867 177.9922167168373 558.646715973634 201.223610412525 -1 -1 -1 -1000 -1000 -1000 -10
76 15991 car 0 0 -1 441.8014739855565 185.8469631758721 484.71823545475456 215.9407476247732 -1 -1 -1 -1000 -1000 -1000 -10
76 15982 car 0 0 -1 565.7099837074443 176.20342077628453 615.7481813994448 224.5871227482387 -1 -1 -1 -1000 -1000 -1000 -10
77 15995 car 0 0 -1 520.3519444051853 179.1324838983524 553.5914516345999 203.45860940754767 -1 -1 -1 -1000 -1000 -1000 -10
77 15991 car 0 0 -1 426.7414509522228 187.03234423850148 474.782076878037 219.59967532616332 -1 -1 -1 -1000 -1000 -1000 -10
77 15982 car 0 0 -1 565.5086347642017 176.2445883811329 615.5760213088964 224.57292705754722 -1 -1 -1 -1000 -1000 -1000 -10
78 15995 car 0 0 -1 513.3754063266506 182.11080248864178 548.6517844935058 208.81651436369927 -1 -1 -1 -1000 -1000 -1000 -10
78 15991 car 0 0 -1 408.4075230172393 190.87938728194368 462.28555501968026 226.16085985389694 -1 -1 -1 -1000 -1000 -1000 -10
78 15982 car 0 0 -1 566.2641313244638 178.41427156103188 616.6448462723068 226.99417976763831 -1 -1 -1 -1000 -1000 -1000 -10
79 15995 car 0 0 -1 505.6112279229911 187.19388230672303 545.0262383839624 217.0857558064871 -1 -1 -1 -1000 -1000 -1000 -10
79 15991 car 0 0 -1 384.7096288548335 196.16140434391957 447.0837521456585 235.96658047567104 -1 -1 -1 -1000 -1000 -1000 -10
79 15982 car 0 0 -1 565.9407713701409 182.7465919018474 615.7066365836073 230.9374448366284 -1 -1 -1 -1000 -1000 -1000 -10
80 15995 car 0 0 -1 497.0140739686203 190.14196400778954 540.3437274082235 222.76944762649052 -1 -1 -1 -1000 -1000 -1000 -10
80 15991 car 0 0 -1 356.1582505820597 199.10795695606427 428.54992831089254 244.4220107909367 -1 -1 -1 -1000 -1000 -1000 -10
80 15982 car 0 0 -1 566.1105919304986 183.98450346187602 615.713857083591 232.17264038080944 -1 -1 -1 -1000 -1000 -1000 -10
81 15995 car 0 0 -1 484.553288992544 190.07564233850388 534.0948438232214 227.02463014347927 -1 -1 -1 -1000 -1000 -1000 -10
81 15991 car 0 0 -1 318.7910827457573 200.8319308337642 405.3061367774126 252.68679259294146 -1 -1 -1 -1000 -1000 -1000 -10
81 15982 car 0 0 -1 567.5163802075102 184.0630085793356 616.9917485047478 231.696066317305 -1 -1 -1 -1000 -1000 -1000 -10
82 16003 DontCare 0 0 -1 1117.4608138052297 110.59225211585647 1248.4773816714007 217.9376568177018 -1 -1 -1 -1000 -1000 -1000 -10
82 15995 car 0 0 -1 469.0035256665208 190.61778881181897 524.9850162715724 231.80073469110567 -1 -1 -1 -1000 -1000 -1000 -10
82 15991 car 0 0 -1 267.0391481955967 203.11011583953547 372.3693709912769 264.4859626744604 -1 -1 -1 -1000 -1000 -1000 -10
82 15982 car 0 0 -1 568.0729065885955 183.51829423884433 617.4544100994326 230.7519743537566 -1 -1 -1 -1000 -1000 -1000 -10
83 15995 car 0 0 -1 449.8854184484897 190.47997503963637 515.3528404938961 237.68032647684993 -1 -1 -1 -1000 -1000 -1000 -10
83 15991 car 0 0 -1 190.40894640735024 206.74332173125535 326.4699569371965 282.3809480675434 -1 -1 -1 -1000 -1000 -1000 -10
83 15982 car 0 0 -1 569.1346023635226 182.89616954612836 618.7331685142526 230.1296410721124 -1 -1 -1 -1000 -1000 -1000 -10
84 15995 car 0 0 -1 423.29847660603076 190.38385086678548 501.09529862079995 245.68283677430574 -1 -1 -1 -1000 -1000 -1000 -10
84 15991 car 0 0 -1 73.2241770142534 210.1126829671662 258.4826224265893 308.56246122626396 -1 -1 -1 -1000 -1000 -1000 -10
84 15982 car 0 0 -1 569.5743585586496 180.89840255010938 618.5193312808325 228.3702452470169 -1 -1 -1 -1000 -1000 -1000 -10
85 15995 car 0 0 -1 382.9355277501675 190.09120056345267 480.3012733783899 258.0037480904443 -1 -1 -1 -1000 -1000 -1000 -10
85 15991 car 0 0 -1 3.5255168926544087 226.25035472098813 189.0186184717415 340.05413904446965 -1 -1 -1 -1000 -1000 -1000 -10
85 15982 car 0 0 -1 569.6594610537305 178.13615540860468 617.8541339949242 225.77716929527605 -1 -1 -1 -1000 -1000 -1000 -10
86 15995 car 0 0 -1 319.3779296932612 193.9426599157407 449.48587087976796 281.60804082552875 -1 -1 -1 -1000 -1000 -1000 -10
86 15982 car 0 0 -1 570.013710212787 177.78925646092176 617.9212973671091 224.74699254591144 -1 -1 -1 -1000 -1000 -1000 -10
87 15982 car 0 0 -1 570.3513189436421 178.0748539748374 618.3867330215801 225.91085110738467 -1 -1 -1 -1000 -1000 -1000 -10
88 15982 car 0 0 -1 570.4704861482735 178.3015710133256 618.5616732411033 226.2468822939971 -1 -1 -1 -1000 -1000 -1000 -10
89 16005 car 0 0 -1 -37.457025233659216 227.87966759006974 142.00216253394146 362.942491409201 -1 -1 -1 -1000 -1000 -1000 -10
89 15982 car 0 0 -1 570.4988209159319 178.37115279746013 618.633506592895 226.39918822322988 -1 -1 -1 -1000 -1000 -1000 -10
90 15982 car 0 0 -1 570.4950318524192 178.384790838324 618.6642612279292 226.476079677027 -1 -1 -1 -1000 -1000 -1000 -10
91 15982 car 0 0 -1 570.103528765481 177.73729148632935 617.7497880163099 225.85724071362728 -1 -1 -1 -1000 -1000 -1000 -10
92 15982 car 0 0 -1 570.0450132270391 176.64396351018289 617.3048294126429 224.5171692254257 -1 -1 -1 -1000 -1000 -1000 -10
93 16006 DontCare 0 0 -1 893.8080970863884 151.64664919516278 973.6290859642825 191.55809888768667 -1 -1 -1 -1000 -1000 -1000 -10
93 15982 car 0 0 -1 570.08963622944 176.0883175819877 617.064879543623 223.50698892947898 -1 -1 -1 -1000 -1000 -1000 -10
94 16006 DontCare 0 0 -1 906.2185087780488 148.27057595156674 991.8491133288078 191.38169608558604 -1 -1 -1 -1000 -1000 -1000 -10
94 15982 car 0 0 -1 569.6874519118473 176.80135462806282 616.7372031115046 224.17442781513307 -1 -1 -1 -1000 -1000 -1000 -10
95 16006 DontCare 0 0 -1 909.5415676875353 146.86886436834018 1008.5635364083197 194.49929110718162 -1 -1 -1 -1000 -1000 -1000 -10
95 15982 car 0 0 -1 569.2444506668647 177.7304350736918 616.9019085970041 225.09069255394513 -1 -1 -1 -1000 -1000 -1000 -10
96 15982 car 0 0 -1 568.3158292937227 178.0886587367085 616.4193823146417 225.4422955473098 -1 -1 -1 -1000 -1000 -1000 -10
97 15982 car 0 0 -1 567.2267586542036 178.41413493321855 615.6694889177852 226.04375291157314 -1 -1 -1 -1000 -1000 -1000 -10
98 16008 DontCare 0 0 -1 882.2784902945978 156.02926335549407 949.6452644120848 186.75618823376894 -1 -1 -1 -1000 -1000 -1000 -10
98 16006 DontCare 0 0 -1 945.9988957048979 139.9649877194841 1054.8029450725567 192.0675587878966 -1 -1 -1 -1000 -1000 -1000 -10
98 15982 car 0 0 -1 566.1122829282631 177.93349821678032 614.787051243879 224.919068435584 -1 -1 -1 -1000 -1000 -1000 -10
99 16008 DontCare 0 0 -1 893.1109728419784 153.30804059501986 965.4062149296693 185.53564099678437 -1 -1 -1 -1000 -1000 -1000 -10
99 16006 DontCare 0 0 -1 964.0043164924857 134.55082409601715 1085.3002305728853 191.37763794528053 -1 -1 -1 -1000 -1000 -1000 -10
99 15982 car 0 0 -1 564.8017091954058 176.46883791375555 613.3927422645371 223.81749328189815 -1 -1 -1 -1000 -1000 -1000 -10
100 16008 DontCare 0 0 -1 902.4502442922736 153.2635299065674 980.461427133844 187.2638305928521 -1 -1 -1 -1000 -1000 -1000 -10
100 16006 DontCare 0 0 -1 981.3719706152996 132.88335485114547 1112.9367786271275 192.87968227569965 -1 -1 -1 -1000 -1000 -1000 -10
100 15982 car 0 0 -1 563.5804622364883 176.0187200419891 612.9519887930351 223.95426249607598 -1 -1 -1 -1000 -1000 -1000 -10
101 16008 DontCare 0 0 -1 916.0809500347503 154.47085249583785 996.0405141101584 190.2777155298059 -1 -1 -1 -1000 -1000 -1000 -10
101 16006 DontCare 0 0 -1 997.447727512654 131.5718763384295 1134.525347366514 194.8904241240656 -1 -1 -1 -1000 -1000 -1000 -10
101 15982 car 0 0 -1 562.6213759986638 177.53540927423367 611.9970032282674 225.5953006849073 -1 -1 -1 -1000 -1000 -1000 -10
102 16006 DontCare 0 0 -1 1011.4567765562427 131.32017084439872 1144.7849851925969 196.81139880907278 -1 -1 -1 -1000 -1000 -1000 -10
102 15982 car 0 0 -1 561.9874295337172 178.92218846010795 611.9302911791017 227.3733745029467 -1 -1 -1 -1000 -1000 -1000 -10
103 16006 DontCare 0 0 -1 1039.3160312081718 128.5709598438021 1188.332413024772 198.93533798138412 -1 -1 -1 -1000 -1000 -1000 -10
103 15982 car 0 0 -1 561.6665093961019 179.19257405118267 612.0129123599593 227.64870286887296 -1 -1 -1 -1000 -1000 -1000 -10
104 16008 DontCare 0 0 -1 951.2928559162436 152.09843265843864 1042.7237794258185 193.563572623453 -1 -1 -1 -1000 -1000 -1000 -10
104 16006 DontCare 0 0 -1 1062.8250815101385 127.12774301974508 1224.8686787020245 200.8569827354288 -1 -1 -1 -1000 -1000 -1000 -10
104 15982 car 0 0 -1 561.7563397947848 178.18257417512442 611.8592711811308 226.89850387145535 -1 -1 -1 -1000 -1000 -1000 -10
105 16006 DontCare 0 0 -1 1084.487392124452 123.8581714933106 1245.0165871064637 201.72575996047945 -1 -1 -1 -1000 -1000 -1000 -10
105 15982 car 0 0 -1 562.0338581058919 177.0900545568403 612.2352279713035 226.0105554162804 -1 -1 -1 -1000 -1000 -1000 -10
106 16006 DontCare 0 0 -1 1109.2259890687424 122.70393193552788 1259.0887139073866 203.98902413781326 -1 -1 -1 -1000 -1000 -1000 -10
106 15982 car 0 0 -1 562.1262186242778 176.82895909575143 612.4126968420225 226.17251868918447 -1 -1 -1 -1000 -1000 -1000 -10
107 16009 DontCare 0 0 -1 897.2503489325692 155.16481706494116 974.0552157011549 191.32148795084916 -1 -1 -1 -1000 -1000 -1000 -10
107 16006 DontCare 0 0 -1 1137.505421013303 121.83228712167086 1267.819195040216 204.66846343873294 -1 -1 -1 -1000 -1000 -1000 -10
107 15982 car 0 0 -1 562.0697621467931 176.63825193526333 613.2429279000656 226.32873746003492 -1 -1 -1 -1000 -1000 -1000 -10
108 16009 DontCare 0 0 -1 910.0188933104522 156.65632986096972 990.102093020687 195.18602628328148 -1 -1 -1 -1000 -1000 -1000 -10
108 15982 car 0 0 -1 562.364669967392 176.51395966106153 613.910002848264 226.44300602085949 -1 -1 -1 -1000 -1000 -1000 -10
109 16009 DontCare 0 0 -1 922.4158949356026 156.62389636057387 1006.0482139238484 196.30379117203236 -1 -1 -1 -1000 -1000 -1000 -10
109 15982 car 0 0 -1 562.4167226435848 176.42639908216756 614.234510287343 226.52962322266194 -1 -1 -1 -1000 -1000 -1000 -10
110 16009 DontCare 0 0 -1 933.1981230498119 138.26305598663862 1032.5040314449232 190.56844047643443 -1 -1 -1 -1000 -1000 -1000 -10
110 15982 car 0 0 -1 562.5813923739449 176.35939555669214 614.8740368652793 226.59889004682609 -1 -1 -1 -1000 -1000 -1000 -10
111 16010 car 0 0 -1 504.09459640251333 178.85145467508966 534.0237095651198 202.32485812852195 -1 -1 -1 -1000 -1000 -1000 -10
111 15982 car 0 0 -1 563.216054424434 176.31125664868213 615.856481209168 226.65027172153324 -1 -1 -1 -1000 -1000 -1000 -10
112 16010 car 0 0 -1 499.50995492455917 179.17350686824227 531.1216025343318 204.5025583374877 -1 -1 -1 -1000 -1000 -1000 -10
112 15982 car 0 0 -1 563.0132805455622 176.47630820744956 615.3691168062736 227.14158692803534 -1 -1 -1 -1000 -1000 -1000 -10
113 16011 car 0 0 -1 927.7066491244648 167.26178367919536 998.761455285724 196.67891051727625 -1 -1 -1 -1000 -1000 -1000 -10
113 16010 car 0 0 -1 494.0594546065987 180.00676933243153 527.9729372183242 207.40159629484697 -1 -1 -1 -1000 -1000 -1000 -10
113 15982 car 0 0 -1 564.4877811385227 178.05668803849477 616.897470119394 228.42339254180087 -1 -1 -1 -1000 -1000 -1000 -10
114 16012 DontCare 0 0 -1 999.058416861807 151.62877883933075 1119.7031373663854 202.7826177024297 -1 -1 -1 -1000 -1000 -1000 -10
114 16011 car 0 0 -1 938.7861915687363 168.23898313017526 1014.5721564753098 199.3274452371927 -1 -1 -1 -1000 -1000 -1000 -10
114 16010 car 0 0 -1 486.0409205488887 182.34562757050398 521.9123320184378 211.29918664232397 -1 -1 -1 -1000 -1000 -1000 -10
114 15982 car 0 0 -1 565.5003638505956 178.7073421345786 617.6750504694086 228.8555246432386 -1 -1 -1 -1000 -1000 -1000 -10
115 16012 DontCare 0 0 -1 1021.7544349994814 149.2242927413731 1150.3818200091787 203.39611551422124 -1 -1 -1 -1000 -1000 -1000 -10
115 16010 car 0 0 -1 478.39157189605254 180.5442139943187 516.0101990680789 211.48209049491916 -1 -1 -1 -1000 -1000 -1000 -10
115 15982 car 0 0 -1 565.9205676850099 177.6814686424936 617.9246531124732 227.6710023743534 -1 -1 -1 -1000 -1000 -1000 -10
116 16012 DontCare 0 0 -1 1048.2386515652565 146.19810306811559 1183.5778551475014 204.3513493081311 -1 -1 -1 -1000 -1000 -1000 -10
116 16010 car 0 0 -1 467.4338505679872 178.89282824847476 509.4637232566188 212.42218398461227 -1 -1 -1 -1000 -1000 -1000 -10
116 15982 car 0 0 -1 566.0864012381188 175.27960539100263 618.0003769273206 225.96125521659428 -1 -1 -1 -1000 -1000 -1000 -10
117 16013 car 0 0 -1 984.4050271566301 159.58406712347121 1074.6185347148537 192.7623455837348 -1 -1 -1 -1000 -1000 -1000 -10
117 16012 car 0 0 -1 1066.3510766314203 142.27911996535465 1208.093062067483 202.47232401326607 -1 -1 -1 -1000 -1000 -1000 -10
117 16010 car 0 0 -1 454.4480680552076 179.32661211612046 500.2041877672473 215.752337774082 -1 -1 -1 -1000 -1000 -1000 -10
117 15982 car 0 0 -1 566.8140799152349 174.89612956455713 618.6573629189166 226.0918437651782 -1 -1 -1 -1000 -1000 -1000 -10
118 16013 car 0 0 -1 1005.5668018464047 159.74503588706006 1099.5165847842966 193.93202852127354 -1 -1 -1 -1000 -1000 -1000 -10
118 16012 car 0 0 -1 1089.2163959565598 141.2216005888102 1237.68977806737 203.79632209407634 -1 -1 -1 -1000 -1000 -1000 -10
118 16010 car 0 0 -1 439.53746832132555 182.3342353333833 489.90522788636 222.17676441928435 -1 -1 -1 -1000 -1000 -1000 -10
118 15982 car 0 0 -1 567.2858251343821 175.96232689785705 619.3502425852619 227.55049723853944 -1 -1 -1 -1000 -1000 -1000 -10
119 16013 car 0 0 -1 1033.6667835471535 165.56897362106113 1128.1079693863312 200.13976292073474 -1 -1 -1 -1000 -1000 -1000 -10
119 16012 DontCare 0 0 -1 1110.5513532077762 143.86146388943015 1253.9698638496984 207.62058009736543 -1 -1 -1 -1000 -1000 -1000 -10
119 16010 car 0 0 -1 421.18698729603875 186.76814239226357 478.0259226750104 230.53765461600418 -1 -1 -1 -1000 -1000 -1000 -10
119 15982 car 0 0 -1 567.8033337848685 178.5334604181909 620.5642768113667 229.86100827947044 -1 -1 -1 -1000 -1000 -1000 -10
120 16013 car 0 0 -1 1048.6661800015063 167.74690389575147 1152.625294920872 206.28115308416545 -1 -1 -1 -1000 -1000 -1000 -10
120 16012 DontCare 0 0 -1 1132.9867247675772 147.24282707565393 1262.696802615433 211.41649465514004 -1 -1 -1 -1000 -1000 -1000 -10
120 16010 car 0 0 -1 396.3127528072899 189.1377203263416 461.5667796224023 237.4589184632365 -1 -1 -1 -1000 -1000 -1000 -10
120 15982 car 0 0 -1 568.3318132922543 179.55096835854573 621.3269141900523 230.69104119326482 -1 -1 -1 -1000 -1000 -1000 -10
121 16013 car 0 0 -1 1073.9115851128233 167.41424345271236 1187.067414781288 207.9881421664669 -1 -1 -1 -1000 -1000 -1000 -10
121 16012 car 0 0 -1 1161.7850432024309 148.6564131356352 1269.007533277388 211.93482236516286 -1 -1 -1 -1000 -1000 -1000 -10
121 16010 car 0 0 -1 363.8361686085627 186.87806383701275 440.74105168143564 242.34505900246398 -1 -1 -1 -1000 -1000 -1000 -10
121 15982 car 0 0 -1 568.2755992479141 175.96739659999878 621.1983067426512 227.77768151421037 -1 -1 -1 -1000 -1000 -1000 -10
122 16013 car 0 0 -1 1100.212938065781 164.89359191679517 1224.5705164070425 208.75503178210982 -1 -1 -1 -1000 -1000 -1000 -10
122 16010 car 0 0 -1 319.5836816402551 185.64938369398783 413.48055231416174 251.6606646149167 -1 -1 -1 -1000 -1000 -1000 -10
122 15982 car 0 0 -1 568.7332680674422 173.25814875123464 621.3015581533066 224.7468387981592 -1 -1 -1 -1000 -1000 -1000 -10
123 16016 car 0 0 -1 493.07579723544006 177.7530909325051 530.1014324864421 201.95282516524125 -1 -1 -1 -1000 -1000 -1000 -10
123 16013 car 0 0 -1 1126.6065497061377 161.37458845692615 1247.6310612282764 207.41187484651974 -1 -1 -1 -1000 -1000 -1000 -10
123 16010 car 0 0 -1 256.0832832486007 188.92253120873664 374.4171880319662 268.4250677239382 -1 -1 -1 -1000 -1000 -1000 -10
123 15982 car 0 0 -1 568.4926724032781 171.8251363123427 621.0817803916676 223.3579016456195 -1 -1 -1 -1000 -1000 -1000 -10
124 16016 car 0 0 -1 483.597477405061 178.94985498233467 524.1495268192995 205.51948552327127 -1 -1 -1 -1000 -1000 -1000 -10
124 16013 car 0 0 -1 1149.6980075667598 156.47177495864247 1258.5554785709692 203.0194376122563 -1 -1 -1 -1000 -1000 -1000 -10
124 15982 car 0 0 -1 568.3834141423985 171.4742753795128 620.99743728797 223.31275963762533 -1 -1 -1 -1000 -1000 -1000 -10
125 16016 car 0 0 -1 474.59397652844524 180.85532022437664 519.4800796677578 210.22391519531303 -1 -1 -1 -1000 -1000 -1000 -10
125 15982 car 0 0 -1 568.9825340008427 172.60521255598624 621.6146476858606 224.6688456112495 -1 -1 -1 -1000 -1000 -1000 -10
126 16016 car 0 0 -1 461.5769945082549 183.56416476839473 511.91299735655133 216.02807001140576 -1 -1 -1 -1000 -1000 -1000 -10
126 15982 car 0 0 -1 569.3878500922102 174.9594590240685 622.3081331247243 227.19718198748893 -1 -1 -1 -1000 -1000 -1000 -10
127 16016 car 0 0 -1 447.9048614875447 186.71675256974942 502.2522222605049 221.9113026669786 -1 -1 -1 -1000 -1000 -1000 -10
127 15982 car 0 0 -1 569.6712297567274 176.47605419446845 623.0769493178336 228.84841367915791 -1 -1 -1 -1000 -1000 -1000 -10
128 16016 car 0 0 -1 431.54883829989456 189.10867405132066 490.9783666425867 227.28545976496653 -1 -1 -1 -1000 -1000 -1000 -10
128 15982 car 0 0 -1 568.8441552556678 176.84118812630308 622.3250710472703 229.02832295320238 -1 -1 -1 -1000 -1000 -1000 -10
129 16016 car 0 0 -1 410.3777939506738 190.65302106830427 478.3324566161067 233.0411157260504 -1 -1 -1 -1000 -1000 -1000 -10
129 15982 car 0 0 -1 568.5050062909659 176.5422617547278 622.0474063874146 228.8711046960496 -1 -1 -1 -1000 -1000 -1000 -10
130 16016 car 0 0 -1 383.3630440629388 190.9900332792018 461.9871824238353 239.14997667042704 -1 -1 -1 -1000 -1000 -1000 -10
130 15982 car 0 0 -1 567.8842084528312 175.46859970341382 621.7686374516188 228.45617203386513 -1 -1 -1 -1000 -1000 -1000 -10
131 16016 car 0 0 -1 345.97101901224426 192.70640880490907 439.2591722715613 248.2750927377021 -1 -1 -1 -1000 -1000 -1000 -10
131 15982 car 0 0 -1 567.1277299108941 174.74827518836386 621.521510441139 227.95246482102718 -1 -1 -1 -1000 -1000 -1000 -10
132 16016 car 0 0 -1 296.22486662184986 196.84053228775417 410.90874099100904 263.2652396177457 -1 -1 -1 -1000 -1000 -1000 -10
132 15982 car 0 0 -1 566.748500171793 175.08980845583707 621.5142181090332 228.45083258543949 -1 -1 -1 -1000 -1000 -1000 -10
133 16016 car 0 0 -1 223.418441868274 201.34912811494178 372.62851097329775 284.2227001459636 -1 -1 -1 -1000 -1000 -1000 -10
133 15982 car 0 0 -1 566.5377467776788 175.84498167251567 621.5753623070569 229.32013646382038 -1 -1 -1 -1000 -1000 -1000 -10
134 16016 car 0 0 -1 99.32125505642252 209.46395277754996 307.4468971580578 320.4188235537301 -1 -1 -1 -1000 -1000 -1000 -10
134 15982 car 0 0 -1 566.4113489997505 177.22805094471585 621.6431788502243 230.50890843235794 -1 -1 -1 -1000 -1000 -1000 -10
135 16016 car 0 0 -1 21.674859683717983 224.62376482271458 247.72075764309548 352.5280666963159 -1 -1 -1 -1000 -1000 -1000 -10
135 15982 car 0 0 -1 565.672810081226 179.27567620083983 621.0522261993304 232.693055918673 -1 -1 -1 -1000 -1000 -1000 -10
136 16016 car 0 0 -1 -35.50702206933343 236.107271985232 148.6543974366951 366.19714136750923 -1 -1 -1 -1000 -1000 -1000 -10
136 15982 car 0 0 -1 566.0092401528308 179.7488401381802 621.5176687068325 233.80808197075785 -1 -1 -1 -1000 -1000 -1000 -10
137 15982 car 0 0 -1 566.1174236662813 179.14846476452195 621.7156241633121 233.67974971662065 -1 -1 -1 -1000 -1000 -1000 -10
138 15982 car 0 0 -1 566.8028914829565 177.79238792253884 622.4521793915596 232.12225724534656 -1 -1 -1 -1000 -1000 -1000 -10
139 15982 car 0 0 -1 567.7058156750998 175.99733367082072 623.3925657132372 230.18154048679096 -1 -1 -1 -1000 -1000 -1000 -10
140 15982 car 0 0 -1 569.0671209726952 174.2139175820146 625.3359488051028 228.581270834398 -1 -1 -1 -1000 -1000 -1000 -10
141 16018 car 0 0 -1 648.6075707109862 173.00845778239193 676.9902878589644 197.82797303398155 -1 -1 -1 -1000 -1000 -1000 -10
141 15982 car 0 0 -1 570.1306152470444 173.9742726598262 626.8192871247116 228.19391533993846 -1 -1 -1 -1000 -1000 -1000 -10
142 16020 car 0 0 -1 877.9409081699802 158.95786767133245 927.9984870589414 189.98328498427446 -1 -1 -1 -1000 -1000 -1000 -10
142 16018 car 0 0 -1 651.4270752918768 174.42709375445313 679.9226770864769 198.85743133494563 -1 -1 -1 -1000 -1000 -1000 -10
142 15982 car 0 0 -1 571.7532175310905 174.1009312899182 628.7542596143387 228.49273933969425 -1 -1 -1 -1000 -1000 -1000 -10
143 16020 car 0 0 -1 886.751953023172 159.28256174518344 938.9666594221059 190.6724560407572 -1 -1 -1 -1000 -1000 -1000 -10
143 16018 car 0 0 -1 654.5184249330988 175.14783569179363 683.5318538285982 199.7650877442119 -1 -1 -1 -1000 -1000 -1000 -10
143 15982 car 0 0 -1 572.9558661814417 175.24221648203118 630.1800509089489 229.48196896505092 -1 -1 -1 -1000 -1000 -1000 -10
144 16020 car 0 0 -1 899.05756314554 160.16995541361794 954.2867881803146 192.35842974779754 -1 -1 -1 -1000 -1000 -1000 -10
144 15982 car 0 0 -1 574.4696547723142 176.54902060792287 631.5882238390343 230.94858857974364 -1 -1 -1 -1000 -1000 -1000 -10
145 15982 car 0 0 -1 575.6958159448884 177.0155927216098 632.7375055033942 231.53296755486744 -1 -1 -1 -1000 -1000 -1000 -10
146 16018 car 0 0 -1 661.725555924649 177.93504617294997 694.4648826178294 205.42810010629165 -1 -1 -1 -1000 -1000 -1000 -10
146 15982 car 0 0 -1 577.9181543611724 176.71069809314753 634.6377628323673 231.57618700592548 -1 -1 -1 -1000 -1000 -1000 -10
147 16021 DontCare 0 0 -1 977.816899072722 146.6518067763559 1037.7027433119538 199.65959195129852 -1 -1 -1 -1000 -1000 -1000 -10
147 16020 car 0 0 -1 931.8466707313344 159.83223169265483 1004.9568512196984 198.27173529977972 -1 -1 -1 -1000 -1000 -1000 -10
147 16018 car 0 0 -1 663.2059697127096 179.40814126153631 697.9710954790133 208.018366501872 -1 -1 -1 -1000 -1000 -1000 -10
147 15982 car 0 0 -1 579.8256943845553 176.5195217267627 636.8578357919711 231.65965551509126 -1 -1 -1 -1000 -1000 -1000 -10
148 16021 DontCare 0 0 -1 980.9493652892426 144.1198957771861 1052.4250031331483 201.62730692013886 -1 -1 -1 -1000 -1000 -1000 -10
148 16018 car 0 0 -1 665.8266558092071 178.84933797635452 701.6658954787736 208.71189127329703 -1 -1 -1 -1000 -1000 -1000 -10
148 15982 car 0 0 -1 580.9304615897241 176.39918077625452 637.9159797671738 231.7320640406803 -1 -1 -1 -1000 -1000 -1000 -10
149 16018 car 0 0 -1 668.8889802470446 179.2417252629991 706.0728834402828 210.31454260381494 -1 -1 -1 -1000 -1000 -1000 -10
149 15982 car 0 0 -1 582.1653730900057 177.15558353812057 639.3996235830464 232.9102214372164 -1 -1 -1 -1000 -1000 -1000 -10
150 16026 car 0 0 -1 913.3937964352544 173.99602655225112 971.5460572528025 202.4741945284993 -1 -1 -1 -1000 -1000 -1000 -10
150 16020 car 0 0 -1 966.4645316880358 165.65518034264556 1050.1350650005604 206.28447357800138 -1 -1 -1 -1000 -1000 -1000 -10
150 16018 car 0 0 -1 671.6087555498999 182.46033280141285 710.5845240846351 214.41512112614686 -1 -1 -1 -1000 -1000 -1000 -10
150 15982 car 0 0 -1 583.8607452494317 178.86185482456432 641.2851837755501 235.19519860091384 -1 -1 -1 -1000 -1000 -1000 -10
151 16028 DontCare 0 0 -1 849.1690121914397 161.64186224950654 893.0067657431806 192.88730539089593 -1 -1 -1 -1000 -1000 -1000 -10
151 16026 car 0 0 -1 925.8686138252918 172.6854999551999 986.4035798933706 202.20333403298375 -1 -1 -1 -1000 -1000 -1000 -10
151 16021 DontCare 0 0 -1 1029.2704314009065 144.14953833634488 1119.2847130247815 206.58131544990405 -1 -1 -1 -1000 -1000 -1000 -10
151 16020 car 0 0 -1 978.3655180754257 164.60928617981807 1065.2567845437443 206.29698932139524 -1 -1 -1 -1000 -1000 -1000 -10
151 16018 car 0 0 -1 673.7120019002581 182.55064031819524 714.2954664413866 215.7085879828735 -1 -1 -1 -1000 -1000 -1000 -10
151 15982 car 0 0 -1 585.0967191063114 178.5562067621925 642.6481450792514 235.04144045787731 -1 -1 -1 -1000 -1000 -1000 -10
152 16029 DontCare 0 0 -1 1026.82374502229 138.70669009842118 1131.4672060758726 204.0586846225653 -1 -1 -1 -1000 -1000 -1000 -10
152 16026 car 0 0 -1 937.5504506076732 168.02004421157295 1002.1196727594402 198.3576060389774 -1 -1 -1 -1000 -1000 -1000 -10
152 16021 DontCare 0 0 -1 1046.048386816764 139.00922319549582 1148.062643385254 205.39095094351316 -1 -1 -1 -1000 -1000 -1000 -10
152 16020 car 0 0 -1 991.0385495396117 161.4544145547197 1078.2870529727475 203.65222194215735 -1 -1 -1 -1000 -1000 -1000 -10
152 16018 car 0 0 -1 676.6294174481187 178.73862435302 719.2890371831687 213.39306300236962 -1 -1 -1 -1000 -1000 -1000 -10
152 15982 car 0 0 -1 586.5405794614023 175.7857088649799 644.7331101243119 232.393505273167 -1 -1 -1 -1000 -1000 -1000 -10
153 16026 car 0 0 -1 949.619196000008 164.6215596998192 1019.568703405475 196.8273848547618 -1 -1 -1 -1000 -1000 -1000 -10
153 16021 DontCare 0 0 -1 1065.9123893026167 134.46478334561314 1179.2811617739571 204.20865942258544 -1 -1 -1 -1000 -1000 -1000 -10
153 16020 car 0 0 -1 1007.9479411918758 157.99548738707088 1097.1929166650364 201.55036996825393 -1 -1 -1 -1000 -1000 -1000 -10
153 16018 car 0 0 -1 679.9294279763099 176.21016086282776 725.3430861216007 212.89698630434566 -1 -1 -1 -1000 -1000 -1000 -10
153 15982 car 0 0 -1 587.5932477640943 174.05484202411188 646.2537683503338 230.7508070613649 -1 -1 -1 -1000 -1000 -1000 -10
154 16026 car 0 0 -1 964.4909951403063 163.87036135343723 1038.3546724358118 198.1312504227544 -1 -1 -1 -1000 -1000 -1000 -10
154 16021 DontCare 0 0 -1 1101.8638433411454 131.60024827717788 1215.9100887964948 203.6334939468364 -1 -1 -1 -1000 -1000 -1000 -10
154 16020 car 0 0 -1 1025.992408991953 155.23950985857144 1120.706199446295 201.5139159496496 -1 -1 -1 -1000 -1000 -1000 -10
154 16018 car 0 0 -1 683.6027620630209 177.24851954744543 731.5577391979609 215.93737747276282 -1 -1 -1 -1000 -1000 -1000 -10
154 15982 car 0 0 -1 588.9917083161554 174.50433756173996 647.7162535905463 230.98315726478913 -1 -1 -1 -1000 -1000 -1000 -10
155 16028 DontCare 0 0 -1 890.9866955646677 155.52036001014227 930.5786321394852 187.27864902512692 -1 -1 -1 -1000 -1000 -1000 -10
155 16026 car 0 0 -1 977.3882037880305 162.5546955934653 1056.9092181629783 198.32859391971877 -1 -1 -1 -1000 -1000 -1000 -10
155 16021 DontCare 0 0 -1 1130.718274052232 128.9824890935414 1241.7851312053788 203.00576200705456 -1 -1 -1 -1000 -1000 -1000 -10
155 16018 car 0 0 -1 687.6252690212013 178.30720369836442 738.2678869379135 219.0195989073761 -1 -1 -1 -1000 -1000 -1000 -10
155 15982 car 0 0 -1 590.3158868423524 176.02123375657547 649.3610234141169 232.3449700810095 -1 -1 -1 -1000 -1000 -1000 -10
156 16026 car 0 0 -1 992.517267341474 163.68379633770968 1077.891644883577 199.60413398790013 -1 -1 -1 -1000 -1000 -1000 -10
156 16025 car 0 0 -1 1080.2530275226632 151.82362742660013 1190.4761906254912 207.21005424750632 -1 -1 -1 -1000 -1000 -1000 -10
156 16021 DontCare 0 0 -1 1159.7183229783905 128.52277474589883 1258.1122827846593 202.97599411757042 -1 -1 -1 -1000 -1000 -1000 -10
156 16018 car 0 0 -1 692.2601252009842 180.14836200324854 746.6373848765054 223.29663123879274 -1 -1 -1 -1000 -1000 -1000 -10
156 15982 car 0 0 -1 591.3740606558788 176.8127785062066 650.6581316138709 233.3016290879532 -1 -1 -1 -1000 -1000 -1000 -10
157 16026 car 0 0 -1 1008.4064828526168 163.88608741881322 1100.3954207591776 201.00772939907714 -1 -1 -1 -1000 -1000 -1000 -10
157 16025 car 0 0 -1 1095.1422421133448 150.23717695923472 1217.8704810532731 209.23632101721614 -1 -1 -1 -1000 -1000 -1000 -10
157 16018 car 0 0 -1 695.9400706942677 180.30071366207517 754.1850173692446 226.0678049813671 -1 -1 -1 -1000 -1000 -1000 -10
157 15982 car 0 0 -1 592.8111657349609 176.43191628380504 651.99539694837 233.03538044652026 -1 -1 -1 -1000 -1000 -1000 -10
158 16028 DontCare 0 0 -1 908.9256996746524 153.99959736089338 957.2943316091812 190.01019233270054 -1 -1 -1 -1000 -1000 -1000 -10
158 16026 car 0 0 -1 1029.9257543469125 164.1859808428586 1127.4417666050122 202.671018562688 -1 -1 -1 -1000 -1000 -1000 -10
158 16025 car 0 0 -1 1114.6814845820745 148.72531174889397 1241.2523752705301 210.25798689400344 -1 -1 -1 -1000 -1000 -1000 -10
158 16018 car 0 0 -1 700.7807809136518 179.52462051536676 762.5007695409199 228.54697505652624 -1 -1 -1 -1000 -1000 -1000 -10
158 15982 car 0 0 -1 594.636902159012 175.80203202034417 653.7557317354552 232.76019812023847 -1 -1 -1 -1000 -1000 -1000 -10
159 16028 DontCare 0 0 -1 916.8185389541986 152.93967284432668 969.4670496094463 190.64220291380545 -1 -1 -1 -1000 -1000 -1000 -10
159 16026 car 0 0 -1 1049.4818719465964 162.4163740109878 1154.0775660545198 203.84521613521656 -1 -1 -1 -1000 -1000 -1000 -10
159 16025 car 0 0 -1 1135.9757825129818 146.2378370902053 1254.3921884562396 209.2371504386836 -1 -1 -1 -1000 -1000 -1000 -10
159 16018 car 0 0 -1 706.3241971939243 180.10417462570064 772.138842464124 231.82307471281973 -1 -1 -1 -1000 -1000 -1000 -10
159 15982 car 0 0 -1 595.9575172309148 175.30736452444728 655.0213020440567 232.2546895582949 -1 -1 -1 -1000 -1000 -1000 -10
160 16028 DontCare 0 0 -1 926.4399871388581 151.53629171543184 982.6668470806643 191.26582996322782 -1 -1 -1 -1000 -1000 -1000 -10
160 16026 car 0 0 -1 1062.6841346622641 162.34326978354346 1166.139381004852 204.36437382057977 -1 -1 -1 -1000 -1000 -1000 -10
160 16025 car 0 0 -1 1163.2923850198013 149.41589338254374 1265.0371253605913 215.4322802982694 -1 -1 -1 -1000 -1000 -1000 -10
160 16018 car 0 0 -1 713.7615105716295 179.29616318103368 784.5554902232329 235.33783049403777 -1 -1 -1 -1000 -1000 -1000 -10
160 15982 car 0 0 -1 597.0798159423273 175.77408459777183 656.103671971712 232.71372382636355 -1 -1 -1 -1000 -1000 -1000 -10
161 16028 DontCare 0 0 -1 941.8906489679124 151.44486572130234 997.686591469807 191.77586205915384 -1 -1 -1 -1000 -1000 -1000 -10
161 16026 car 0 0 -1 1093.3980848517333 162.5583963318719 1209.1983585850073 206.9708540947512 -1 -1 -1 -1000 -1000 -1000 -10
161 16018 car 0 0 -1 720.5776435393167 179.66144388547661 799.3375747006938 241.81582265414295 -1 -1 -1 -1000 -1000 -1000 -10
161 15982 car 0 0 -1 599.0484423822622 176.15046628203177 657.5012118370994 233.3417496516881 -1 -1 -1 -1000 -1000 -1000 -10
162 16026 car 0 0 -1 1111.8298301403177 162.26471712635245 1235.7089351407665 208.9842552276207 -1 -1 -1 -1000 -1000 -1000 -10
162 16018 car 0 0 -1 729.8565006564173 182.05756841802975 816.205506522269 248.4772991899274 -1 -1 -1 -1000 -1000 -1000 -10
162 15982 car 0 0 -1 600.2332623953296 176.2390922043579 658.8170148507731 233.63159107718306 -1 -1 -1 -1000 -1000 -1000 -10
163 16026 car 0 0 -1 1129.046128796019 163.16838033120567 1250.5226317965078 210.69456752223206 -1 -1 -1 -1000 -1000 -1000 -10
163 16018 car 0 0 -1 739.7442025468692 184.1744608909665 836.1098747798665 256.24061811308 -1 -1 -1 -1000 -1000 -1000 -10
163 15982 car 0 0 -1 600.6202337099023 176.04617122219082 659.2948601530256 233.3104924114905 -1 -1 -1 -1000 -1000 -1000 -10
164 16031 DontCare 0 0 -1 991.7842113891463 151.1786874595498 1048.9570930788473 193.32806357277337 -1 -1 -1 -1000 -1000 -1000 -10
164 16028 DontCare 0 0 -1 986.4450992245323 146.98216821952005 1043.0006651860701 192.2087344939645 -1 -1 -1 -1000 -1000 -1000 -10
164 16026 car 0 0 -1 1149.743816678901 162.32500831616204 1260.285452219524 211.84866754730768 -1 -1 -1 -1000 -1000 -1000 -10
164 16018 car 0 0 -1 750.8422056455902 185.6642890824259 858.7513242607142 263.6158024768508 -1 -1 -1 -1000 -1000 -1000 -10
164 15982 car 0 0 -1 601.5500993953804 176.17905573416115 660.5701256267287 233.6311947897291 -1 -1 -1 -1000 -1000 -1000 -10
165 16031 DontCare 0 0 -1 1005.4111042373767 147.62851899555727 1065.3590147276607 193.48552905903227 -1 -1 -1 -1000 -1000 -1000 -10
165 16028 DontCare 0 0 -1 1001.7737283303416 146.4604140340542 1060.0609765433062 193.56863141601124 -1 -1 -1 -1000 -1000 -1000 -10
165 16018 car 0 0 -1 765.1836877274791 190.25287860027348 888.7379294386888 277.2888244379292 -1 -1 -1 -1000 -1000 -1000 -10
165 15982 car 0 0 -1 601.7993833283922 177.69076236210273 661.0789947417891 235.55294764395373 -1 -1 -1 -1000 -1000 -1000 -10
166 16031 DontCare 0 0 -1 1021.8185766952912 148.2197838872454 1082.3500262048794 197.2907354753546 -1 -1 -1 -1000 -1000 -1000 -10
166 16018 car 0 0 -1 784.1961399083342 194.76941189069086 928.4524674204127 293.2652422409489 -1 -1 -1 -1000 -1000 -1000 -10
166 15982 car 0 0 -1 601.6262674882244 179.11821567215827 660.810489208222 236.72640139568563 -1 -1 -1 -1000 -1000 -1000 -10
167 16031 DontCare 0 0 -1 1036.305190449861 144.3367986425794 1099.0183150848522 195.96597986959588 -1 -1 -1 -1000 -1000 -1000 -10
167 16018 car 0 0 -1 804.5795369785297 196.48380497925308 979.9973196587376 312.1936904824216 -1 -1 -1 -1000 -1000 -1000 -10
167 15982 car 0 0 -1 601.9213511613068 179.6942492229322 661.5834645488949 237.12100953130025 -1 -1 -1 -1000 -1000 -1000 -10
168 16031 DontCare 0 0 -1 1055.6381596411507 140.5823768709188 1123.5653509909134 196.47886225334165 -1 -1 -1 -1000 -1000 -1000 -10
168 16018 car 0 0 -1 833.3077997310884 198.93504727186777 1049.628672742542 338.890061085815 -1 -1 -1 -1000 -1000 -1000 -10
168 15982 car 0 0 -1 601.7258516767666 178.81740832821717 661.4668938550411 236.38664474384163 -1 -1 -1 -1000 -1000 -1000 -10
169 16018 car 0 0 -1 876.1768947171398 193.59428133936518 1150.2423418609776 358.2674737621982 -1 -1 -1 -1000 -1000 -1000 -10
169 15982 car 0 0 -1 601.3357336182535 178.25954005169598 661.6784525708993 235.66148010348098 -1 -1 -1 -1000 -1000 -1000 -10
170 16018 car 0 0 -1 907.8893685004422 195.4369125082813 1206.3791011945073 369.25768834745 -1 -1 -1 -1000 -1000 -1000 -10
170 15982 car 0 0 -1 600.5919284107679 178.7213913735846 661.6475736099574 236.00607849049362 -1 -1 -1 -1000 -1000 -1000 -10
171 16018 car 0 0 -1 947.2734340477436 192.93501065409464 1243.282576902991 373.0231624947007 -1 -1 -1 -1000 -1000 -1000 -10
171 15982 car 0 0 -1 600.6176128755257 179.94380204647248 661.9330119979865 237.6914808592571 -1 -1 -1 -1000 -1000 -1000 -10
172 16018 car 0 0 -1 1022.9685658691396 194.80256559731566 1279.8644007333933 375.87275381619935 -1 -1 -1 -1000 -1000 -1000 -10
172 15982 car 0 0 -1 600.7547029596954 180.78074140421162 662.5244277488537 238.59699395101214 -1 -1 -1 -1000 -1000 -1000 -10
173 15982 car 0 0 -1 600.8965889324943 181.07458398559413 663.271883287892 238.9444825849415 -1 -1 -1 -1000 -1000 -1000 -10
174 15982 car 0 0 -1 600.8167090297717 180.89066971113766 663.6504623171755 239.34983155424766 -1 -1 -1 -1000 -1000 -1000 -10
175 15982 car 0 0 -1 600.2203156054986 180.24014598728755 663.6700161303143 239.41005585369592 -1 -1 -1 -1000 -1000 -1000 -10
176 15982 car 0 0 -1 600.3357320954308 179.21252955943467 663.9549486841318 238.88857082433864 -1 -1 -1 -1000 -1000 -1000 -10
177 15982 car 0 0 -1 599.8762425429777 178.5336431669453 663.8832705256809 238.31204083185588 -1 -1 -1 -1000 -1000 -1000 -10
178 15982 car 0 0 -1 599.8798411108762 178.1865719976327 663.650601533539 238.82660817108473 -1 -1 -1 -1000 -1000 -1000 -10
179 15982 car 0 0 -1 599.8234975571131 177.41617590807678 664.2491793298698 239.00137804335364 -1 -1 -1 -1000 -1000 -1000 -10
180 15982 car 0 0 -1 599.6899274038307 177.23154987958628 664.5666369432273 238.9547093496725 -1 -1 -1 -1000 -1000 -1000 -10
181 15982 car 0 0 -1 598.7074315215044 177.1383916636086 663.6389070669235 238.95663023303408 -1 -1 -1 -1000 -1000 -1000 -10
182 15982 car 0 0 -1 598.1239662567446 176.62626901251343 662.8271901390829 238.77851850643015 -1 -1 -1 -1000 -1000 -1000 -10
183 15982 car 0 0 -1 597.6597534372197 175.24899794813348 662.7512085362987 237.93349014013637 -1 -1 -1 -1000 -1000 -1000 -10
184 15982 car 0 0 -1 597.4171093650714 173.79268425945315 662.7821824235457 236.59002629607158 -1 -1 -1 -1000 -1000 -1000 -10
185 15982 car 0 0 -1 597.2763046620404 173.0372695020747 662.8377922638714 235.63941963926595 -1 -1 -1 -1000 -1000 -1000 -10
186 15982 car 0 0 -1 597.1850469345366 172.98080234315097 662.892763939964 235.71696710192924 -1 -1 -1 -1000 -1000 -1000 -10
187 15982 car 0 0 -1 596.9338118851456 172.94684283604374 662.4738479540295 235.7760460432716 -1 -1 -1 -1000 -1000 -1000 -10
188 15982 car 0 0 -1 596.4004353889628 172.46020881420787 662.0976754865843 235.63474629559295 -1 -1 -1 -1000 -1000 -1000 -10
189 15982 car 0 0 -1 596.3608513024499 172.87248745052003 662.4452554627678 236.3049155817329 -1 -1 -1 -1000 -1000 -1000 -10
190 15982 car 0 0 -1 596.2792243630064 172.99120214490858 662.6451866580236 236.6102954552262 -1 -1 -1 -1000 -1000 -1000 -10
191 15982 car 0 0 -1 596.1962770562437 173.85179412419916 662.7736413415527 237.8792755238016 -1 -1 -1 -1000 -1000 -1000 -10
192 15982 car 0 0 -1 596.1289476078634 174.7627857162771 662.8585350532092 239.08799984133066 -1 -1 -1 -1000 -1000 -1000 -10
193 15982 car 0 0 -1 596.0795990725547 175.51952754260165 662.9147162063922 239.78752615050982 -1 -1 -1 -1000 -1000 -1000 -10
194 15982 car 0 0 -1 596.2298971326921 176.00041300897283 663.4200992411439 240.505797723495 -1 -1 -1 -1000 -1000 -1000 -10
195 15982 car 0 0 -1 596.2214362520656 175.67396123692993 663.676716070496 240.62450023094112 -1 -1 -1 -1000 -1000 -1000 -10
196 15982 car 0 0 -1 596.3614762757825 175.46375764044402 664.2817671860807 240.74502765309424 -1 -1 -1 -1000 -1000 -1000 -10
197 15982 car 0 0 -1 596.1456400614268 175.600226491414 664.1242095382429 240.56513964437812 -1 -1 -1 -1000 -1000 -1000 -10
198 15982 car 0 0 -1 596.238002161066 174.77273727510186 664.5393490863711 240.0618695568216 -1 -1 -1 -1000 -1000 -1000 -10
199 15982 car 0 0 -1 596.2177879849875 174.2107594075788 664.7487949322982 239.45990001746452 -1 -1 -1 -1000 -1000 -1000 -10
200 15982 car 0 0 -1 595.9762109609945 172.8898267302711 664.4050334870857 238.37848086049812 -1 -1 -1 -1000 -1000 -1000 -10
201 16036 DontCare 0 0 -1 704.5508304821949 139.62428878170834 745.6839476165303 193.6112306101727 -1 -1 -1 -1000 -1000 -1000 -10
201 15982 car 0 0 -1 595.9030724080521 173.46367915023905 664.252586372228 238.85516347784392 -1 -1 -1 -1000 -1000 -1000 -10
202 16036 DontCare 0 0 -1 706.4727559556927 138.44448129835376 750.2480757971782 194.19439061601923 -1 -1 -1 -1000 -1000 -1000 -10
202 15982 car 0 0 -1 595.698969992708 173.7028320918378 663.7162601487396 239.020698499907 -1 -1 -1 -1000 -1000 -1000 -10
203 16036 DontCare 0 0 -1 708.0817656042578 138.42131484010943 753.2362106413315 195.52849892585542 -1 -1 -1 -1000 -1000 -1000 -10
203 15982 car 0 0 -1 595.8692609859067 174.46015151427676 663.9175364105658 239.72605260542727 -1 -1 -1 -1000 -1000 -1000 -10
204 16036 DontCare 0 0 -1 709.9456513194476 137.06367515657587 759.1801786952759 197.97439319628455 -1 -1 -1 -1000 -1000 -1000 -10
204 15982 car 0 0 -1 595.9289023094242 174.7570247284901 663.9993976799636 239.9847032401573 -1 -1 -1 -1000 -1000 -1000 -10
205 16037 DontCare 0 0 -1 861.7628448118596 2.438691594008958 1244.943430529763 278.20761306078543 -1 -1 -1 -1000 -1000 -1000 -10
205 16036 DontCare 0 0 -1 715.0054482819404 136.53100515602483 766.4585106886301 199.5275644683373 -1 -1 -1 -1000 -1000 -1000 -10
205 15982 car 0 0 -1 596.1372048469611 175.52673384509276 664.4973989510111 240.7289394695985 -1 -1 -1 -1000 -1000 -1000 -10
206 16037 DontCare 0 0 -1 868.8156750746157 5.238208858133021 1249.0423164712506 289.4915527904415 -1 -1 -1 -1000 -1000 -1000 -10
206 16036 DontCare 0 0 -1 719.9051732254559 135.68820843574235 774.6356266082289 201.37016500820607 -1 -1 -1 -1000 -1000 -1000 -10
206 15982 car 0 0 -1 596.1657472500824 175.6332126370989 664.7354865958762 240.53870964828297 -1 -1 -1 -1000 -1000 -1000 -10
207 16038 DontCare 0 0 -1 713.5111442775817 129.1705593212723 784.7823283458249 203.06483005630005 -1 -1 -1 -1000 -1000 -1000 -10
207 16037 DontCare 0 0 -1 872.7856603327799 18.878298952756182 1258.663259704731 334.43376585602107 -1 -1 -1 -1000 -1000 -1000 -10
207 15982 car 0 0 -1 595.9495124346838 175.72143221534142 664.397091740957 240.41129864120407 -1 -1 -1 -1000 -1000 -1000 -10
208 16038 DontCare 0 0 -1 715.0666518624674 125.47407954190852 795.7815717651016 206.0941799325995 -1 -1 -1 -1000 -1000 -1000 -10
208 16037 DontCare 0 0 -1 886.4892704146837 -6.514497313509651 1250.2026706218553 265.9556471544842 -1 -1 -1 -1000 -1000 -1000 -10
208 15982 car 0 0 -1 595.5089174773929 175.79095170985178 663.3188481122935 240.3203597282965 -1 -1 -1 -1000 -1000 -1000 -10
209 16038 DontCare 0 0 -1 721.7337252579225 120.13120293362928 810.823951750092 206.6865550003652 -1 -1 -1 -1000 -1000 -1000 -10
209 16037 DontCare 0 0 -1 899.1631246919917 -10.929968404697078 1245.2441293883596 233.84280229749658 -1 -1 -1 -1000 -1000 -1000 -10
209 15982 car 0 0 -1 595.453961709007 175.84347295740343 662.7979664205252 240.25384818462652 -1 -1 -1 -1000 -1000 -1000 -10
210 16038 DontCare 0 0 -1 725.3570810118573 116.26665084232167 826.6699871126431 212.15454828653242 -1 -1 -1 -1000 -1000 -1000 -10
210 16037 DontCare 0 0 -1 903.573342605075 -7.984798695332103 1240.3350525812405 222.61519759326768 -1 -1 -1 -1000 -1000 -1000 -10
210 15982 car 0 0 -1 594.4004733191266 175.881082700217 661.6778587214085 240.20565038771053 -1 -1 -1 -1000 -1000 -1000 -10
211 16038 DontCare 0 0 -1 731.3870984113236 110.19495206851101 846.4460826556873 213.88266333187946 -1 -1 -1 -1000 -1000 -1000 -10
211 16037 DontCare 0 0 -1 905.35798182333 -4.738935123592086 1237.3238840707866 217.58976327093703 -1 -1 -1 -1000 -1000 -1000 -10
211 15982 car 0 0 -1 593.3609348423292 175.4454171967037 660.5936317723642 239.97955710312854 -1 -1 -1 -1000 -1000 -1000 -10
212 16038 DontCare 0 0 -1 737.6819167057257 103.37132218172167 872.8241068892354 220.66863309832513 -1 -1 -1 -1000 -1000 -1000 -10
212 16037 DontCare 0 0 -1 906.4495330278401 -1.4534465603506277 1236.1849585332793 217.49510414845383 -1 -1 -1 -1000 -1000 -1000 -10
212 15982 car 0 0 -1 591.8666151626886 175.51682942853472 659.3357942542463 239.6534633781493 -1 -1 -1 -1000 -1000 -1000 -10
213 16038 DontCare 0 0 -1 745.1884885957489 93.93815036231308 905.0272044590746 226.75394707815047 -1 -1 -1 -1000 -1000 -1000 -10
213 16037 DontCare 0 0 -1 911.2931898376731 0.6908991794138899 1237.15803518608 217.56540785585378 -1 -1 -1 -1000 -1000 -1000 -10
213 15982 car 0 0 -1 590.4257600710364 175.61118074772907 657.7918244465664 239.4606994981632 -1 -1 -1 -1000 -1000 -1000 -10
214 16038 DontCare 0 0 -1 758.0979857327765 80.37223929967895 952.4800908220856 234.4330862447515 -1 -1 -1 -1000 -1000 -1000 -10
214 16037 DontCare 0 0 -1 924.2619813375684 5.027912821102902 1242.1992894705816 224.35843919089098 -1 -1 -1 -1000 -1000 -1000 -10
214 16036 DontCare 0 0 -1 713.9032882034437 124.69179709236673 796.07775070295 205.48989503845624 -1 -1 -1 -1000 -1000 -1000 -10
214 15982 car 0 0 -1 589.0676200745181 176.35016144188205 656.0835041167793 239.98928306995725 -1 -1 -1 -1000 -1000 -1000 -10
215 16042 DontCare 0 0 -1 709.8435600656966 134.2741873175937 775.2737525738102 202.01959094523644 -1 -1 -1 -1000 -1000 -1000 -10
215 16038 DontCare 0 0 -1 782.2325603718032 66.37797247857661 1020.1776040475352 248.365860109707 -1 -1 -1 -1000 -1000 -1000 -10
215 16037 DontCare 0 0 -1 927.6946570909602 4.175144666488251 1241.2971541249246 222.9316344165359 -1 -1 -1 -1000 -1000 -1000 -10
215 16036 DontCare 0 0 -1 712.6916911182627 123.7714491947033 797.3593020311164 204.9729856364579 -1 -1 -1 -1000 -1000 -1000 -10
215 15982 car 0 0 -1 587.3238209159184 176.0139344472195 654.0834533982098 239.49834868364215 -1 -1 -1 -1000 -1000 -1000 -10
216 16044 DontCare 0 0 -1 718.1471376391677 112.82766618392014 829.794091426295 211.6428833416569 -1 -1 -1 -1000 -1000 -1000 -10
216 16037 DontCare 0 0 -1 851.2003913672293 11.676326964176681 1205.2073329254158 257.12810056267784 -1 -1 -1 -1000 -1000 -1000 -10
216 15982 car 0 0 -1 586.073528409199 175.25915523427042 652.6456857563918 238.62995407690036 -1 -1 -1 -1000 -1000 -1000 -10
217 16046 DontCare 0 0 -1 739.8013507178515 94.8532083350235 888.9615560823437 224.02940261561383 -1 -1 -1 -1000 -1000 -1000 -10
217 16044 DontCare 0 0 -1 730.6917043450406 105.61203005436329 845.2170841750166 212.05353294882508 -1 -1 -1 -1000 -1000 -1000 -10
217 16037 DontCare 0 0 -1 831.9038218377578 14.853931399610616 1215.818783539131 284.23646152841013 -1 -1 -1 -1000 -1000 -1000 -10
217 15982 car 0 0 -1 584.6228213428868 174.80324109428824 650.5093005281414 237.81723502300974 -1 -1 -1 -1000 -1000 -1000 -10
218 16046 DontCare 0 0 -1 749.1802352931096 80.06930127622424 931.4277274172044 231.7584109017858 -1 -1 -1 -1000 -1000 -1000 -10
218 16042 DontCare 0 0 -1 715.5067966056143 120.9881977100404 797.9250735993129 204.20451917847427 -1 -1 -1 -1000 -1000 -1000 -10
218 16037 DontCare 0 0 -1 833.6440440717419 21.644339906802912 1232.161660716937 317.77160907076995 -1 -1 -1 -1000 -1000 -1000 -10
218 16036 DontCare 0 0 -1 720.4643945344299 114.21989506701325 819.054779714548 208.50228265018612 -1 -1 -1 -1000 -1000 -1000 -10
218 15982 car 0 0 -1 583.5650468621325 174.69681719733944 648.9496225456128 237.44686013200374 -1 -1 -1 -1000 -1000 -1000 -10
219 16046 DontCare 0 0 -1 774.386548092298 66.25150384490082 989.2821369543644 243.87495906351734 -1 -1 -1 -1000 -1000 -1000 -10
219 16042 DontCare 0 0 -1 717.0136699038834 117.0191091659292 804.1542122339048 205.91445530402075 -1 -1 -1 -1000 -1000 -1000 -10
219 16037 DontCare 0 0 -1 853.6260141988103 22.38172719080393 1246.8632728982477 337.30954299393994 -1 -1 -1 -1000 -1000 -1000 -10
219 16036 DontCare 0 0 -1 725.2960685427457 109.05592976144689 833.4565585956701 210.9965922661934 -1 -1 -1 -1000 -1000 -1000 -10
219 15982 car 0 0 -1 582.1629318019766 174.706563593304 647.4541725503389 237.26318883536754 -1 -1 -1 -1000 -1000 -1000 -10
220 16046 DontCare 0 0 -1 798.4828887926935 45.16451053155271 1067.6169223254594 266.1268902780893 -1 -1 -1 -1000 -1000 -1000 -10
220 16042 DontCare 0 0 -1 713.1452292758048 122.62149436468641 801.9776457528811 206.609128510567 -1 -1 -1 -1000 -1000 -1000 -10
220 16037 DontCare 0 0 -1 843.8291660594915 10.837184629387764 1242.9391882658883 331.9058791169966 -1 -1 -1 -1000 -1000 -1000 -10
220 16036 DontCare 0 0 -1 729.7615825679813 105.40779482018081 843.8956208652637 214.9742124903949 -1 -1 -1 -1000 -1000 -1000 -10
220 15982 car 0 0 -1 581.4867252484353 174.74878762040328 646.4355239428155 237.16239039023492 -1 -1 -1 -1000 -1000 -1000 -10
221 16050 DontCare 0 0 -1 704.9614713772424 133.33844017551576 773.5545375379492 201.29379164541376 -1 -1 -1 -1000 -1000 -1000 -10
221 16044 DontCare 0 0 -1 740.3604454568724 85.62363122197478 913.012828087787 232.9068948666445 -1 -1 -1 -1000 -1000 -1000 -10
221 16042 DontCare 0 0 -1 708.9125634579441 123.86193864028172 798.9095675794636 207.71510555902267 -1 -1 -1 -1000 -1000 -1000 -10
221 16038 DontCare 0 0 -1 960.680987897931 19.993092412236024 1249.5952507921397 294.6869046577508 -1 -1 -1 -1000 -1000 -1000 -10
221 16037 DontCare 0 0 -1 831.9063618776954 5.066428170237685 1237.9047396740016 330.3244105139471 -1 -1 -1 -1000 -1000 -1000 -10
221 15982 car 0 0 -1 581.1294808619645 175.0672879443057 645.5562165129819 236.82879568464404 -1 -1 -1 -1000 -1000 -1000 -10
222 16050 DontCare 0 0 -1 706.0580406981162 132.0618197839443 773.3053492155027 200.3821616394562 -1 -1 -1 -1000 -1000 -1000 -10
222 16044 DontCare 0 0 -1 753.3906263838642 71.7520056248755 951.4449795986554 239.79918823676076 -1 -1 -1 -1000 -1000 -1000 -10
222 16042 DontCare 0 0 -1 715.4140693102551 120.98638177361724 810.5593755787567 208.76094184878522 -1 -1 -1 -1000 -1000 -1000 -10
222 16038 DontCare 0 0 -1 973.1198018550297 22.913822618820745 1263.6491821807542 331.9255698347261 -1 -1 -1 -1000 -1000 -1000 -10
222 16037 DontCare 0 0 -1 840.3398552042834 9.888365968304157 1244.77872877015 348.07772949408786 -1 -1 -1 -1000 -1000 -1000 -10
222 15982 car 0 0 -1 580.4639961087955 175.30687472498386 644.5051519715078 236.5900923685673 -1 -1 -1 -1000 -1000 -1000 -10
223 16050 DontCare 0 0 -1 705.4452999689937 131.18002499181847 774.2399075431746 200.4580078599938 -1 -1 -1 -1000 -1000 -1000 -10
223 16044 DontCare 0 0 -1 770.7078739580663 55.209684242562346 1007.5437113693251 251.17535621543624 -1 -1 -1 -1000 -1000 -1000 -10
223 16042 DontCare 0 0 -1 714.1800477931076 118.54348144537767 812.2723224523461 209.19716301667853 -1 -1 -1 -1000 -1000 -1000 -10
223 16037 DontCare 0 0 -1 873.2008553683495 12.228692351074159 1258.4251116442551 359.97756868020747 -1 -1 -1 -1000 -1000 -1000 -10
223 15982 car 0 0 -1 580.3084262250222 175.67517700661446 644.066854003275 236.88114134411515 -1 -1 -1 -1000 -1000 -1000 -10
224 16050 DontCare 0 0 -1 711.4266428282615 128.1856848886035 783.7480438848431 202.43984447067035 -1 -1 -1 -1000 -1000 -1000 -10
224 16042 DontCare 0 0 -1 716.1640060000566 116.05324925888854 815.60079356803 209.6270188915348 -1 -1 -1 -1000 -1000 -1000 -10
224 16036 DontCare 0 0 -1 726.4877320333466 107.16782163485695 848.4887672351955 218.3633469022964 -1 -1 -1 -1000 -1000 -1000 -10
224 15982 car 0 0 -1 580.3276942838601 176.29438506524883 643.8783005309186 237.1698564596856 -1 -1 -1 -1000 -1000 -1000 -10
225 16050 DontCare 0 0 -1 711.9363151826306 127.7035598426444 789.456733760072 203.22925139252357 -1 -1 -1 -1000 -1000 -1000 -10
225 16046 DontCare 0 0 -1 808.1199429520842 0.7240880479317013 1239.0509157971185 340.3593256424307 -1 -1 -1 -1000 -1000 -1000 -10
225 16042 DontCare 0 0 -1 711.8909677393831 115.32457752096245 810.3648501095204 210.2798784165792 -1 -1 -1 -1000 -1000 -1000 -10
225 16036 DontCare 0 0 -1 719.1045522262785 107.15554707764579 839.9645048985277 217.34131649962399 -1 -1 -1 -1000 -1000 -1000 -10
225 15982 car 0 0 -1 580.2085370119559 176.58878986553964 643.3325103335054 237.2220844822524 -1 -1 -1 -1000 -1000 -1000 -10
226 16050 DontCare 0 0 -1 710.9456541108376 127.60424725313058 792.5910954306511 204.11207070271197 -1 -1 -1 -1000 -1000 -1000 -10
226 16046 DontCare 0 0 -1 827.2175685751084 1.193659329934377 1260.919357013469 358.305517799167 -1 -1 -1 -1000 -1000 -1000 -10
226 15982 car 0 0 -1 579.6096394463704 176.55408718386246 642.4217406928796 236.73524341760793 -1 -1 -1 -1000 -1000 -1000 -10
227 16054 DontCare 0 0 -1 703.0705716342069 134.4832226135839 766.2824132168927 203.57554832095332 -1 -1 -1 -1000 -1000 -1000 -10
227 16053 DontCare 0 0 -1 752.3281330784731 69.94797764482738 1003.4316181122277 255.99332783049132 -1 -1 -1 -1000 -1000 -1000 -10
227 16050 DontCare 0 0 -1 711.9082473759523 126.46264685092754 796.9947012834606 205.53381167599937 -1 -1 -1 -1000 -1000 -1000 -10
227 15982 car 0 0 -1 578.6180612268066 177.08354832292133 640.9286528950319 236.6607246287217 -1 -1 -1 -1000 -1000 -1000 -10
228 16054 DontCare 0 0 -1 705.9716899492962 131.5551368471218 773.0749261932888 204.79563692441855 -1 -1 -1 -1000 -1000 -1000 -10
228 16053 DontCare 0 0 -1 762.8065483092714 51.73927727663303 1064.151857777515 276.60415739434563 -1 -1 -1 -1000 -1000 -1000 -10
228 16050 DontCare 0 0 -1 711.7507362707138 124.58664612778729 801.6915595146811 208.83999430803584 -1 -1 -1 -1000 -1000 -1000 -10
228 16042 DontCare 0 0 -1 719.1825204626692 112.99170022641476 824.8288083415333 214.13563934545016 -1 -1 -1 -1000 -1000 -1000 -10
228 16037 DontCare 0 0 -1 928.201546444167 7.034939495278877 1264.0817141795587 371.5607134935612 -1 -1 -1 -1000 -1000 -1000 -10
228 15982 car 0 0 -1 578.1662155325049 178.0436911808604 639.8330762699865 237.1794729129853 -1 -1 -1 -1000 -1000 -1000 -10
229 16054 DontCare 0 0 -1 706.6556431138542 134.47472451586128 773.1320643753743 207.68333960673414 -1 -1 -1 -1000 -1000 -1000 -10
229 16053 DontCare 0 0 -1 792.6172421044843 9.138783918325402 1198.7281005577306 302.67390429792783 -1 -1 -1 -1000 -1000 -1000 -10
229 16050 DontCare 0 0 -1 711.8812298903582 123.83625180263664 805.1181053724812 211.44255087964962 -1 -1 -1 -1000 -1000 -1000 -10
229 16037 DontCare 0 0 -1 969.0791421865899 6.6826602554646115 1269.3919938688357 371.99798210676363 -1 -1 -1 -1000 -1000 -1000 -10
229 15982 car 0 0 -1 577.670269343886 178.48610615266156 639.1390950164737 237.29603243730324 -1 -1 -1 -1000 -1000 -1000 -10
230 16054 DontCare 0 0 -1 707.2255543756349 131.1949406972853 772.4931095288856 206.82541942428122 -1 -1 -1 -1000 -1000 -1000 -10
230 16053 DontCare 0 0 -1 795.6453029147866 1.1345477806921735 1250.9606910422049 336.74419362768737 -1 -1 -1 -1000 -1000 -1000 -10
230 16050 DontCare 0 0 -1 710.5835511151802 121.97350441703796 805.6273048433691 211.99348465047794 -1 -1 -1 -1000 -1000 -1000 -10
230 16036 DontCare 0 0 -1 731.7495685189566 99.28381299316887 869.2927786828485 225.64124914564184 -1 -1 -1 -1000 -1000 -1000 -10
230 15982 car 0 0 -1 577.1626143057524 178.5179441137396 637.9390955016911 236.81803136174278 -1 -1 -1 -1000 -1000 -1000 -10
231 16053 DontCare 0 0 -1 809.6234430240168 0.5886314012643936 1276.8901164868105 361.835830328671 -1 -1 -1 -1000 -1000 -1000 -10
231 16050 DontCare 0 0 -1 713.6919517094514 121.32534167838124 812.6708495238242 215.43360741250189 -1 -1 -1 -1000 -1000 -1000 -10
231 16036 DontCare 0 0 -1 744.1764847246418 88.18741648321617 899.3921848017987 228.88635659309807 -1 -1 -1 -1000 -1000 -1000 -10
231 15982 car 0 0 -1 576.4643510120518 178.61883329175674 636.7328183327829 236.54252056744332 -1 -1 -1 -1000 -1000 -1000 -10
232 16053 DontCare 0 0 -1 837.9410264403643 0.07653351558937516 1290.3774977072806 374.20065189718537 -1 -1 -1 -1000 -1000 -1000 -10
232 16042 DontCare 0 0 -1 720.7012897335848 106.4406116236381 839.4205161494389 218.76028392393073 -1 -1 -1 -1000 -1000 -1000 -10
232 16036 DontCare 0 0 -1 769.6292693229219 76.31155053357938 955.0019229653695 239.14137184219194 -1 -1 -1 -1000 -1000 -1000 -10
232 15982 car 0 0 -1 575.6605382418899 178.5330152980421 635.5581429239675 235.9052602255018 -1 -1 -1 -1000 -1000 -1000 -10
233 16053 DontCare 0 0 -1 833.9988996448432 -8.615482597670308 1283.7886991121468 366.8869799353282 -1 -1 -1 -1000 -1000 -1000 -10
233 16042 DontCare 0 0 -1 725.3787833065921 100.30916068155416 853.2073705052667 220.01271676077636 -1 -1 -1 -1000 -1000 -1000 -10
233 16036 DontCare 0 0 -1 794.6967449639257 49.00647096099915 1030.8320271894538 254.7541655312287 -1 -1 -1 -1000 -1000 -1000 -10
233 15982 car 0 0 -1 574.7947601722768 177.94324863647734 634.4185038817419 234.9123321736347 -1 -1 -1 -1000 -1000 -1000 -10
234 16053 DontCare 0 0 -1 816.3543308112146 -10.345665776202736 1272.1799666350396 369.9129804501574 -1 -1 -1 -1000 -1000 -1000 -10
234 16042 DontCare 0 0 -1 736.8080840967727 92.21998974145087 881.2965904076882 223.67342045818606 -1 -1 -1 -1000 -1000 -1000 -10
234 16037 DontCare 0 0 -1 982.0854345977066 3.4123195184164103 1256.2680229657083 374.17168034695305 -1 -1 -1 -1000 -1000 -1000 -10
234 15982 car 0 0 -1 574.3516399972109 177.79085322043167 633.5001561774379 234.46509190322232 -1 -1 -1 -1000 -1000 -1000 -10
235 16053 DontCare 0 0 -1 826.9469359084884 -7.410695060629678 1275.3550408900805 379.3757488159116 -1 -1 -1 -1000 -1000 -1000 -10
235 16042 DontCare 0 0 -1 754.8197378973648 80.34635091192182 928.4076499017392 233.90285833033874 -1 -1 -1 -1000 -1000 -1000 -10
235 15982 car 0 0 -1 574.2935294341708 177.7877125740876 633.0945340336964 234.24506662674554 -1 -1 -1 -1000 -1000 -1000 -10
236 15982 car 0 0 -1 574.3582091586851 177.6382913459509 632.9049759824715 233.66213761842107 -1 -1 -1 -1000 -1000 -1000 -10
237 16050 DontCare 0 0 -1 763.8499826458886 108.14954561407433 867.7286219745052 216.87315530541736 -1 -1 -1 -1000 -1000 -1000 -10
237 16037 DontCare 0 0 -1 985.1561813022593 1.888567236318039 1253.3277752845986 375.4506906690874 -1 -1 -1 -1000 -1000 -1000 -10
237 16036 DontCare 0 0 -1 800.4592273764679 23.891277055614978 1118.9857382678351 285.15586693594724 -1 -1 -1 -1000 -1000 -1000 -10
237 15982 car 0 0 -1 574.4519320391456 177.66051724154934 632.8113221082455 233.36807005961592 -1 -1 -1 -1000 -1000 -1000 -10
238 16053 DontCare 0 0 -1 810.5730371841597 -9.73062388433246 1261.3696863315154 386.3080806849788 -1 -1 -1 -1000 -1000 -1000 -10
238 15982 car 0 0 -1 574.5424175787648 177.72781744012838 632.7642613422145 233.20474999811069 -1 -1 -1 -1000 -1000 -1000 -10
239 16053 DontCare 0 0 -1 820.9330500814667 -9.039581920717666 1264.4157485441597 386.599527437396 -1 -1 -1 -1000 -1000 -1000 -10
239 15982 car 0 0 -1 574.8102792629724 177.1431776534904 633.2052869855785 232.45409062371465 -1 -1 -1 -1000 -1000 -1000 -10
240 16053 DontCare 0 0 -1 853.1083465140531 -8.202350736255198 1273.3361676502134 386.00035472602025 -1 -1 -1 -1000 -1000 -1000 -10
240 15982 car 0 0 -1 575.3629094713067 176.7663132867648 633.609625266723 231.67941347372053 -1 -1 -1 -1000 -1000 -1000 -10
241 15982 car 0 0 -1 576.07745720947 177.3512946589846 633.9406712872905 231.97451156860507 -1 -1 -1 -1000 -1000 -1000 -10
242 15982 car 0 0 -1 576.4262623078627 177.1680415067602 634.0125541197566 231.8499150180235 -1 -1 -1 -1000 -1000 -1000 -10
243 15982 car 0 0 -1 576.6183089801683 176.90200833417816 633.9995552839531 231.355083762407 -1 -1 -1 -1000 -1000 -1000 -10
244 15982 car 0 0 -1 577.388523024868 176.19293041390557 634.6199367089642 230.4790275566242 -1 -1 -1 -1000 -1000 -1000 -10
245 15982 car 0 0 -1 577.7136313047221 175.30595194109281 634.835810110521 229.4703905577175 -1 -1 -1 -1000 -1000 -1000 -10
246 15982 car 0 0 -1 578.703811587708 175.4630268286734 636.0188311794826 229.2627316586015 -1 -1 -1 -1000 -1000 -1000 -10
247 15982 car 0 0 -1 579.4264208483368 175.12429065902526 637.431574699778 228.94709403482048 -1 -1 -1 -1000 -1000 -1000 -10
248 15982 car 0 0 -1 580.0419182072974 175.0022607097037 638.2773471276021 228.83783481327578 -1 -1 -1 -1000 -1000 -1000 -10
249 15982 car 0 0 -1 580.8842601017014 174.96202429642545 639.2881537229267 228.80722791485192 -1 -1 -1 -1000 -1000 -1000 -10
250 15982 car 0 0 -1 581.6318943778541 174.9548746362766 639.8853353163048 228.80338626299863 -1 -1 -1 -1000 -1000 -1000 -10
251 15982 car 0 0 -1 582.5871299917455 174.95868524282977 640.7311739399809 228.81000196226628 -1 -1 -1 -1000 -1000 -1000 -10
252 15982 car 0 0 -1 584.0771410731174 174.7772030086594 641.8652637064047 228.35575362069187 -1 -1 -1 -1000 -1000 -1000 -10
253 15982 car 0 0 -1 584.8814303051386 174.95123578331936 642.6868795493472 228.6062493318792 -1 -1 -1 -1000 -1000 -1000 -10
254 15982 car 0 0 -1 585.6348938728129 175.47446483742993 643.1760509670767 228.90938537670536 -1 -1 -1 -1000 -1000 -1000 -10
255 15982 car 0 0 -1 587.0691190018474 176.17991322337866 644.143113481736 229.1799780162175 -1 -1 -1 -1000 -1000 -1000 -10
256 15982 car 0 0 -1 588.1437856994776 176.5277323593087 644.6011349041896 229.20857744374842 -1 -1 -1 -1000 -1000 -1000 -10
257 15982 car 0 0 -1 589.9486096926418 176.06567283047113 645.9551187431358 228.51084700192317 -1 -1 -1 -1000 -1000 -1000 -10
258 15982 car 0 0 -1 592.1891546702557 175.93303801510677 648.1402143471896 228.20704374786516 -1 -1 -1 -1000 -1000 -1000 -10
259 15982 car 0 0 -1 593.8619523338999 175.63919820548537 650.060564321337 228.3411766406263 -1 -1 -1 -1000 -1000 -1000 -10
260 15982 car 0 0 -1 595.5477426265694 175.92141669353643 651.6440842820588 228.65766710087277 -1 -1 -1 -1000 -1000 -1000 -10
261 15982 car 0 0 -1 596.1758972642448 176.02491521043856 652.1980701428716 228.78673115689725 -1 -1 -1 -1000 -1000 -1000 -10
262 15982 car 0 0 -1 597.2393928461315 176.05900238897397 653.4817021195429 228.84444466555323 -1 -1 -1 -1000 -1000 -1000 -10
263 15982 car 0 0 -1 598.5010719226191 176.0733784610742 654.356914905873 228.86761353513631 -1 -1 -1 -1000 -1000 -1000 -10
264 15982 car 0 0 -1 599.6712297732939 176.5405400494615 655.242627764549 229.0699321934397 -1 -1 -1 -1000 -1000 -1000 -10
265 15982 car 0 0 -1 600.7874489471229 176.76501343909226 656.1508716671248 229.10073172124666 -1 -1 -1 -1000 -1000 -1000 -10
266 15982 car 0 0 -1 601.5956220299515 176.88149350808308 657.3548213399513 229.08074649797751 -1 -1 -1 -1000 -1000 -1000 -10
267 15982 car 0 0 -1 602.2656655306204 176.76182037554264 658.0389289331507 228.58315501239963 -1 -1 -1 -1000 -1000 -1000 -10
268 15982 car 0 0 -1 603.6035269980325 177.43460120868886 659.1119736574599 228.98179616377504 -1 -1 -1 -1000 -1000 -1000 -10
269 15982 car 0 0 -1 604.5903373774502 177.54835648236434 659.6315423408296 228.62125518303804 -1 -1 -1 -1000 -1000 -1000 -10
270 15982 car 0 0 -1 605.2065041233194 177.67465363987827 660.1780310534967 228.39932562412878 -1 -1 -1 -1000 -1000 -1000 -10
271 15982 car 0 0 -1 606.0758330414011 177.78221553591732 660.995470239291 228.2542188751425 -1 -1 -1 -1000 -1000 -1000 -10
272 15982 car 0 0 -1 607.0384544822292 177.86631377620972 661.9199491473609 228.15494532894093 -1 -1 -1 -1000 -1000 -1000 -10
273 15982 car 0 0 -1 608.4973077333484 177.93083752897067 663.0773424284016 228.08390301882625 -1 -1 -1 -1000 -1000 -1000 -10
274 16056 car 0 0 -1 520.5112222985936 181.3728145843197 552.942159986902 203.50628042236025 -1 -1 -1 -1000 -1000 -1000 -10
274 15982 car 0 0 -1 609.0707883478648 177.51717912182113 663.4368212920084 227.84145584985737 -1 -1 -1 -1000 -1000 -1000 -10
275 16058 car 0 0 -1 544.6190733391097 178.0035022342887 585.2643781199424 206.93749760160642 -1 -1 -1 -1000 -1000 -1000 -10
275 16056 car 0 0 -1 511.6349003714004 181.44059569087491 546.3251980907891 204.9451217258451 -1 -1 -1 -1000 -1000 -1000 -10
275 15982 car 0 0 -1 609.4852951847959 177.32636439716492 663.9691470429902 227.78345885788866 -1 -1 -1 -1000 -1000 -1000 -10
276 16058 car 0 0 -1 534.5600199402583 177.91979216965527 578.9623320141076 209.1880566949504 -1 -1 -1 -1000 -1000 -1000 -10
276 16056 car 0 0 -1 499.25158658330184 181.35072362128076 536.4274394409812 206.1312028462141 -1 -1 -1 -1000 -1000 -1000 -10
276 15982 car 0 0 -1 610.0586089863324 177.04352776917264 664.350612172895 227.32050694696343 -1 -1 -1 -1000 -1000 -1000 -10
277 16058 car 0 0 -1 524.1869844992397 178.12621794164906 571.596104773335 211.7788207244569 -1 -1 -1 -1000 -1000 -1000 -10
277 16056 car 0 0 -1 485.9919861798149 181.46111831456545 525.2094792785526 207.69421266083424 -1 -1 -1 -1000 -1000 -1000 -10
277 15982 car 0 0 -1 610.9280162326642 176.04613825463366 665.0943804828638 226.73169418080067 -1 -1 -1 -1000 -1000 -1000 -10
278 16058 car 0 0 -1 512.2708364812152 178.90584279343486 563.9857604479537 215.43996200370034 -1 -1 -1 -1000 -1000 -1000 -10
278 16056 car 0 0 -1 471.3094547744633 181.05051163399418 514.7371735601763 209.98704855244267 -1 -1 -1 -1000 -1000 -1000 -10
278 15982 car 0 0 -1 611.7210468594726 176.06091957964267 665.5128176619914 226.7736151473733 -1 -1 -1 -1000 -1000 -1000 -10
279 16058 car 0 0 -1 497.01353981074277 179.97083914183756 554.2237615748975 220.01047512969714 -1 -1 -1 -1000 -1000 -1000 -10
279 16056 car 0 0 -1 453.9928525341824 181.8366068528786 503.3345049364265 214.55312064626256 -1 -1 -1 -1000 -1000 -1000 -10
279 15982 car 0 0 -1 612.7137504238243 176.06532826314933 666.2326971302892 226.79863093294776 -1 -1 -1 -1000 -1000 -1000 -10
280 16058 car 0 0 -1 477.589926332393 180.55613230197562 542.7089461629203 225.42619786851677 -1 -1 -1 -1000 -1000 -1000 -10
280 16056 car 0 0 -1 433.13832189870067 183.27182345576963 487.5162259715285 219.04115489837247 -1 -1 -1 -1000 -1000 -1000 -10
280 15982 car 0 0 -1 613.9452427745749 175.79345278981936 667.5575937803402 227.08873143178351 -1 -1 -1 -1000 -1000 -1000 -10
281 16058 car 0 0 -1 454.5177590587873 181.86520748660044 529.477571319855 232.96164908098692 -1 -1 -1 -1000 -1000 -1000 -10
281 16056 car 0 0 -1 408.7657920505117 184.45131673021203 473.05676068383895 224.63773022909103 -1 -1 -1 -1000 -1000 -1000 -10
281 15982 car 0 0 -1 615.0284952418776 176.055243186769 668.6967094462198 227.49318108649462 -1 -1 -1 -1000 -1000 -1000 -10
282 16058 car 0 0 -1 424.2026899413446 183.94917264474014 512.2159222876522 242.73552370181284 -1 -1 -1 -1000 -1000 -1000 -10
282 16056 car 0 0 -1 376.0905129840431 185.51650509755004 450.90215084654136 231.3058438276128 -1 -1 -1 -1000 -1000 -1000 -10
282 15982 car 0 0 -1 615.591273166946 176.12893332262803 669.574311534912 227.67729461229948 -1 -1 -1 -1000 -1000 -1000 -10
283 16058 car 0 0 -1 382.7872831174152 186.31071168527205 488.67874576882036 255.9662077544063 -1 -1 -1 -1000 -1000 -1000 -10
283 16056 car 0 0 -1 333.35523544334296 187.67887328265886 423.7023857177925 241.18606982858586 -1 -1 -1 -1000 -1000 -1000 -10
283 15982 car 0 0 -1 615.9108622132194 176.1365422863941 670.397790908353 227.77056481479877 -1 -1 -1 -1000 -1000 -1000 -10
284 16058 car 0 0 -1 320.9788128853543 190.53432611467423 455.9896604530405 277.33271920587885 -1 -1 -1 -1000 -1000 -1000 -10
284 16056 car 0 0 -1 279.6567231995858 189.643337659603 394.73213015245017 254.16538870001818 -1 -1 -1 -1000 -1000 -1000 -10
284 15982 car 0 0 -1 616.1056450140229 176.12332243359035 671.2344740175276 227.8242644583198 -1 -1 -1 -1000 -1000 -1000 -10
285 16058 car 0 0 -1 209.9602309982099 196.36092515389674 403.3673268238663 314.0097855452447 -1 -1 -1 -1000 -1000 -1000 -10
285 15982 car 0 0 -1 616.6894606155829 175.64252775450987 672.2945169859092 227.66921909951807 -1 -1 -1 -1000 -1000 -1000 -10
286 16058 car 0 0 -1 77.28994809220065 201.0030716967092 329.2766347655316 350.73840739537934 -1 -1 -1 -1000 -1000 -1000 -10
286 15982 car 0 0 -1 617.7286865260313 174.759127856021 673.1326450012342 227.00765179809343 -1 -1 -1 -1000 -1000 -1000 -10
287 16058 car 0 0 -1 -7.053859221777259 204.96249050359893 224.46915436344318 363.1244253470704 -1 -1 -1 -1000 -1000 -1000 -10
287 15982 car 0 0 -1 618.7849956079984 174.38652035568253 674.0419434765569 226.79894716864635 -1 -1 -1 -1000 -1000 -1000 -10
288 15982 car 0 0 -1 619.8377491776919 174.219755048797 674.9874496875989 226.75305703466128 -1 -1 -1 -1000 -1000 -1000 -10
289 15982 car 0 0 -1 620.5043166673113 173.9510124367415 675.0246253740058 226.29662940087815 -1 -1 -1 -1000 -1000 -1000 -10
290 15982 car 0 0 -1 620.3771640057968 173.88611951651643 674.7118599459387 226.09528192043229 -1 -1 -1 -1000 -1000 -1000 -10
291 15982 car 0 0 -1 620.336961494197 174.3543473489275 674.5352468252498 226.18873279230706 -1 -1 -1 -1000 -1000 -1000 -10
292 15982 car 0 0 -1 620.1344688855396 174.60184155810282 673.9581431297671 226.1630716729298 -1 -1 -1 -1000 -1000 -1000 -10
293 15982 car 0 0 -1 619.6405996912317 174.74665140328514 673.4641334073722 226.10909211119255 -1 -1 -1 -1000 -1000 -1000 -10
