0 16228 DontCare 0 0 -1 545.0 170.0 666.0 272.0 -1 -1 -1 -1000 -1000 -1000 -10
0 16227 car 0 0 -1 458.0 178.0 568.0 217.0 -1 -1 -1 -1000 -1000 -1000 -10
1 16229 DontCare 0 0 -1 563.0 173.0 644.0 271.0 -1 -1 -1 -1000 -1000 -1000 -10
1 16228 DontCare 0 0 -1 564.1065378874014 171.9047178856182 679.8901660678523 269.0953819945256 -1 -1 -1 -1000 -1000 -1000 -10
1 16227 car 0 0 -1 472.2564409620633 178.58527873538637 581.7407623939096 215.41482114475744 -1 -1 -1 -1000 -1000 -1000 -10
2 16228 DontCare 0 0 -1 581.6018053857906 175.14634832825598 697.2779784001791 269.5594913596345 -1 -1 -1 -1000 -1000 -1000 -10
2 16227 car 0 0 -1 482.9940329569596 178.31489420533075 592.4157589778273 215.62633486013203 -1 -1 -1 -1000 -1000 -1000 -10
3 16228 DontCare 0 0 -1 601.1554021582764 179.36231003708002 712.7532100119437 267.71865671687164 -1 -1 -1 -1000 -1000 -1000 -10
3 16227 car 0 0 -1 495.20216798217774 177.6616494781323 606.1939957089008 216.29341144119206 -1 -1 -1 -1000 -1000 -1000 -10
4 16228 DontCare 0 0 -1 620.8946856173525 172.18658471862733 735.8467664653701 265.24733250860135 -1 -1 -1 -1000 -1000 -1000 -10
4 16227 car 0 0 -1 507.19387544948785 177.24132980383013 617.1891966854937 215.94428470754764 -1 -1 -1 -1000 -1000 -1000 -10
5 16228 DontCare 0 0 -1 640.7832123618222 170.0026551259226 754.0668960211298 263.6784008378369 -1 -1 -1 -1000 -1000 -1000 -10
5 16227 car 0 0 -1 519.9214331088987 177.85831449647372 628.881744458257 216.57953519423876 -1 -1 -1 -1000 -1000 -1000 -10
6 16228 DontCare 0 0 -1 659.1072385288255 170.4402299597361 772.364461001795 263.5111520280683 -1 -1 -1 -1000 -1000 -1000 -10
6 16227 car 0 0 -1 533.9051155134911 178.60451994766748 641.8989026613225 216.97536459121875 -1 -1 -1 -1000 -1000 -1000 -10
7 16228 DontCare 0 0 -1 676.65704722276 173.1710499806892 788.1618298256351 264.4634929037245 -1 -1 -1 -1000 -1000 -1000 -10
7 16227 car 0 0 -1 545.8883667736332 178.98799174393173 651.4678175511513 216.98344375782375 -1 -1 -1 -1000 -1000 -1000 -10
8 16228 DontCare 0 0 -1 695.5067651648908 174.36452345843531 806.3588544263439 264.6586119794403 -1 -1 -1 -1000 -1000 -1000 -10
8 16227 car 0 0 -1 557.6828333500737 178.45006085517716 662.0856300186672 216.27497215056243 -1 -1 -1 -1000 -1000 -1000 -10
9 16228 DontCare 0 0 -1 712.1330186072621 171.90316208139006 824.7252394688908 264.2638454650893 -1 -1 -1 -1000 -1000 -1000 -10
9 16227 car 0 0 -1 570.4695707339611 179.29549985197278 673.3970185485152 216.3195704811229 -1 -1 -1 -1000 -1000 -1000 -10
10 16228 DontCare 0 0 -1 729.7550756471901 171.9474539208249 842.0291766795947 263.85911454259326 -1 -1 -1 -1000 -1000 -1000 -10
10 16227 car 0 0 -1 581.6630359643616 178.99517486043516 679.5223615130471 214.926202087239 -1 -1 -1 -1000 -1000 -1000 -10
11 16228 DontCare 0 0 -1 748.7119177822321 172.99068193943742 861.3273243107583 264.04789209218137 -1 -1 -1 -1000 -1000 -1000 -10
11 16227 car 0 0 -1 594.4863865175429 179.02166298353086 689.5688415856772 214.26549684046773 -1 -1 -1 -1000 -1000 -1000 -10
12 16228 DontCare 0 0 -1 765.8828422326029 172.6600963397869 876.9933619214802 263.5328342746762 -1 -1 -1 -1000 -1000 -1000 -10
12 16227 car 0 0 -1 606.0190061173519 179.2521698223556 700.9884997736913 214.46613724134113 -1 -1 -1 -1000 -1000 -1000 -10
13 16228 DontCare 0 0 -1 785.7248278736766 170.91990909272334 895.925201923936 262.3236778718559 -1 -1 -1 -1000 -1000 -1000 -10
13 16227 car 0 0 -1 617.7512242970586 180.23381389076397 708.2643543906706 214.31266436525087 -1 -1 -1 -1000 -1000 -1000 -10
14 16228 DontCare 0 0 -1 801.8604911515789 169.20496815012245 911.539012241854 261.63059580460265 -1 -1 -1 -1000 -1000 -1000 -10
14 16227 car 0 0 -1 628.6744671853121 180.66889594549568 712.9015482182674 213.52931099640662 -1 -1 -1 -1000 -1000 -1000 -10
15 16228 DontCare 0 0 -1 820.0537329174364 167.88438448821094 929.7132855022636 261.4151656473452 -1 -1 -1 -1000 -1000 -1000 -10
15 16227 car 0 0 -1 636.5137682386347 180.71703717651937 713.422089800874 212.03090022008647 -1 -1 -1 -1000 -1000 -1000 -10
16 16228 DontCare 0 0 -1 836.5340131309314 168.01508701193399 945.4263714392367 261.3973529837635 -1 -1 -1 -1000 -1000 -1000 -10
16 16227 car 0 0 -1 643.5375309558058 181.16461498447023 709.4613203196834 211.03822107571796 -1 -1 -1 -1000 -1000 -1000 -10
17 16228 DontCare 0 0 -1 853.7422975695025 167.767802921282 962.7863339781587 261.72113154763196 -1 -1 -1 -1000 -1000 -1000 -10
17 16227 car 0 0 -1 651.7364577016637 180.76345818925992 710.2753648397128 209.92538892335884 -1 -1 -1 -1000 -1000 -1000 -10
18 16228 DontCare 0 0 -1 872.2084701258607 168.2634736191528 979.1382848609669 261.2840969406185 -1 -1 -1 -1000 -1000 -1000 -10
19 16228 DontCare 0 0 -1 888.1366418637958 167.8004261932545 994.8477507816633 261.1399847854934 -1 -1 -1 -1000 -1000 -1000 -10
20 16228 DontCare 0 0 -1 907.4613382394974 165.17834129561695 1013.1715183204277 258.9705165602679 -1 -1 -1 -1000 -1000 -1000 -10
21 16228 DontCare 0 0 -1 922.8251454172517 166.4494314016319 1028.5681690153538 259.1869480141311 -1 -1 -1 -1000 -1000 -1000 -10
21 16227 car 0 0 -1 694.0761626325085 181.65539505691876 738.6334264707385 206.8758422332427 -1 -1 -1 -1000 -1000 -1000 -10
22 16228 DontCare 0 0 -1 941.8343848570559 164.13626807839273 1046.8745204946279 257.5163774468066 -1 -1 -1 -1000 -1000 -1000 -10
22 16227 car 0 0 -1 703.2448968411437 182.02788649593913 742.9281774344121 206.01502732262736 -1 -1 -1 -1000 -1000 -1000 -10
23 16228 DontCare 0 0 -1 957.6795893396568 162.36024893595817 1061.0210750383012 255.85220644444394 -1 -1 -1 -1000 -1000 -1000 -10
23 16227 car 0 0 -1 708.9788927730207 183.09705919112025 745.0041161170667 206.08349751434878 -1 -1 -1 -1000 -1000 -1000 -10
24 16228 DontCare 0 0 -1 975.1916481130371 162.61305752355173 1077.26713370944 255.64368218225815 -1 -1 -1 -1000 -1000 -1000 -10
24 16227 car 0 0 -1 714.8561441413144 183.21314676709787 748.7266894891911 205.7558967032716 -1 -1 -1 -1000 -1000 -1000 -10
25 16228 DontCare 0 0 -1 988.2588092171534 162.28635817015962 1090.8974980930209 255.37653090036568 -1 -1 -1 -1000 -1000 -1000 -10
25 16227 car 0 0 -1 722.2052794951702 183.35409482659614 754.2928859480777 205.54357325480467 -1 -1 -1 -1000 -1000 -1000 -10
26 16228 DontCare 0 0 -1 1006.1285207865011 163.41777934689182 1108.825086802018 255.3667604959107 -1 -1 -1 -1000 -1000 -1000 -10
26 16227 car 0 0 -1 727.4395126247431 182.90026247915867 759.3250980632148 205.3251697125635 -1 -1 -1 -1000 -1000 -1000 -10
27 16228 DontCare 0 0 -1 1021.5506537491665 161.54305543491725 1123.5136813096378 253.78165988017034 -1 -1 -1 -1000 -1000 -1000 -10
27 16227 car 0 0 -1 731.1873303014448 182.48359946720387 762.8905142943985 204.8419417566073 -1 -1 -1 -1000 -1000 -1000 -10
28 16228 DontCare 0 0 -1 1038.8315932183777 161.6978689369813 1141.3754987373454 253.65565317103318 -1 -1 -1 -1000 -1000 -1000 -10
28 16227 car 0 0 -1 734.6184416583794 182.36732411135287 765.6717761664945 204.62695957544972 -1 -1 -1 -1000 -1000 -1000 -10
29 16228 DontCare 0 0 -1 1052.985237336488 161.0005906486748 1157.7451942472671 253.74798452313752 -1 -1 -1 -1000 -1000 -1000 -10
29 16227 car 0 0 -1 738.1084307989559 182.652989840763 768.0005041805962 204.22680156768072 -1 -1 -1 -1000 -1000 -1000 -10
30 16228 DontCare 0 0 -1 1070.0630194866244 157.45948700234544 1175.9723265070252 251.8681860535774 -1 -1 -1 -1000 -1000 -1000 -10
30 16227 car 0 0 -1 741.5974580114114 182.4521802902776 770.204873521534 203.74176693499928 -1 -1 -1 -1000 -1000 -1000 -10
31 16228 DontCare 0 0 -1 1082.9846721880685 157.42207620930168 1186.4558603553437 251.19421600440722 -1 -1 -1 -1000 -1000 -1000 -10
31 16227 car 0 0 -1 743.9638413465268 182.17315416158672 772.2004483429423 203.11824449203849 -1 -1 -1 -1000 -1000 -1000 -10
32 16228 DontCare 0 0 -1 1100.8217652597982 157.97413260933257 1204.500673582841 251.07129066525067 -1 -1 -1 -1000 -1000 -1000 -10
32 16227 car 0 0 -1 746.0063745472578 182.76228025791673 774.036989377799 203.50520379282628 -1 -1 -1 -1000 -1000 -1000 -10
33 16228 DontCare 0 0 -1 1120.845113422346 159.74151933771566 1223.8011778600571 251.4685749766819 -1 -1 -1 -1000 -1000 -1000 -10
33 16227 car 0 0 -1 747.5909314184352 182.87008672195896 774.8651059683644 203.1261373560518 -1 -1 -1 -1000 -1000 -1000 -10
34 16228 DontCare 0 0 -1 1137.741003441629 159.74078487517158 1240.337861879293 252.97907965372042 -1 -1 -1 -1000 -1000 -1000 -10
34 16227 car 0 0 -1 749.0695384196409 183.0312081854588 775.26633028712 202.87114181733324 -1 -1 -1 -1000 -1000 -1000 -10
35 16228 DontCare 0 0 -1 1153.9073065435418 156.45235940592022 1250.7861943904422 249.6830130691677 -1 -1 -1 -1000 -1000 -1000 -10
35 16227 car 0 0 -1 750.7575364677133 183.18056576543503 775.9336559155134 202.69498515388457 -1 -1 -1 -1000 -1000 -1000 -10
36 16228 DontCare 0 0 -1 1160.140284723949 157.88439957908562 1252.2628049625025 250.35289712848405 -1 -1 -1 -1000 -1000 -1000 -10
36 16227 car 0 0 -1 750.995719341227 182.8836449813513 774.9885856088258 202.33688917096285 -1 -1 -1 -1000 -1000 -1000 -10
37 16228 DontCare 0 0 -1 1173.7852682429211 151.97695260460563 1256.8279943452985 246.64492339019733 -1 -1 -1 -1000 -1000 -1000 -10
37 16227 car 0 0 -1 751.8670659287934 183.03605767691607 774.8839606375859 201.944204271116 -1 -1 -1 -1000 -1000 -1000 -10
38 16228 DontCare 0 0 -1 1187.7644647176614 146.7528340272608 1259.2255747703264 243.68895077719537 -1 -1 -1 -1000 -1000 -1000 -10
38 16227 car 0 0 -1 752.2636798144687 183.6491076769884 774.5320941485351 201.9019884905621 -1 -1 -1 -1000 -1000 -1000 -10
39 16227 car 0 0 -1 752.4547755217043 183.80432586158236 774.1326643239292 201.31828565354658 -1 -1 -1 -1000 -1000 -1000 -10
40 16231 car 0 0 -1 652.8354660811349 181.08475194418557 686.2233812632583 205.91524805581443 -1 -1 -1 -1000 -1000 -1000 -10
40 16227 car 0 0 -1 752.3723696609675 184.47795229877815 773.2782362737407 201.1417677505958 -1 -1 -1 -1000 -1000 -1000 -10
41 16231 car 0 0 -1 652.8670338007635 181.09611737648845 686.0250310678634 205.90388262351155 -1 -1 -1 -1000 -1000 -1000 -10
41 16227 car 0 0 -1 752.3715154208649 184.86870310492498 772.7387994423905 200.94592847790352 -1 -1 -1 -1000 -1000 -1000 -10
42 16227 car 0 0 -1 753.0154468686882 185.10264594825497 773.0300530220458 200.79054616966016 -1 -1 -1 -1000 -1000 -1000 -10
43 16227 car 0 0 -1 752.9121207651524 185.77672496194114 772.0313365745651 200.80302032368851 -1 -1 -1 -1000 -1000 -1000 -10
44 16227 car 0 0 -1 752.9442212713723 186.13763049175498 771.4433516773533 200.7051204425777 -1 -1 -1 -1000 -1000 -1000 -10
45 16227 car 0 0 -1 752.7449160951905 186.56131749065048 770.6560721526894 201.0349555356517 -1 -1 -1 -1000 -1000 -1000 -10
46 16227 car 0 0 -1 752.0386612000028 186.06544695519682 769.5725160611347 200.51012305483528 -1 -1 -1 -1000 -1000 -1000 -10
47 16231 car 0 0 -1 653.0953833451872 181.01269227632895 686.5635699081658 205.98730772367105 -1 -1 -1 -1000 -1000 -1000 -10
47 16227 car 0 0 -1 751.7639863692657 185.86152298848376 769.0722431110848 200.32593389894245 -1 -1 -1 -1000 -1000 -1000 -10
48 16227 car 0 0 -1 751.6340613508802 185.76126358895596 768.8250578824685 200.2804666086783 -1 -1 -1 -1000 -1000 -1000 -10
49 16227 car 0 0 -1 751.5459524768486 185.69524606001724 768.6963344579314 200.2934556657468 -1 -1 -1 -1000 -1000 -1000 -10
50 16227 car 0 0 -1 751.465233894291 185.63890124002066 768.6286171855113 200.33206422647626 -1 -1 -1 -1000 -1000 -1000 -10
56 16232 car 0 0 -1 652.8354660811349 181.088142021953 686.2233812632583 206.911857978047 -1 -1 -1 -1000 -1000 -1000 -10
70 16233 car 0 0 -1 653.0098549353224 180.94133238718797 687.0273767081496 206.3830733954665 -1 -1 -1 -1000 -1000 -1000 -10
71 16233 car 0 0 -1 652.8822725865073 180.93932598734415 686.4826121680776 206.1731702898386 -1 -1 -1 -1000 -1000 -1000 -10
72 16233 car 0 0 -1 652.8752457553786 180.95535400488032 686.2435730637279 206.07979577300605 -1 -1 -1 -1000 -1000 -1000 -10
77 16233 car 0 0 -1 653.071788229496 180.975968461391 686.6075353810395 206.32640263948355 -1 -1 -1 -1000 -1000 -1000 -10
