0 16416 car 0 0 -1 1007.0 153.0 1215.0 237.0 -1 -1 -1 -1000 -1000 -1000 -10
0 16415 car 0 0 -1 480.0 166.0 516.0 193.0 -1 -1 -1 -1000 -1000 -1000 -10
1 16418 pedestrian 0 0 -1 952.0 152.0 984.0 221.0 -1 -1 -1 -1000 -1000 -1000 -10
1 16417 pedestrian 0 0 -1 930.0 156.0 957.0 219.0 -1 -1 -1 -1000 -1000 -1000 -10
1 16416 car 0 0 -1 1026.8520752206935 152.65627004351157 1213.1461269367176 226.34482863807054 -1 -1 -1 -1000 -1000 -1000 -10
1 16415 car 0 0 -1 480.0 166.0 516.0 193.0 -1 -1 -1 -1000 -1000 -1000 -10
2 16416 car 0 0 -1 1033.1853713109303 151.51425990726116 1211.6371161331672 216.48658060115358 -1 -1 -1 -1000 -1000 -1000 -10
2 16415 car 0 0 -1 479.68557645170193 166.25845936512476 515.3732708926912 193.68269329048215 -1 -1 -1 -1000 -1000 -1000 -10
3 16418 pedestrian 0 0 -1 954.878659308039 153.34845891612517 982.2977299054285 217.769235772661 -1 -1 -1 -1000 -1000 -1000 -10
3 16416 car 0 0 -1 1042.5134958331953 152.36092192129297 1213.7392226538384 213.11037909160405 -1 -1 -1 -1000 -1000 -1000 -10
3 16415 car 0 0 -1 479.86125902681164 166.16111637159977 515.8778884963831 193.9468187597732 -1 -1 -1 -1000 -1000 -1000 -10
4 16418 pedestrian 0 0 -1 953.6115938134233 153.04180250697328 982.5232665619874 221.13065784855138 -1 -1 -1 -1000 -1000 -1000 -10
4 16416 car 0 0 -1 1039.8676158709352 153.49119735944885 1213.563179358957 214.8373540878216 -1 -1 -1 -1000 -1000 -1000 -10
4 16415 car 0 0 -1 481.0039552601147 165.96737542028103 518.0570400378185 194.15678590765015 -1 -1 -1 -1000 -1000 -1000 -10
5 16418 pedestrian 0 0 -1 953.1186770575778 154.72722242095182 981.9817087582512 222.61295512570172 -1 -1 -1 -1000 -1000 -1000 -10
5 16415 car 0 0 -1 481.2364103374557 165.8874029254845 518.8264356396504 194.22279289891284 -1 -1 -1 -1000 -1000 -1000 -10
6 16418 pedestrian 0 0 -1 953.3780194392684 157.10036753638636 980.6986918402768 221.90047510545426 -1 -1 -1 -1000 -1000 -1000 -10
6 16417 pedestrian 0 0 -1 935.8858899117629 160.90756896609838 959.9896552783148 220.26788746986074 -1 -1 -1 -1000 -1000 -1000 -10
6 16415 car 0 0 -1 480.4859760803254 166.60872110884773 516.2852262820581 194.19783666496303 -1 -1 -1 -1000 -1000 -1000 -10
7 16417 pedestrian 0 0 -1 936.1110134839001 161.70654379002067 959.5783186919685 220.52977605593682 -1 -1 -1 -1000 -1000 -1000 -10
7 16415 car 0 0 -1 480.87348123133614 166.9894768532962 516.799980595556 194.74632537147943 -1 -1 -1 -1000 -1000 -1000 -10
8 16416 car 0 0 -1 1028.8956616760179 154.27609575995203 1211.696327710812 215.03290684016397 -1 -1 -1 -1000 -1000 -1000 -10
8 16415 car 0 0 -1 481.103651415224 167.2273784777287 517.5711965014841 195.51215873848875 -1 -1 -1 -1000 -1000 -1000 -10
9 16416 car 0 0 -1 1028.1257533157843 154.83666086252393 1212.7557663314385 215.27648967203956 -1 -1 -1 -1000 -1000 -1000 -10
9 16415 car 0 0 -1 481.11750371573623 167.23456765401036 517.908843271299 195.85141277774508 -1 -1 -1 -1000 -1000 -1000 -10
10 16416 car 0 0 -1 1029.2395687023334 154.77839308117032 1215.109259055175 215.6645410234925 -1 -1 -1 -1000 -1000 -1000 -10
10 16415 car 0 0 -1 481.482766823742 168.23181745870713 517.6565171900824 196.30536185667833 -1 -1 -1 -1000 -1000 -1000 -10
11 16416 car 0 0 -1 1039.2636082675162 154.72908051886873 1219.7280339273761 215.19822971967176 -1 -1 -1 -1000 -1000 -1000 -10
11 16415 car 0 0 -1 482.2015754197719 168.02574383099656 517.632466443835 195.69280528795517 -1 -1 -1 -1000 -1000 -1000 -10
12 16415 car 0 0 -1 483.73130560157887 167.44981536201843 519.6728885049688 195.27593142048502 -1 -1 -1 -1000 -1000 -1000 -10
13 16415 car 0 0 -1 485.21759256731633 167.7282655497176 520.830500649865 195.2731386111265 -1 -1 -1 -1000 -1000 -1000 -10
14 16415 car 0 0 -1 486.93388655365135 168.06700213079952 522.0590694579952 195.68848698405807 -1 -1 -1 -1000 -1000 -1000 -10
15 16418 pedestrian 0 0 -1 947.4540651198837 154.25702221169226 979.0166711735086 228.81372966791272 -1 -1 -1 -1000 -1000 -1000 -10
15 16415 car 0 0 -1 489.44520465902116 168.8471689410802 523.9147751814661 196.50002679407504 -1 -1 -1 -1000 -1000 -1000 -10
16 16418 pedestrian 0 0 -1 943.9734172613097 156.73490582753587 983.2865355585096 249.75814152523 -1 -1 -1 -1000 -1000 -1000 -10
16 16415 car 0 0 -1 492.30124627601845 168.59775640476994 527.2655665258601 196.67875060748895 -1 -1 -1 -1000 -1000 -1000 -10
17 16418 pedestrian 0 0 -1 945.506944316395 155.31834139160642 987.9878701275604 253.2411065358261 -1 -1 -1 -1000 -1000 -1000 -10
17 16415 car 0 0 -1 494.5328517146222 167.8323291744025 528.633382404133 196.0881830376315 -1 -1 -1 -1000 -1000 -1000 -10
18 16415 car 0 0 -1 497.1368937839545 167.65366996037903 531.2568410072884 196.3986624741089 -1 -1 -1 -1000 -1000 -1000 -10
19 16420 pedestrian 0 0 -1 959.7879887054985 149.14103812122426 1005.5640256228776 245.68164775339096 -1 -1 -1 -1000 -1000 -1000 -10
19 16415 car 0 0 -1 500.88731164640586 167.48086802667945 535.3075578443073 196.61359266007497 -1 -1 -1 -1000 -1000 -1000 -10
20 16418 pedestrian 0 0 -1 961.3397913720498 147.57267096302712 1000.7620190243638 230.29504151711575 -1 -1 -1 -1000 -1000 -1000 -10
20 16415 car 0 0 -1 505.19490743299474 166.66620351283098 540.414984288842 196.1267087501227 -1 -1 -1 -1000 -1000 -1000 -10
21 16418 pedestrian 0 0 -1 968.8678730304346 148.58277093458233 1006.5615596504979 226.5801468624155 -1 -1 -1 -1000 -1000 -1000 -10
21 16415 car 0 0 -1 508.56337632889176 166.01114316839684 544.4333581045883 196.28379090530686 -1 -1 -1 -1000 -1000 -1000 -10
22 16418 pedestrian 0 0 -1 975.6934191954315 149.70420786988535 1011.8534089800733 224.45990978367428 -1 -1 -1 -1000 -1000 -1000 -10
22 16415 car 0 0 -1 512.1613984947589 166.23168086300308 548.0908946703687 195.87320871819264 -1 -1 -1 -1000 -1000 -1000 -10
23 16415 car 0 0 -1 515.7407602463442 165.6300520383758 552.3597557391944 195.74862976776464 -1 -1 -1 -1000 -1000 -1000 -10
24 16415 car 0 0 -1 519.8912063893048 165.95976732698966 557.5789552000427 196.4526372934289 -1 -1 -1 -1000 -1000 -1000 -10
25 16415 car 0 0 -1 523.0246790742274 165.69678237563213 562.417657787925 197.10878166706257 -1 -1 -1 -1000 -1000 -1000 -10
26 16418 pedestrian 0 0 -1 999.9869363127998 150.71563206023308 1034.9225144896811 222.31706802171482 -1 -1 -1 -1000 -1000 -1000 -10
26 16415 car 0 0 -1 526.4438587522737 164.98448797357463 567.0819318540126 197.31527947098942 -1 -1 -1 -1000 -1000 -1000 -10
27 16418 pedestrian 0 0 -1 1004.4682536624099 151.26184943245255 1042.0524555147247 223.51905908343576 -1 -1 -1 -1000 -1000 -1000 -10
27 16415 car 0 0 -1 529.2880607387627 164.06053314535924 571.701031656315 197.39261244153616 -1 -1 -1 -1000 -1000 -1000 -10
28 16415 car 0 0 -1 529.6178088558472 164.2311047797171 572.7114344623355 198.2084360410854 -1 -1 -1 -1000 -1000 -1000 -10
29 16415 car 0 0 -1 529.8777080053208 164.5396801018676 574.0844778600499 199.5817404719952 -1 -1 -1 -1000 -1000 -1000 -10
30 16415 car 0 0 -1 527.6167454147247 165.46786751930333 573.5290352369021 201.9018498983003 -1 -1 -1 -1000 -1000 -1000 -10
31 16415 car 0 0 -1 522.6210664288284 167.2090355911209 568.810821136787 203.9965412544012 -1 -1 -1 -1000 -1000 -1000 -10
32 16415 car 0 0 -1 516.0494103778573 168.4555838053668 562.4293593180452 205.4929024604184 -1 -1 -1 -1000 -1000 -1000 -10
33 16423 pedestrian 0 0 -1 980.275472740885 160.9099261067088 1022.7926816850235 241.2411352359683 -1 -1 -1 -1000 -1000 -1000 -10
33 16415 car 0 0 -1 507.9248544783853 166.9975498292286 555.1095489763994 205.35202194324717 -1 -1 -1 -1000 -1000 -1000 -10
34 16415 car 0 0 -1 503.44030356059085 165.28727139159986 551.090308968147 203.16240313116896 -1 -1 -1 -1000 -1000 -1000 -10
35 16415 car 0 0 -1 488.5858827446475 164.8528664268257 537.9100972385434 204.71150854878584 -1 -1 -1 -1000 -1000 -1000 -10
36 16424 car 0 0 -1 467.6004966786238 166.42745928447994 518.6360844575929 209.92537274690784 -1 -1 -1 -1000 -1000 -1000 -10
36 16415 car 0 0 -1 480.7338968858099 165.58948130323859 529.9556534117929 205.6934588221368 -1 -1 -1 -1000 -1000 -1000 -10
37 16424 car 0 0 -1 449.81776616851715 166.8083749301556 503.0567654874681 212.76732839998533 -1 -1 -1 -1000 -1000 -1000 -10
37 16415 car 0 0 -1 473.6323391233525 164.88078382461717 521.3827177750985 203.77551263625853 -1 -1 -1 -1000 -1000 -1000 -10
38 16424 car 0 0 -1 432.5938396560072 166.69182924010866 487.2249884665367 214.26250102385566 -1 -1 -1 -1000 -1000 -1000 -10
38 16415 car 0 0 -1 463.3411801628574 164.42590389943004 508.90170618452885 201.91526994299383 -1 -1 -1 -1000 -1000 -1000 -10
39 16425 car 0 0 -1 1162.8666487914627 150.67976686995087 1221.9579553231963 228.37999739271282 -1 -1 -1 -1000 -1000 -1000 -10
39 16424 car 0 0 -1 415.384954405977 165.11057284407704 470.70610633577047 213.84323008836472 -1 -1 -1 -1000 -1000 -1000 -10
39 16415 car 0 0 -1 448.1002217421013 163.79456662174005 492.84040016212396 201.01119664935874 -1 -1 -1 -1000 -1000 -1000 -10
40 16426 car 0 0 -1 425.9309492257509 162.0895019996799 469.54125851125247 198.9698038038485 -1 -1 -1 -1000 -1000 -1000 -10
40 16425 DontCare 0 0 -1 1147.938533052298 142.61948258187223 1220.691754033441 230.20267846933248 -1 -1 -1 -1000 -1000 -1000 -10
40 16424 car 0 0 -1 395.42605262823514 162.59153978097535 453.8752878057598 214.1191319195469 -1 -1 -1 -1000 -1000 -1000 -10
40 16423 pedestrian 0 0 -1 887.8809640754016 154.33955227335787 921.5102958232283 219.92969931518127 -1 -1 -1 -1000 -1000 -1000 -10
41 16426 car 0 0 -1 402.6758913411249 161.60108976573582 449.1194936782487 199.22081248516685 -1 -1 -1 -1000 -1000 -1000 -10
41 16425 DontCare 0 0 -1 1134.6352957254664 144.40741649662755 1218.6147532521798 234.2983217350636 -1 -1 -1 -1000 -1000 -1000 -10
41 16424 car 0 0 -1 374.269911275969 162.64088159782668 435.8608030731957 215.99334710072142 -1 -1 -1 -1000 -1000 -1000 -10
41 16423 pedestrian 0 0 -1 873.591802607796 155.80669824979162 906.6786834214087 221.09914576371017 -1 -1 -1 -1000 -1000 -1000 -10
42 16426 car 0 0 -1 384.5262753745705 165.7577909736421 427.90407931773615 201.48125134877193 -1 -1 -1 -1000 -1000 -1000 -10
42 16425 car 0 0 -1 1118.288266009972 147.6188674744103 1216.1271602710697 237.68560963201406 -1 -1 -1 -1000 -1000 -1000 -10
42 16424 car 0 0 -1 349.60305559969424 164.24707645911093 414.4041816948444 219.82940143219554 -1 -1 -1 -1000 -1000 -1000 -10
42 16423 DontCare 0 0 -1 851.2068080986768 155.81980134538756 887.2766267677226 222.11325737959007 -1 -1 -1 -1000 -1000 -1000 -10
43 16426 car 0 0 -1 357.7686682626123 167.48836627623712 400.41446022356274 203.30439095352568 -1 -1 -1 -1000 -1000 -1000 -10
43 16424 car 0 0 -1 321.0455674998311 166.1309163125748 389.6904748598994 225.2951869060659 -1 -1 -1 -1000 -1000 -1000 -10
43 16423 pedestrian 0 0 -1 831.5336114833096 158.3598389750896 865.7607984610966 223.95989714241625 -1 -1 -1 -1000 -1000 -1000 -10
44 16429 DontCare 0 0 -1 1063.4475077469954 156.807367615662 1218.2605478267158 238.25117408930757 -1 -1 -1 -1000 -1000 -1000 -10
44 16426 car 0 0 -1 325.94260727019685 168.06748322505842 370.13591994535886 205.31968011523014 -1 -1 -1 -1000 -1000 -1000 -10
44 16424 car 0 0 -1 289.3966661786451 166.71323565678802 362.22564772955445 229.3523139480991 -1 -1 -1 -1000 -1000 -1000 -10
45 16429 DontCare 0 0 -1 1036.4057246519412 157.2736940354072 1210.2056664244603 239.92403299054976 -1 -1 -1 -1000 -1000 -1000 -10
45 16426 car 0 0 -1 289.5329324943874 169.3735588501207 337.9429771526801 209.0498739745435 -1 -1 -1 -1000 -1000 -1000 -10
45 16424 car 0 0 -1 253.08417311897276 167.5898940613082 331.3953433622965 234.09753419288353 -1 -1 -1 -1000 -1000 -1000 -10
46 16429 DontCare 0 0 -1 1003.4109484164215 159.26519384179755 1182.105265731463 239.92581742441246 -1 -1 -1 -1000 -1000 -1000 -10
46 16426 car 0 0 -1 250.4744565833601 170.27880942809264 301.60881693171524 212.62478425578502 -1 -1 -1 -1000 -1000 -1000 -10
46 16424 car 0 0 -1 210.3308991708971 169.02772197441934 295.5304347219214 240.62590271635324 -1 -1 -1 -1000 -1000 -1000 -10
47 16429 DontCare 0 0 -1 967.3574074547951 161.12486211061514 1146.2690127150736 240.0364221479682 -1 -1 -1 -1000 -1000 -1000 -10
47 16426 car 0 0 -1 205.24933513274695 172.39523281147294 258.41511554203066 216.7958778400214 -1 -1 -1 -1000 -1000 -1000 -10
47 16424 car 0 0 -1 160.6045914858204 171.9185000745331 254.5797903087657 248.5415976208798 -1 -1 -1 -1000 -1000 -1000 -10
48 16435 pedestrian 0 0 -1 671.4493719320757 164.3497941171008 704.6716539913197 236.76744211255007 -1 -1 -1 -1000 -1000 -1000 -10
48 16429 DontCare 0 0 -1 929.9683938265013 162.65657118044504 1106.7977095257925 239.76209564167357 -1 -1 -1 -1000 -1000 -1000 -10
48 16424 car 0 0 -1 101.96078907480353 174.1568565647268 207.6581741869773 257.4819299171981 -1 -1 -1 -1000 -1000 -1000 -10
49 16429 DontCare 0 0 -1 889.8463470652129 162.42487751097053 1064.6013396627263 237.53918539538824 -1 -1 -1 -1000 -1000 -1000 -10
49 16424 car 0 0 -1 36.1116439486369 174.45357116170138 155.98266741480856 265.1759899638504 -1 -1 -1 -1000 -1000 -1000 -10
50 16429 DontCare 0 0 -1 851.1839862789586 161.39307928444032 1020.7254915908511 234.8632414238295 -1 -1 -1 -1000 -1000 -1000 -10
50 16424 car 0 0 -1 -4.809722974727599 177.6524320222796 110.64912870996551 273.35346567283955 -1 -1 -1 -1000 -1000 -1000 -10
51 16429 DontCare 0 0 -1 813.0977834828618 159.90794503912213 978.4608255665562 232.2397233595836 -1 -1 -1 -1000 -1000 -1000 -10
51 16424 car 0 0 -1 -28.837553333031725 189.69190131887052 64.31735647304131 285.1182983081219 -1 -1 -1 -1000 -1000 -1000 -10
52 16429 DontCare 0 0 -1 776.2663052225483 158.39220659885171 937.9090799678307 230.2131636313011 -1 -1 -1 -1000 -1000 -1000 -10
53 16429 DontCare 0 0 -1 738.9539941387156 156.57978437238472 897.6883048164491 228.0515270781732 -1 -1 -1 -1000 -1000 -1000 -10
54 16429 DontCare 0 0 -1 700.0107054274032 156.10665052618043 857.7769663859223 227.7367996264614 -1 -1 -1 -1000 -1000 -1000 -10
55 16429 DontCare 0 0 -1 663.8374474150544 156.61358761737995 819.9575016879003 228.30028079284403 -1 -1 -1 -1000 -1000 -1000 -10
56 16429 DontCare 0 0 -1 624.7619263721895 158.08921656424437 780.9477870964811 229.90542546273278 -1 -1 -1 -1000 -1000 -1000 -10
57 16429 DontCare 0 0 -1 588.1995033861365 159.4730695375838 744.5052938773083 231.6836456869459 -1 -1 -1 -1000 -1000 -1000 -10
58 16429 DontCare 0 0 -1 549.2956227882346 160.8307591553637 706.4136876404948 234.81806781183025 -1 -1 -1 -1000 -1000 -1000 -10
59 16429 DontCare 0 0 -1 505.4309572179597 163.11750311197247 665.2218985976021 238.82222995659654 -1 -1 -1 -1000 -1000 -1000 -10
60 16429 DontCare 0 0 -1 465.11068470246494 163.5946073533348 626.6640360953082 241.35765342448352 -1 -1 -1 -1000 -1000 -1000 -10
61 16429 DontCare 0 0 -1 416.13499871342253 162.70666078985332 582.7404907501815 243.34851964670398 -1 -1 -1 -1000 -1000 -1000 -10
62 16470 car 0 0 -1 1047.9860961766112 176.39889678216832 1139.3149946269805 225.66099749480406 -1 -1 -1 -1000 -1000 -1000 -10
62 16468 car 0 0 -1 1087.0868836415525 176.9670850775384 1210.8577074575692 294.09288560928985 -1 -1 -1 -1000 -1000 -1000 -10
62 16429 DontCare 0 0 -1 365.17238614310065 161.85033073067825 538.8172754544267 245.89205410898364 -1 -1 -1 -1000 -1000 -1000 -10
63 16470 car 0 0 -1 998.3688900831696 177.41682761225206 1081.530024037105 223.55844180622358 -1 -1 -1 -1000 -1000 -1000 -10
63 16468 car 0 0 -1 1043.2950807540115 178.811047098664 1185.249398397165 291.85843076233067 -1 -1 -1 -1000 -1000 -1000 -10
63 16429 DontCare 0 0 -1 309.6695478368825 162.1599406175115 492.8550013252789 248.7996671111436 -1 -1 -1 -1000 -1000 -1000 -10
64 16470 car 0 0 -1 949.0427043449349 181.83474532701115 1014.4441786824066 222.21947517377197 -1 -1 -1 -1000 -1000 -1000 -10
64 16468 car 0 0 -1 999.1721661030516 182.1449964317431 1141.4680634686624 290.25116991645035 -1 -1 -1 -1000 -1000 -1000 -10
64 16429 DontCare 0 0 -1 250.84521812181617 161.72050719903947 444.5215044304372 252.37746363413905 -1 -1 -1 -1000 -1000 -1000 -10
65 16470 car 0 0 -1 906.750995247739 183.99899178051118 960.5397009453652 220.4015423720146 -1 -1 -1 -1000 -1000 -1000 -10
65 16468 car 0 0 -1 963.758372641612 185.3643349383928 1116.4938171577219 294.3743379656146 -1 -1 -1 -1000 -1000 -1000 -10
65 16458 car 0 0 -1 957.5550920396581 186.2953454749595 1063.0013982984242 252.4264159768668 -1 -1 -1 -1000 -1000 -1000 -10
65 16429 DontCare 0 0 -1 186.4097923361728 159.66012390055954 394.49211578092536 254.92371864995533 -1 -1 -1 -1000 -1000 -1000 -10
66 16470 car 0 0 -1 871.5382814531484 183.96820078221998 920.0269200957783 219.17779069613744 -1 -1 -1 -1000 -1000 -1000 -10
66 16468 car 0 0 -1 929.9705880128303 185.4822489744282 1092.6545494851632 296.0474721336883 -1 -1 -1 -1000 -1000 -1000 -10
66 16458 car 0 0 -1 918.1826309133105 184.48333141449262 1024.6673457867696 253.70299842115287 -1 -1 -1 -1000 -1000 -1000 -10
66 16429 DontCare 0 0 -1 113.84365429246665 159.06253791304408 340.7634027253972 260.8856785033031 -1 -1 -1 -1000 -1000 -1000 -10
67 16470 car 0 0 -1 837.564453117428 181.9083840506996 882.710962969627 216.65786884169196 -1 -1 -1 -1000 -1000 -1000 -10
67 16468 car 0 0 -1 897.8977580978571 184.12491950768438 1070.6958274218355 295.90621155255417 -1 -1 -1 -1000 -1000 -1000 -10
67 16458 car 0 0 -1 883.6042569599184 181.7668747084718 992.2171116987664 253.08146007016495 -1 -1 -1 -1000 -1000 -1000 -10
67 16429 DontCare 0 0 -1 37.536357424192005 159.05632027242942 287.7119014877321 269.40981195085055 -1 -1 -1 -1000 -1000 -1000 -10
68 16470 car 0 0 -1 808.7476910810881 179.54292937842052 852.4670808251506 213.3153672416547 -1 -1 -1 -1000 -1000 -1000 -10
68 16468 car 0 0 -1 867.4465376433732 182.82220330530038 1041.3953267601617 294.5790027775718 -1 -1 -1 -1000 -1000 -1000 -10
68 16458 car 0 0 -1 853.6762738299913 178.3203282892703 964.7259459871909 252.28805179435344 -1 -1 -1 -1000 -1000 -1000 -10
68 16429 DontCare 0 0 -1 -6.183020487705704 158.7748338409062 246.13587456165718 276.1210838903531 -1 -1 -1 -1000 -1000 -1000 -10
69 16470 car 0 0 -1 782.9470584237938 177.76561538024745 826.0018077948828 211.73235696499407 -1 -1 -1 -1000 -1000 -1000 -10
69 16468 car 0 0 -1 849.0005457937198 182.75683187687707 1027.151650112605 295.7065483669607 -1 -1 -1 -1000 -1000 -1000 -10
69 16458 car 0 0 -1 828.4851114873842 176.8327863330686 944.2759029464356 254.6933579931973 -1 -1 -1 -1000 -1000 -1000 -10
69 16429 DontCare 0 0 -1 -31.50467731319013 157.31238152322578 206.85459358504505 281.24392137431215 -1 -1 -1 -1000 -1000 -1000 -10
70 16470 car 0 0 -1 747.6775931682187 174.00738139329545 783.6252845738595 202.91677824609482 -1 -1 -1 -1000 -1000 -1000 -10
70 16468 car 0 0 -1 837.3982868941653 182.03763137200815 1029.8738915327388 299.5082168437493 -1 -1 -1 -1000 -1000 -1000 -10
70 16458 car 0 0 -1 809.531265846433 174.8408127528452 932.0137905911657 255.5277923320688 -1 -1 -1 -1000 -1000 -1000 -10
71 16481 DontCare 0 0 -1 -14.653356349633036 148.32531000494436 90.24580310606987 272.55747657080786 -1 -1 -1 -1000 -1000 -1000 -10
71 16480 car 0 0 -1 466.880952203531 165.78333670220684 522.7113953376469 198.92257939553951 -1 -1 -1 -1000 -1000 -1000 -10
71 16468 car 0 0 -1 826.1843469626607 182.96699450203673 1029.9794885948745 306.3977544049055 -1 -1 -1 -1000 -1000 -1000 -10
71 16458 car 0 0 -1 795.1261275475251 172.9692446345768 924.4927644305194 255.50138375989297 -1 -1 -1 -1000 -1000 -1000 -10
72 16482 car 0 0 -1 738.6772461683138 173.01796222564576 789.1485805040393 215.74672480663776 -1 -1 -1 -1000 -1000 -1000 -10
72 16480 car 0 0 -1 440.6358758423603 167.73116913787527 497.5104161650071 201.73817136773067 -1 -1 -1 -1000 -1000 -1000 -10
72 16468 car 0 0 -1 817.2162880299275 184.292084710128 1028.7248039038536 313.2829639104372 -1 -1 -1 -1000 -1000 -1000 -10
72 16458 car 0 0 -1 783.5307518399458 173.59912664487757 916.8543570185067 258.6963671648129 -1 -1 -1 -1000 -1000 -1000 -10
73 16482 car 0 0 -1 726.47773329905 175.5199896364319 776.7769878119366 217.99428994984976 -1 -1 -1 -1000 -1000 -1000 -10
73 16480 car 0 0 -1 416.00542076153323 170.50908155685025 476.4821565856733 206.35108665521958 -1 -1 -1 -1000 -1000 -1000 -10
73 16468 car 0 0 -1 814.885400408431 186.54192039551305 1042.1475799306772 323.32415283733815 -1 -1 -1 -1000 -1000 -1000 -10
73 16458 car 0 0 -1 771.2742773167233 175.8579425563079 907.4661555742325 264.3945349834655 -1 -1 -1 -1000 -1000 -1000 -10
74 16482 car 0 0 -1 718.4972134164619 177.02802357604946 769.3628985647648 219.96093337036177 -1 -1 -1 -1000 -1000 -1000 -10
74 16480 car 0 0 -1 392.5781981422367 172.10478281097778 456.4391567415165 209.80460129290486 -1 -1 -1 -1000 -1000 -1000 -10
74 16468 car 0 0 -1 812.158823887612 189.48673716209373 1053.1424900265642 334.8144024538568 -1 -1 -1 -1000 -1000 -1000 -10
74 16458 car 0 0 -1 765.1134519875893 176.88640966051702 905.4983151645854 268.23948503181253 -1 -1 -1 -1000 -1000 -1000 -10
75 16482 car 0 0 -1 710.8310359722624 176.84040692310177 763.1261520181916 221.0542356944201 -1 -1 -1 -1000 -1000 -1000 -10
75 16480 car 0 0 -1 369.01561735834696 171.26861711731974 437.1138492284613 211.38175195530673 -1 -1 -1 -1000 -1000 -1000 -10
75 16468 car 0 0 -1 817.9921270889234 193.09571421194704 1079.3338615051248 352.32734392074036 -1 -1 -1 -1000 -1000 -1000 -10
75 16458 car 0 0 -1 762.457402340887 178.31260863731626 907.6429009492647 273.144300171831 -1 -1 -1 -1000 -1000 -1000 -10
76 16482 car 0 0 -1 703.6940987315047 177.5710438204028 757.3833194245756 223.32754877946184 -1 -1 -1 -1000 -1000 -1000 -10
76 16480 car 0 0 -1 347.18406704760037 170.9009380848821 418.9731523147551 213.18802498832383 -1 -1 -1 -1000 -1000 -1000 -10
76 16468 car 0 0 -1 828.0116890775043 192.41748295465973 1116.6227629463754 363.4244599472928 -1 -1 -1 -1000 -1000 -1000 -10
76 16458 car 0 0 -1 762.7436474830255 179.0835284656739 915.5040205036267 279.2438715367772 -1 -1 -1 -1000 -1000 -1000 -10
77 16482 car 0 0 -1 698.2659500354615 177.83502110695795 753.65400252444 225.37850027146206 -1 -1 -1 -1000 -1000 -1000 -10
77 16480 car 0 0 -1 321.5798370997486 171.89063633316496 397.3185803161134 215.97332562258444 -1 -1 -1 -1000 -1000 -1000 -10
77 16468 car 0 0 -1 841.0240829598897 190.52785123305233 1166.257966505141 369.68363241582273 -1 -1 -1 -1000 -1000 -1000 -10
77 16458 car 0 0 -1 765.5919068687392 179.68498936028513 929.8396373839691 286.3607116665644 -1 -1 -1 -1000 -1000 -1000 -10
78 16485 car 0 0 -1 513.8754782618913 175.939245810826 546.3025919684056 197.00183043492504 -1 -1 -1 -1000 -1000 -1000 -10
78 16482 car 0 0 -1 693.8822983397532 177.96090325784272 750.7610633834671 227.3305147878593 -1 -1 -1 -1000 -1000 -1000 -10
78 16480 car 0 0 -1 296.29887290163515 172.6353375578442 378.1481733609161 219.84659125160482 -1 -1 -1 -1000 -1000 -1000 -10
78 16468 car 0 0 -1 846.4796452662624 188.66402340511019 1194.1660507341917 371.6604873658162 -1 -1 -1 -1000 -1000 -1000 -10
78 16458 car 0 0 -1 768.3004215967718 179.68320197330368 942.986425025263 291.10910591955826 -1 -1 -1 -1000 -1000 -1000 -10
79 16485 car 0 0 -1 504.6734465097108 175.77538734018339 537.5448587275467 196.63833934867063 -1 -1 -1 -1000 -1000 -1000 -10
79 16482 car 0 0 -1 691.0969783554705 177.2144029895344 748.8832532100147 228.04142554838575 -1 -1 -1 -1000 -1000 -1000 -10
79 16480 car 0 0 -1 270.6714982261162 172.56352742203674 358.32893374468495 222.14669673426485 -1 -1 -1 -1000 -1000 -1000 -10
79 16468 car 0 0 -1 852.2004257343773 188.171925314777 1211.1657922800778 373.29507668811436 -1 -1 -1 -1000 -1000 -1000 -10
79 16458 car 0 0 -1 771.9862463168212 179.46208696076553 961.0598197997339 296.91101215816474 -1 -1 -1 -1000 -1000 -1000 -10
80 16485 car 0 0 -1 495.6863607812205 175.0867792020694 529.4687845232119 196.35263790131103 -1 -1 -1 -1000 -1000 -1000 -10
80 16482 car 0 0 -1 687.1431788776215 174.74666201060438 743.6590128352891 223.66828770904806 -1 -1 -1 -1000 -1000 -1000 -10
80 16480 car 0 0 -1 243.84837319388038 172.23309340949868 338.6674203447946 225.16538084306154 -1 -1 -1 -1000 -1000 -1000 -10
80 16468 car 0 0 -1 866.596706156715 187.46310456992734 1225.1633853224466 374.2454502845147 -1 -1 -1 -1000 -1000 -1000 -10
80 16458 car 0 0 -1 777.4842722031391 179.71511217221405 981.3852094794626 302.55180221074215 -1 -1 -1 -1000 -1000 -1000 -10
81 16485 car 0 0 -1 487.97611235621025 174.89266890535436 521.7659799857557 196.22887834357186 -1 -1 -1 -1000 -1000 -1000 -10
81 16482 car 0 0 -1 684.602402328614 173.22284795484654 741.3223745534762 221.90787418779007 -1 -1 -1 -1000 -1000 -1000 -10
81 16480 car 0 0 -1 215.9443457779019 171.86656098284413 318.3756251285021 227.73276926710815 -1 -1 -1 -1000 -1000 -1000 -10
81 16468 car 0 0 -1 883.6258120030745 184.92279830652197 1234.6463834240524 373.4296086229456 -1 -1 -1 -1000 -1000 -1000 -10
81 16458 car 0 0 -1 784.7865275022831 180.37463698766925 1005.8915829534245 313.1362307499864 -1 -1 -1 -1000 -1000 -1000 -10
82 16486 car 0 0 -1 692.8634305164923 174.4709852115616 755.7836382368611 231.41132009965222 -1 -1 -1 -1000 -1000 -1000 -10
82 16485 car 0 0 -1 479.27403950710465 173.38894470130256 516.9345002490393 196.19847569676787 -1 -1 -1 -1000 -1000 -1000 -10
82 16482 car 0 0 -1 681.290414425285 172.96969084738694 739.3141798195509 220.9020231488598 -1 -1 -1 -1000 -1000 -1000 -10
82 16480 car 0 0 -1 183.61665257939524 171.3216060393164 295.91742489788203 230.9652188533339 -1 -1 -1 -1000 -1000 -1000 -10
82 16468 car 0 0 -1 907.9308627862201 174.5766397285277 1243.24299433855 369.26316230233436 -1 -1 -1 -1000 -1000 -1000 -10
82 16458 car 0 0 -1 795.4617987807708 180.33191526443397 1035.6988491148477 323.82048437257663 -1 -1 -1 -1000 -1000 -1000 -10
83 16486 car 0 0 -1 692.5377691565475 173.69754461350874 758.4982585167286 232.51832564923723 -1 -1 -1 -1000 -1000 -1000 -10
83 16485 car 0 0 -1 471.64045074429384 173.87312686800723 511.6023924572247 196.5804897578191 -1 -1 -1 -1000 -1000 -1000 -10
83 16482 car 0 0 -1 680.0187914109717 173.33376710967858 739.033155665621 221.37588846277177 -1 -1 -1 -1000 -1000 -1000 -10
83 16480 car 0 0 -1 147.09696083824554 171.09861095543638 271.2510869148011 234.7229926807931 -1 -1 -1 -1000 -1000 -1000 -10
83 16458 car 0 0 -1 808.4398495342934 181.9535936403983 1074.8487573175235 337.8243072769371 -1 -1 -1 -1000 -1000 -1000 -10
84 16486 car 0 0 -1 693.6951504392606 173.13776341186997 762.5430371469484 234.67242482875264 -1 -1 -1 -1000 -1000 -1000 -10
84 16485 car 0 0 -1 461.12765527411574 174.5364287508411 501.06575534314203 197.61490886763025 -1 -1 -1 -1000 -1000 -1000 -10
84 16482 car 0 0 -1 676.1902968703224 173.10060812213734 736.7306098887453 220.59219465727338 -1 -1 -1 -1000 -1000 -1000 -10
84 16480 car 0 0 -1 108.49808074084825 171.1794279986308 245.6570614940299 239.1546912630852 -1 -1 -1 -1000 -1000 -1000 -10
84 16458 car 0 0 -1 826.1775824089125 184.31852987823436 1126.5699263760794 355.56597400473026 -1 -1 -1 -1000 -1000 -1000 -10
85 16486 car 0 0 -1 696.8526476864408 172.8584357595687 767.5089804473234 236.13419061122488 -1 -1 -1 -1000 -1000 -1000 -10
85 16485 car 0 0 -1 451.2853224700232 174.3344749819781 492.4077555631993 198.4395038505207 -1 -1 -1 -1000 -1000 -1000 -10
85 16480 car 0 0 -1 63.117526837639005 171.76660090824356 215.91020311073174 245.41821425202926 -1 -1 -1 -1000 -1000 -1000 -10
86 16487 car 0 0 -1 681.9663773871658 172.03829213110944 748.5631494971129 224.84401318010438 -1 -1 -1 -1000 -1000 -1000 -10
86 16486 car 0 0 -1 699.1777765497537 172.45388359588904 773.4229007828488 240.44806429132453 -1 -1 -1 -1000 -1000 -1000 -10
86 16485 car 0 0 -1 444.0831501140004 174.6067783287354 486.095350230263 199.06244951652582 -1 -1 -1 -1000 -1000 -1000 -10
86 16480 car 0 0 -1 17.212173508094907 171.96175214057416 185.93435611093918 252.2885399785156 -1 -1 -1 -1000 -1000 -1000 -10
86 16468 car 0 0 -1 847.2906053440838 170.2450194081234 1223.2899929635537 373.26522058077467 -1 -1 -1 -1000 -1000 -1000 -10
87 16487 car 0 0 -1 685.6007220459704 172.14322792419586 756.6633366661985 228.4609729568208 -1 -1 -1 -1000 -1000 -1000 -10
87 16486 car 0 0 -1 702.3501501991151 172.08575559181182 781.2652003701784 243.51405292788016 -1 -1 -1 -1000 -1000 -1000 -10
87 16485 car 0 0 -1 435.8696310047241 175.64770306364562 479.2763750894674 201.0173487114734 -1 -1 -1 -1000 -1000 -1000 -10
87 16480 car 0 0 -1 -8.873576812645581 174.90926114825663 158.91644646221587 260.4116097315344 -1 -1 -1 -1000 -1000 -1000 -10
87 16468 car 0 0 -1 856.7197362455454 170.502385463741 1229.0721924003005 373.22810596534 -1 -1 -1 -1000 -1000 -1000 -10
88 16488 car 0 0 -1 667.3302475762174 174.779722432424 722.7285233583199 218.10250646893397 -1 -1 -1 -1000 -1000 -1000 -10
88 16487 car 0 0 -1 689.1467625239271 171.93064763582498 764.6048636514812 231.12524243017316 -1 -1 -1 -1000 -1000 -1000 -10
88 16486 car 0 0 -1 707.113881338748 172.1991875462604 789.7984735170904 247.03113755078667 -1 -1 -1 -1000 -1000 -1000 -10
88 16485 car 0 0 -1 428.05078134059323 176.20549240825468 473.4780126342492 202.89265669239333 -1 -1 -1 -1000 -1000 -1000 -10
88 16480 car 0 0 -1 -25.0593014625084 177.37251583413484 129.33800502906405 267.2356325323267 -1 -1 -1 -1000 -1000 -1000 -10
88 16468 car 0 0 -1 878.3626043516867 169.44834765197962 1237.3622796407287 373.0131099493366 -1 -1 -1 -1000 -1000 -1000 -10
89 16488 car 0 0 -1 668.7271622073893 175.52017245060392 724.7061074915571 218.6956546787584 -1 -1 -1 -1000 -1000 -1000 -10
89 16487 car 0 0 -1 691.6744212503503 171.76879030803383 771.1674907241028 233.39643682591952 -1 -1 -1 -1000 -1000 -1000 -10
89 16486 car 0 0 -1 712.4481573312751 171.88224032985076 800.5498238739212 249.9420004655972 -1 -1 -1 -1000 -1000 -1000 -10
89 16485 car 0 0 -1 419.72869546288155 176.84299256590893 467.37186630253814 204.4657589413009 -1 -1 -1 -1000 -1000 -1000 -10
89 16480 DontCare 0 0 -1 -36.762018624326714 177.3448842373662 92.79337081416762 269.95896758740037 -1 -1 -1 -1000 -1000 -1000 -10
89 16468 car 0 0 -1 906.9225691168225 167.1660004267266 1244.9599184189806 372.15652659222775 -1 -1 -1 -1000 -1000 -1000 -10
90 16488 car 0 0 -1 670.4246012211364 175.78960897190896 726.1973516776217 218.67775316447054 -1 -1 -1 -1000 -1000 -1000 -10
90 16487 car 0 0 -1 693.8874482788513 172.38247719111985 777.28588081772 236.22158475622086 -1 -1 -1 -1000 -1000 -1000 -10
90 16486 car 0 0 -1 719.306432905035 172.55984727402983 813.4156683768055 254.1633792794055 -1 -1 -1 -1000 -1000 -1000 -10
90 16485 car 0 0 -1 411.9113895090521 177.24039156907568 462.4271996904305 206.1875495465869 -1 -1 -1 -1000 -1000 -1000 -10
90 16468 car 0 0 -1 949.6423770548307 164.25224539816423 1255.7017118093743 370.57774790184595 -1 -1 -1 -1000 -1000 -1000 -10
91 16488 car 0 0 -1 675.9043634486952 176.0962210847739 734.1794326416773 220.58756447182623 -1 -1 -1 -1000 -1000 -1000 -10
91 16487 car 0 0 -1 698.7225707321803 172.0391932685935 786.1109130647579 238.34625489471952 -1 -1 -1 -1000 -1000 -1000 -10
91 16486 car 0 0 -1 725.5449573448345 173.84595324628435 826.8313763632034 259.94853768897883 -1 -1 -1 -1000 -1000 -1000 -10
91 16485 car 0 0 -1 401.79760981661536 177.6808327982439 454.46055715350053 207.16698830632924 -1 -1 -1 -1000 -1000 -1000 -10
91 16468 car 0 0 -1 1010.2329496655739 167.22831954660717 1269.3901674356812 372.408384556196 -1 -1 -1 -1000 -1000 -1000 -10
92 16488 car 0 0 -1 672.8573808435552 177.11715919380046 730.8518386358263 220.95377638494418 -1 -1 -1 -1000 -1000 -1000 -10
92 16487 car 0 0 -1 704.2414449095394 173.1769291806993 798.128453343353 242.53235625570915 -1 -1 -1 -1000 -1000 -1000 -10
92 16486 car 0 0 -1 734.7181874608334 174.51145334234207 842.5420205136538 265.1412883078645 -1 -1 -1 -1000 -1000 -1000 -10
92 16485 car 0 0 -1 390.3294746559741 178.75159458558983 445.18698431898395 209.22363346202604 -1 -1 -1 -1000 -1000 -1000 -10
92 16482 car 0 0 -1 682.6547333979889 176.3107855335431 744.1542389229409 225.05911757700105 -1 -1 -1 -1000 -1000 -1000 -10
93 16488 car 0 0 -1 670.7516143809565 177.44295727289844 727.7242805109751 220.3426987976442 -1 -1 -1 -1000 -1000 -1000 -10
93 16487 car 0 0 -1 707.7517845694981 173.27111669599975 806.0134552645338 245.62387512415336 -1 -1 -1 -1000 -1000 -1000 -10
93 16486 car 0 0 -1 744.0922368096114 174.99278318430274 861.9231973830242 272.6960530518484 -1 -1 -1 -1000 -1000 -1000 -10
93 16485 car 0 0 -1 378.3950138093277 179.15803494148494 435.39128463398674 210.61280144720192 -1 -1 -1 -1000 -1000 -1000 -10
93 16482 car 0 0 -1 678.5299729615874 176.35041422314558 740.7343039468551 224.3718524288943 -1 -1 -1 -1000 -1000 -1000 -10
94 16490 car 0 0 -1 680.9476046172138 175.73066760811957 747.1706249405636 226.3283325559853 -1 -1 -1 -1000 -1000 -1000 -10
94 16488 car 0 0 -1 671.4956013241008 177.15767987057305 729.7984440134419 220.46125528788363 -1 -1 -1 -1000 -1000 -1000 -10
94 16487 car 0 0 -1 711.6085185433836 172.40323948834734 815.3231388862404 247.54400210113837 -1 -1 -1 -1000 -1000 -1000 -10
94 16486 car 0 0 -1 755.2783214158766 174.00630251989259 884.169029700554 279.21179534151116 -1 -1 -1 -1000 -1000 -1000 -10
94 16485 car 0 0 -1 365.34860896789917 179.94913263372672 425.0416915423484 212.42216530837214 -1 -1 -1 -1000 -1000 -1000 -10
95 16490 car 0 0 -1 679.8654746599447 176.44995785086883 744.3072876292657 225.13635859366082 -1 -1 -1 -1000 -1000 -1000 -10
95 16489 car 0 0 -1 693.165985335584 176.44014109708164 761.1163417020167 229.9402983364029 -1 -1 -1 -1000 -1000 -1000 -10
95 16488 car 0 0 -1 672.1843695153102 176.48774697921021 731.4364143503453 220.34376474913 -1 -1 -1 -1000 -1000 -1000 -10
95 16487 car 0 0 -1 716.8234618745838 172.19352224392384 827.9246883960233 252.03781499514952 -1 -1 -1 -1000 -1000 -1000 -10
95 16486 car 0 0 -1 768.1078753521672 175.24338858269002 911.059743964742 289.1397290297457 -1 -1 -1 -1000 -1000 -1000 -10
95 16485 car 0 0 -1 350.9661167881052 179.5819773259599 413.4535837333442 213.0685422893142 -1 -1 -1 -1000 -1000 -1000 -10
96 16491 car 0 0 -1 655.3900341574129 175.6029350724354 695.6098130228754 208.2794466486343 -1 -1 -1 -1000 -1000 -1000 -10
96 16490 car 0 0 -1 684.3800194595754 177.01133581534188 752.35994081678 227.67300597790089 -1 -1 -1 -1000 -1000 -1000 -10
96 16489 car 0 0 -1 696.5228236932237 177.73537709958268 768.656158832785 233.77304532156816 -1 -1 -1 -1000 -1000 -1000 -10
96 16487 car 0 0 -1 722.4460244312215 174.1463426227433 841.8130584504836 258.8925210807261 -1 -1 -1 -1000 -1000 -1000 -10
96 16486 car 0 0 -1 783.3335642613706 177.48558644100473 943.7511042342726 302.7965642073263 -1 -1 -1 -1000 -1000 -1000 -10
96 16485 car 0 0 -1 334.35430600684845 180.70610801715557 401.181901120337 215.27610415082572 -1 -1 -1 -1000 -1000 -1000 -10
97 16491 car 0 0 -1 656.1615123854168 175.2324969167967 698.5325666569512 209.6775817884683 -1 -1 -1 -1000 -1000 -1000 -10
97 16490 car 0 0 -1 688.3102927478672 177.48096852020666 759.1283077409971 230.42159807262874 -1 -1 -1 -1000 -1000 -1000 -10
97 16489 car 0 0 -1 702.1477704196699 178.15865069651375 779.8882490891775 237.90891695492655 -1 -1 -1 -1000 -1000 -1000 -10
97 16487 car 0 0 -1 730.6541418770178 175.803322175522 860.9952828497633 267.7073106463213 -1 -1 -1 -1000 -1000 -1000 -10
97 16486 car 0 0 -1 800.4189296392757 180.70626727865394 983.4799603097721 320.50772850472845 -1 -1 -1 -1000 -1000 -1000 -10
97 16485 car 0 0 -1 316.6610971434935 181.62251949887028 388.2667027510296 218.19129788198748 -1 -1 -1 -1000 -1000 -1000 -10
97 16482 car 0 0 -1 677.9774079897028 177.1490467438647 741.1659861047605 225.53877639770326 -1 -1 -1 -1000 -1000 -1000 -10
98 16490 car 0 0 -1 692.4767579207628 177.76827607946393 769.1748153622291 234.76128876568617 -1 -1 -1 -1000 -1000 -1000 -10
98 16489 car 0 0 -1 706.100805850651 177.62132526645365 790.5509495267496 242.00279259083527 -1 -1 -1 -1000 -1000 -1000 -10
98 16487 car 0 0 -1 738.7997647401509 175.82139579148298 879.828919136933 274.78705286856666 -1 -1 -1 -1000 -1000 -1000 -10
98 16486 car 0 0 -1 821.7763504731845 184.60067390296638 1037.2659320182152 347.26972815874115 -1 -1 -1 -1000 -1000 -1000 -10
98 16485 car 0 0 -1 296.49038064103104 182.7688385994639 373.94016382396956 221.71333712767046 -1 -1 -1 -1000 -1000 -1000 -10
98 16482 car 0 0 -1 680.6469066799153 177.80716797210954 745.4597807666104 227.91719673507293 -1 -1 -1 -1000 -1000 -1000 -10
99 16490 car 0 0 -1 700.0888385835689 177.80453383257384 780.2865134441626 237.6807937510793 -1 -1 -1 -1000 -1000 -1000 -10
99 16489 car 0 0 -1 709.0008213894957 177.1423945815691 798.5755041110176 244.98202078616586 -1 -1 -1 -1000 -1000 -1000 -10
99 16487 car 0 0 -1 750.6595651822225 176.43578278877084 906.5946758736039 283.27675169488765 -1 -1 -1 -1000 -1000 -1000 -10
99 16486 car 0 0 -1 854.8010899107809 181.92706443853436 1114.3482679278127 361.914263933195 -1 -1 -1 -1000 -1000 -1000 -10
99 16485 car 0 0 -1 274.7170349173721 182.1509300315826 359.12973131603485 224.03766725728312 -1 -1 -1 -1000 -1000 -1000 -10
99 16482 car 0 0 -1 683.5655255172456 177.4974806172911 749.7841345986755 229.34527218289003 -1 -1 -1 -1000 -1000 -1000 -10
100 16491 car 0 0 -1 658.3269270472001 174.0073667869792 706.2620699953998 212.91838281797325 -1 -1 -1 -1000 -1000 -1000 -10
100 16490 car 0 0 -1 702.3037782954594 177.28423769127943 782.4438466312871 237.80742591511756 -1 -1 -1 -1000 -1000 -1000 -10
100 16489 car 0 0 -1 714.1973508536992 178.2365693477305 809.2532729162538 249.4942900725365 -1 -1 -1 -1000 -1000 -1000 -10
100 16487 car 0 0 -1 763.8845790403296 176.67150014348096 939.5907011710159 293.54242023330073 -1 -1 -1 -1000 -1000 -1000 -10
100 16486 car 0 0 -1 880.201481107431 177.9982420633113 1175.3665355284056 368.7329922598826 -1 -1 -1 -1000 -1000 -1000 -10
100 16485 car 0 0 -1 248.74971704105576 182.10511669931216 340.5756654174428 227.2783687711897 -1 -1 -1 -1000 -1000 -1000 -10
100 16482 car 0 0 -1 686.7668922612885 177.66340116263206 756.5533656397926 230.8829753182402 -1 -1 -1 -1000 -1000 -1000 -10
101 16492 car 0 0 -1 566.2299377874232 174.72574002532915 589.7704442618561 193.39187825360116 -1 -1 -1 -1000 -1000 -1000 -10
101 16491 car 0 0 -1 659.1180858990549 172.9333875415288 708.0975102949631 212.16113838398482 -1 -1 -1 -1000 -1000 -1000 -10
101 16490 car 0 0 -1 708.2451398081968 176.68605409149643 790.6376781968114 240.21531323145655 -1 -1 -1 -1000 -1000 -1000 -10
101 16489 car 0 0 -1 718.0631985495737 176.81754806815098 820.9076916967493 252.8102985322543 -1 -1 -1 -1000 -1000 -1000 -10
101 16487 car 0 0 -1 776.4371602963529 177.22836335185036 973.3906844602977 307.2785607683595 -1 -1 -1 -1000 -1000 -1000 -10
101 16486 car 0 0 -1 903.0228928764456 175.65448984861862 1212.094864844705 371.1912429657883 -1 -1 -1 -1000 -1000 -1000 -10
101 16485 car 0 0 -1 219.66373737261557 181.19896104519833 319.5721192085534 229.32772802546626 -1 -1 -1 -1000 -1000 -1000 -10
101 16482 car 0 0 -1 689.8273492410599 176.41911164429928 763.1666724259817 232.09153173544564 -1 -1 -1 -1000 -1000 -1000 -10
102 16491 car 0 0 -1 659.3326329000063 172.42413081991475 710.0596193828742 213.36695882872255 -1 -1 -1 -1000 -1000 -1000 -10
102 16490 car 0 0 -1 699.0435888339462 174.37806517700227 781.1936774275946 237.74473543435874 -1 -1 -1 -1000 -1000 -1000 -10
102 16489 car 0 0 -1 720.5613411185246 176.37953714333074 831.0513133815119 257.1883695071242 -1 -1 -1 -1000 -1000 -1000 -10
102 16487 car 0 0 -1 792.0005936518659 178.674645550919 1014.6253403637555 324.81089545229463 -1 -1 -1 -1000 -1000 -1000 -10
102 16486 car 0 0 -1 936.6413794872656 174.6772469724458 1238.206704180816 373.2220702149208 -1 -1 -1 -1000 -1000 -1000 -10
102 16485 car 0 0 -1 186.84680477296433 181.64000445841774 296.9917770094258 233.1728387075851 -1 -1 -1 -1000 -1000 -1000 -10
102 16482 car 0 0 -1 685.6860893964418 174.63109552969885 757.8940080923568 229.26400737017374 -1 -1 -1 -1000 -1000 -1000 -10
103 16493 car 0 0 -1 666.2863683365134 174.27347557574535 730.948845415944 217.49121145653817 -1 -1 -1 -1000 -1000 -1000 -10
103 16491 car 0 0 -1 659.7749373459015 173.0889936894022 710.96099358506 214.3012482855638 -1 -1 -1 -1000 -1000 -1000 -10
103 16490 car 0 0 -1 700.3469425043407 174.52432670746052 786.0298962911826 240.44554113678132 -1 -1 -1 -1000 -1000 -1000 -10
103 16489 car 0 0 -1 728.7452342503327 177.21202768982306 845.8458475237824 263.0553741720105 -1 -1 -1 -1000 -1000 -1000 -10
103 16487 car 0 0 -1 813.7853629446519 180.17819433060052 1072.4915226200153 348.60741905061366 -1 -1 -1 -1000 -1000 -1000 -10
103 16486 car 0 0 -1 989.5987556753852 175.7876088934114 1260.6941651626544 374.8568174119673 -1 -1 -1 -1000 -1000 -1000 -10
103 16485 car 0 0 -1 147.5866837772149 182.5347528446599 271.0808903937668 239.06196817731572 -1 -1 -1 -1000 -1000 -1000 -10
103 16482 car 0 0 -1 680.6112588208348 172.78842729196728 749.5752937853163 224.7619900742312 -1 -1 -1 -1000 -1000 -1000 -10
104 16493 car 0 0 -1 673.009697294279 175.72239643274878 740.3352419050741 220.79188315353286 -1 -1 -1 -1000 -1000 -1000 -10
104 16492 car 0 0 -1 553.2432012014796 174.12760451660492 579.422389875452 195.61976613734353 -1 -1 -1 -1000 -1000 -1000 -10
104 16491 car 0 0 -1 664.3164396083675 174.73757899879402 719.5748153726147 217.26204056552243 -1 -1 -1 -1000 -1000 -1000 -10
104 16490 car 0 0 -1 703.8953424784139 176.44735281000666 793.8947721854403 244.8731127055361 -1 -1 -1 -1000 -1000 -1000 -10
104 16489 car 0 0 -1 738.5024666923899 179.515235166353 867.5038060344986 273.1225917309535 -1 -1 -1 -1000 -1000 -1000 -10
104 16487 car 0 0 -1 846.0528253435458 176.3260000625956 1150.6423415818995 361.7545900442138 -1 -1 -1 -1000 -1000 -1000 -10
104 16485 car 0 0 -1 102.58182201236158 184.16324020983845 241.42199349565342 245.80830970099728 -1 -1 -1 -1000 -1000 -1000 -10
104 16482 car 0 0 -1 682.779047170774 175.20436809582964 751.4814136801938 227.12036130634158 -1 -1 -1 -1000 -1000 -1000 -10
105 16493 car 0 0 -1 670.5805236493825 176.47859642885032 741.1384347523881 222.7294277251808 -1 -1 -1 -1000 -1000 -1000 -10
105 16492 car 0 0 -1 548.9076002876224 176.55856379623674 576.9516351633976 198.46369139557112 -1 -1 -1 -1000 -1000 -1000 -10
105 16491 car 0 0 -1 665.1850106946588 175.2553631121302 722.8035452829004 218.43051557948505 -1 -1 -1 -1000 -1000 -1000 -10
105 16490 car 0 0 -1 707.6785762641524 177.69787192969022 803.468044186281 249.93240237815024 -1 -1 -1 -1000 -1000 -1000 -10
105 16489 car 0 0 -1 750.543171362268 181.60224702519997 894.5693386405507 284.8089064336736 -1 -1 -1 -1000 -1000 -1000 -10
105 16487 car 0 0 -1 866.314484786196 172.8535784048645 1196.5706175430396 367.1219971251014 -1 -1 -1 -1000 -1000 -1000 -10
105 16485 car 0 0 -1 46.45619856853733 185.65262523938188 206.33136675263472 254.58864283290868 -1 -1 -1 -1000 -1000 -1000 -10
105 16482 car 0 0 -1 684.041039822039 176.42113486945425 753.1007849773462 227.71781574246415 -1 -1 -1 -1000 -1000 -1000 -10
