0 822 car 0 0 -1 288.0 164.0 323.0 195.0 -1 -1 -1 -1000 -1000 -1000 -10
0 821 car 0 0 -1 284.0 163.0 334.0 197.0 -1 -1 -1 -1000 -1000 -1000 -10
0 820 car 0 0 -1 892.0 204.0 1241.0 371.0 -1 -1 -1 -1000 -1000 -1000 -10
1 822 car 0 0 -1 284.31136256675376 163.1870554093262 320.00522034781926 194.85817072132699 -1 -1 -1 -1000 -1000 -1000 -10
1 821 car 0 0 -1 285.89965321185923 162.571463741029 341.64808548160795 196.4737623896242 -1 -1 -1 -1000 -1000 -1000 -10
1 820 car 0 0 -1 882.2417588817734 203.5306049164787 1239.3009546860658 370.5146212141747 -1 -1 -1 -1000 -1000 -1000 -10
2 822 car 0 0 -1 280.83124503318703 163.09645402738587 323.7259588752178 196.64454203865594 -1 -1 -1 -1000 -1000 -1000 -10
2 820 car 0 0 -1 870.3541639294255 202.08446055697974 1238.437678363556 372.76193792799415 -1 -1 -1 -1000 -1000 -1000 -10
3 822 car 0 0 -1 272.79434121910856 164.72616943644564 317.056804858782 197.89850405329483 -1 -1 -1 -1000 -1000 -1000 -10
3 820 car 0 0 -1 857.9284443445024 201.1274153350731 1237.5811787142818 374.74804826212005 -1 -1 -1 -1000 -1000 -1000 -10
4 821 car 0 0 -1 264.8551340238219 163.9004053005361 328.28495313538446 199.5238304798597 -1 -1 -1 -1000 -1000 -1000 -10
4 820 car 0 0 -1 847.8299646394285 200.00815850900113 1237.6047676939038 376.12601951284086 -1 -1 -1 -1000 -1000 -1000 -10
5 821 car 0 0 -1 258.42610507738675 165.69638884624084 324.6656136851627 201.37763197553954 -1 -1 -1 -1000 -1000 -1000 -10
5 820 car 0 0 -1 837.2085641232554 199.0961587919675 1236.81827753298 376.3535305725319 -1 -1 -1 -1000 -1000 -1000 -10
6 821 car 0 0 -1 249.86435468353818 166.9234714336077 319.65478588047256 202.73816453758502 -1 -1 -1 -1000 -1000 -1000 -10
6 820 car 0 0 -1 827.6194705895406 197.68654322167225 1237.4131704895353 376.8024818882606 -1 -1 -1 -1000 -1000 -1000 -10
7 821 car 0 0 -1 239.76892210621034 168.18805550509714 312.2625025265898 204.38130139177073 -1 -1 -1 -1000 -1000 -1000 -10
7 820 car 0 0 -1 818.287220128382 196.85201799276507 1236.4588339545526 376.6004438705299 -1 -1 -1 -1000 -1000 -1000 -10
8 821 car 0 0 -1 225.99816506726052 171.26068686882996 292.2650913242636 204.99821350216143 -1 -1 -1 -1000 -1000 -1000 -10
8 820 car 0 0 -1 803.0833853979115 195.58463024253177 1215.7356209212098 375.455981192842 -1 -1 -1 -1000 -1000 -1000 -10
9 822 car 0 0 -1 218.97200949746144 162.70329937539816 280.18603114778443 204.3118535971966 -1 -1 -1 -1000 -1000 -1000 -10
9 820 car 0 0 -1 787.3954221264642 194.1830511832003 1186.4795922474173 373.29900642969585 -1 -1 -1 -1000 -1000 -1000 -10
10 820 car 0 0 -1 776.5316211158797 192.09324634454953 1154.666904571987 365.4483084420221 -1 -1 -1 -1000 -1000 -1000 -10
11 820 car 0 0 -1 767.8622644930732 189.57035126349842 1124.9695197689125 357.04966488669845 -1 -1 -1 -1000 -1000 -1000 -10
12 820 car 0 0 -1 760.9879538969693 188.4353292165928 1096.4974947613362 350.22973049693144 -1 -1 -1 -1000 -1000 -1000 -10
13 821 car 0 0 -1 176.73669622987003 173.7791260413009 242.2767290794565 206.4584919020901 -1 -1 -1 -1000 -1000 -1000 -10
13 820 car 0 0 -1 756.6170094607472 188.7023206661193 1071.9358918660273 344.44984151085515 -1 -1 -1 -1000 -1000 -1000 -10
14 822 car 0 0 -1 165.34550973715474 170.70183111809382 259.14219716016476 210.62837951585584 -1 -1 -1 -1000 -1000 -1000 -10
14 821 car 0 0 -1 162.48829411683906 176.44550432259837 229.64676305859442 210.10534857010407 -1 -1 -1 -1000 -1000 -1000 -10
14 820 car 0 0 -1 753.7753365464168 188.26125498434504 1050.2260129256447 337.707078525394 -1 -1 -1 -1000 -1000 -1000 -10
15 822 car 0 0 -1 152.66993952199957 174.72446547350074 252.9524124935124 213.51248707584244 -1 -1 -1 -1000 -1000 -1000 -10
15 821 car 0 0 -1 149.93955104481282 179.01940302878455 220.2439495826538 213.07880245245315 -1 -1 -1 -1000 -1000 -1000 -10
15 820 car 0 0 -1 750.4350420003314 187.61153308117028 1031.9604837048519 331.8514075064653 -1 -1 -1 -1000 -1000 -1000 -10
16 826 car 0 0 -1 193.28352911363967 171.96639627186028 254.92409776184493 209.1903843766837 -1 -1 -1 -1000 -1000 -1000 -10
16 822 car 0 0 -1 138.55660410241657 175.4203901819603 245.44740010258087 214.70471644295966 -1 -1 -1 -1000 -1000 -1000 -10
16 821 car 0 0 -1 136.8278246857311 179.5419486681437 211.28465211728647 214.6003073394851 -1 -1 -1 -1000 -1000 -1000 -10
16 820 car 0 0 -1 747.100233223999 185.8578687067198 1013.501952256548 324.13914192220886 -1 -1 -1 -1000 -1000 -1000 -10
17 826 car 0 0 -1 180.0217731390993 171.4720503118332 244.46380378770186 209.59292764012662 -1 -1 -1 -1000 -1000 -1000 -10
17 821 car 0 0 -1 120.99919448416561 179.6957991380786 200.50115986387686 215.81312668612014 -1 -1 -1 -1000 -1000 -1000 -10
17 820 car 0 0 -1 742.712498914556 184.17088313153107 995.3746024610692 316.5429792351145 -1 -1 -1 -1000 -1000 -1000 -10
18 826 car 0 0 -1 170.6065456899037 170.73190067906575 236.98138382660804 210.10303541766456 -1 -1 -1 -1000 -1000 -1000 -10
18 821 car 0 0 -1 102.6857942937908 180.25382078444622 185.36863165790118 217.00953823840732 -1 -1 -1 -1000 -1000 -1000 -10
18 820 car 0 0 -1 739.235782798566 184.4975342759579 978.6256722843569 312.14940928329213 -1 -1 -1 -1000 -1000 -1000 -10
19 826 car 0 0 -1 158.71190558657494 170.74146143086764 223.74364432058607 210.647782391375 -1 -1 -1 -1000 -1000 -1000 -10
19 822 car 0 0 -1 134.56036373488598 169.99207887322927 243.22603683436603 211.7713646976191 -1 -1 -1 -1000 -1000 -1000 -10
19 821 car 0 0 -1 83.64237102091866 181.60909515952196 170.3306312677931 218.8377836724134 -1 -1 -1 -1000 -1000 -1000 -10
19 820 car 0 0 -1 736.3117830854959 184.8537374023462 962.1831242240013 307.78139232212374 -1 -1 -1 -1000 -1000 -1000 -10
20 826 car 0 0 -1 145.6826535943744 169.02037065841307 212.04076834156038 211.06633449875267 -1 -1 -1 -1000 -1000 -1000 -10
20 822 car 0 0 -1 135.01042513354705 168.41976528957483 240.9414543296556 212.02721307142284 -1 -1 -1 -1000 -1000 -1000 -10
20 821 car 0 0 -1 62.927448478286095 183.02356658489538 152.27832269218814 221.14701860047603 -1 -1 -1 -1000 -1000 -1000 -10
20 820 car 0 0 -1 732.9020645372483 183.60622278215726 949.0995607215888 303.1191637561921 -1 -1 -1 -1000 -1000 -1000 -10
21 826 car 0 0 -1 128.97282254142007 170.7313655350859 197.33111483331854 214.3849873531343 -1 -1 -1 -1000 -1000 -1000 -10
21 821 car 0 0 -1 40.721274067161666 185.9242600222336 133.97254152726643 224.72487814355387 -1 -1 -1 -1000 -1000 -1000 -10
21 820 car 0 0 -1 728.3118216587284 183.10417135331218 935.0839093020102 298.9073396289501 -1 -1 -1 -1000 -1000 -1000 -10
22 826 car 0 0 -1 112.79485634706793 174.6905307177065 182.5954420806346 218.3205232086495 -1 -1 -1 -1000 -1000 -1000 -10
22 821 car 0 0 -1 18.59476756716343 187.79302058800056 119.41688074555664 227.82567266552155 -1 -1 -1 -1000 -1000 -1000 -10
22 820 car 0 0 -1 724.9622395895766 183.57296592291223 922.2022273848753 295.4532324026238 -1 -1 -1 -1000 -1000 -1000 -10
23 826 car 0 0 -1 92.44675509619056 168.89623070005337 166.9326898293234 218.20232117913167 -1 -1 -1 -1000 -1000 -1000 -10
23 822 car 0 0 -1 106.23084079735398 166.80959241239418 217.25084464826702 216.14599938951068 -1 -1 -1 -1000 -1000 -1000 -10
23 821 car 0 0 -1 4.501299029490482 188.98960900287443 111.03096469050067 231.02113017620394 -1 -1 -1 -1000 -1000 -1000 -10
23 820 car 0 0 -1 721.8037629807541 184.2711009697391 910.0216087606157 291.78808597207956 -1 -1 -1 -1000 -1000 -1000 -10
24 829 car 0 0 -1 1133.289933186179 277.0125331411617 1232.4711876326564 376.6527203170218 -1 -1 -1 -1000 -1000 -1000 -10
24 822 car 0 0 -1 84.3362320866406 167.42739195332217 208.04836009556402 217.8653067600697 -1 -1 -1 -1000 -1000 -1000 -10
24 821 car 0 0 -1 -8.0700748411967 188.945137653327 91.90924883213135 232.6938767133536 -1 -1 -1 -1000 -1000 -1000 -10
24 820 car 0 0 -1 718.17110641932 184.03733169445016 898.008623284378 287.15339751852866 -1 -1 -1 -1000 -1000 -1000 -10
25 829 car 0 0 -1 1101.6254399737818 247.58601124697225 1233.3815173208463 373.35650050031063 -1 -1 -1 -1000 -1000 -1000 -10
25 821 car 0 0 -1 -2.689882547892296 185.35848490283306 107.82559998460653 232.41617604542168 -1 -1 -1 -1000 -1000 -1000 -10
25 820 car 0 0 -1 714.5265664117533 183.27448234035643 885.8820550394 281.6901542215612 -1 -1 -1 -1000 -1000 -1000 -10
26 829 car 0 0 -1 1071.984886400763 218.4686464410785 1234.393743643083 370.3074553065038 -1 -1 -1 -1000 -1000 -1000 -10
26 826 car 0 0 -1 30.119125338158746 176.31798741008603 112.9537957990415 224.46089441221554 -1 -1 -1 -1000 -1000 -1000 -10
26 820 car 0 0 -1 711.5438819298087 183.981720022071 874.3060726130158 278.0456156131052 -1 -1 -1 -1000 -1000 -1000 -10
27 829 car 0 0 -1 1044.5564453940772 196.33187287604028 1234.477699040405 370.2837759740012 -1 -1 -1 -1000 -1000 -1000 -10
27 826 car 0 0 -1 6.65528417039458 179.19595377223118 93.75645547178446 227.7524361342053 -1 -1 -1 -1000 -1000 -1000 -10
27 820 car 0 0 -1 706.1404935552694 183.68996473271773 863.7044192724948 275.3837261663924 -1 -1 -1 -1000 -1000 -1000 -10
28 829 car 0 0 -1 1020.7629721138823 182.26109927435527 1234.1203128538605 371.68864324278024 -1 -1 -1 -1000 -1000 -1000 -10
28 828 car 0 0 -1 45.47047344197723 166.73784957356 109.87239911266664 201.56315678779683 -1 -1 -1 -1000 -1000 -1000 -10
28 826 car 0 0 -1 -6.568976382650554 181.2858244551557 75.48337559627998 229.85927259228475 -1 -1 -1 -1000 -1000 -1000 -10
28 822 car 0 0 -1 43.02188809225224 164.0647555197609 166.28078243774723 209.1216179418146 -1 -1 -1 -1000 -1000 -1000 -10
28 820 car 0 0 -1 702.4969740842141 184.32228197723268 853.9498680991958 273.6879644424291 -1 -1 -1 -1000 -1000 -1000 -10
29 829 car 0 0 -1 996.5030313742922 175.520155478312 1232.4675258978473 373.65048267423896 -1 -1 -1 -1000 -1000 -1000 -10
29 828 car 0 0 -1 30.71462556363614 165.40997282120247 96.43048796029714 201.80386754655666 -1 -1 -1 -1000 -1000 -1000 -10
29 826 car 0 0 -1 -14.602592998881448 183.1740621741792 56.18504075314884 231.43060960302 -1 -1 -1 -1000 -1000 -1000 -10
29 820 car 0 0 -1 697.6588311848591 184.94800662685094 843.2144868435587 271.4511186211613 -1 -1 -1 -1000 -1000 -1000 -10
30 829 car 0 0 -1 971.5325966043167 170.75428966245198 1230.8746798228115 375.5269643961345 -1 -1 -1 -1000 -1000 -1000 -10
30 820 car 0 0 -1 693.40677289868 184.8569329508791 832.9542910395428 267.8249180200032 -1 -1 -1 -1000 -1000 -1000 -10
31 829 car 0 0 -1 948.2141257573259 169.04989477052902 1230.0690541951794 377.546880417519 -1 -1 -1 -1000 -1000 -1000 -10
31 820 car 0 0 -1 687.8976903289393 184.05333813540403 821.8254206862856 264.10820923828544 -1 -1 -1 -1000 -1000 -1000 -10
32 829 car 0 0 -1 928.1024364193338 166.88421747518623 1230.9132692334408 377.7343538776063 -1 -1 -1 -1000 -1000 -1000 -10
32 820 car 0 0 -1 681.8199940590756 183.4997485780931 810.4519098986196 261.09719061681346 -1 -1 -1 -1000 -1000 -1000 -10
33 829 car 0 0 -1 908.731975622937 166.81047673609646 1231.4399773463253 378.191434986408 -1 -1 -1 -1000 -1000 -1000 -10
33 822 DontCare 0 0 -1 -6.920393979938169 163.3519615788023 137.79017400595882 216.438044478558 -1 -1 -1 -1000 -1000 -1000 -10
33 820 car 0 0 -1 676.3593394616495 181.61582246363332 799.40986515989 257.88921287792965 -1 -1 -1 -1000 -1000 -1000 -10
34 829 car 0 0 -1 888.5193742853039 166.78702862072774 1230.9552414297095 378.7425333415505 -1 -1 -1 -1000 -1000 -1000 -10
34 820 car 0 0 -1 670.7224907753106 181.26587434167118 788.2729548863596 255.71549234512236 -1 -1 -1 -1000 -1000 -1000 -10
35 829 car 0 0 -1 869.295542987777 166.71489904463644 1231.3727465231177 379.3339954832826 -1 -1 -1 -1000 -1000 -1000 -10
35 820 car 0 0 -1 664.6069463178484 181.24696791182382 778.1387435630419 252.92954052107277 -1 -1 -1 -1000 -1000 -1000 -10
36 829 car 0 0 -1 850.5518762201428 166.08017464301196 1231.3441172842258 379.78658616737 -1 -1 -1 -1000 -1000 -1000 -10
36 820 car 0 0 -1 658.2929889933205 180.95234861287918 767.141793903276 250.31120295487824 -1 -1 -1 -1000 -1000 -1000 -10
37 829 car 0 0 -1 832.9589800516032 164.9728919791988 1232.0973323853832 379.7640320770814 -1 -1 -1 -1000 -1000 -1000 -10
37 820 car 0 0 -1 651.2662471921407 180.1342341140407 755.822421386279 246.91647289142028 -1 -1 -1 -1000 -1000 -1000 -10
38 829 car 0 0 -1 809.9526088374173 165.20637168412273 1218.9705720084971 379.9521954372875 -1 -1 -1 -1000 -1000 -1000 -10
38 820 car 0 0 -1 644.5109309756629 180.0710034450868 746.3505896433633 246.04311827577303 -1 -1 -1 -1000 -1000 -1000 -10
39 829 car 0 0 -1 781.9665163559437 164.51102974045313 1187.478500107083 379.0568386205687 -1 -1 -1 -1000 -1000 -1000 -10
39 820 car 0 0 -1 636.3288264763816 179.6851805975131 735.341564767395 244.2267702634841 -1 -1 -1 -1000 -1000 -1000 -10
40 829 car 0 0 -1 755.9950833956668 164.99537069424628 1149.071827745013 378.77054016824104 -1 -1 -1 -1000 -1000 -1000 -10
40 820 car 0 0 -1 630.2496875627897 179.81769977835484 725.4954531005145 243.29272363374702 -1 -1 -1 -1000 -1000 -1000 -10
41 829 car 0 0 -1 734.4472131292315 164.74629031455459 1110.2354588987712 374.75502183695335 -1 -1 -1 -1000 -1000 -1000 -10
41 820 car 0 0 -1 623.4839673237193 180.35941247272171 715.6963811560142 242.4822605532308 -1 -1 -1 -1000 -1000 -1000 -10
42 829 car 0 0 -1 714.4365261141098 164.16325252876538 1070.165366730725 369.37437343400006 -1 -1 -1 -1000 -1000 -1000 -10
42 820 car 0 0 -1 616.5067213284392 181.28587394883658 706.491058185635 242.11624986928643 -1 -1 -1 -1000 -1000 -1000 -10
43 829 car 0 0 -1 696.5041713639184 163.45722303534703 1032.0164036076928 362.8318764340079 -1 -1 -1 -1000 -1000 -1000 -10
43 820 car 0 0 -1 609.8657886117553 181.44341915179513 697.0937781828925 241.57884336556822 -1 -1 -1 -1000 -1000 -1000 -10
44 829 car 0 0 -1 681.2124343516426 163.12217858607664 995.3359370459569 355.4310614575219 -1 -1 -1 -1000 -1000 -1000 -10
44 820 car 0 0 -1 603.1613882604275 181.29256426626424 687.8136154628456 240.36251912064282 -1 -1 -1 -1000 -1000 -1000 -10
45 829 car 0 0 -1 668.5503122977825 162.82354223160718 961.4341792641901 348.44625864616296 -1 -1 -1 -1000 -1000 -1000 -10
45 820 car 0 0 -1 598.1087786766076 180.64243990662214 680.03554537928 238.64088720415714 -1 -1 -1 -1000 -1000 -1000 -10
46 829 car 0 0 -1 657.1942907473613 162.59380705063467 930.8423376367559 340.9299656632678 -1 -1 -1 -1000 -1000 -1000 -10
46 820 car 0 0 -1 592.8971877389087 181.14740947743715 671.7372028023475 237.26063508276852 -1 -1 -1 -1000 -1000 -1000 -10
47 829 car 0 0 -1 646.9781676553476 162.3849053908881 902.1454618347874 333.8526376738044 -1 -1 -1 -1000 -1000 -1000 -10
47 820 car 0 0 -1 587.5074163656649 182.3350088116873 664.6089083888313 237.02096211736907 -1 -1 -1 -1000 -1000 -1000 -10
48 829 car 0 0 -1 636.7785096198933 164.32844609119894 875.8595737605757 328.6018565411403 -1 -1 -1 -1000 -1000 -1000 -10
48 820 car 0 0 -1 581.664259120022 183.05459485364224 655.8047206956969 236.69076261198774 -1 -1 -1 -1000 -1000 -1000 -10
49 829 car 0 0 -1 628.186941169164 165.19893745605845 852.0574563565191 322.135274831364 -1 -1 -1 -1000 -1000 -1000 -10
49 820 car 0 0 -1 578.1489369104066 183.36194780870437 650.1207417445447 235.93217100777315 -1 -1 -1 -1000 -1000 -1000 -10
50 829 car 0 0 -1 621.8210384461663 164.1278007983815 830.7482749181206 314.20665914635765 -1 -1 -1 -1000 -1000 -1000 -10
50 820 car 0 0 -1 574.2990418661699 181.91658372075977 644.9693648204242 232.8483254393429 -1 -1 -1 -1000 -1000 -1000 -10
51 829 car 0 0 -1 614.1116373027966 163.56190626328566 810.0438501185823 307.00720701435625 -1 -1 -1 -1000 -1000 -1000 -10
51 820 car 0 0 -1 569.7606505420731 180.67953389610744 638.0755947277037 229.8778006944679 -1 -1 -1 -1000 -1000 -1000 -10
52 829 car 0 0 -1 607.9326780434046 162.21315238500458 791.9431499941977 299.79847387071266 -1 -1 -1 -1000 -1000 -1000 -10
52 820 car 0 0 -1 566.3020650625967 179.45881671192583 632.3007789722615 227.6397030849835 -1 -1 -1 -1000 -1000 -1000 -10
53 829 car 0 0 -1 602.6659457529533 162.6745795175305 775.7590246585214 293.63517154102857 -1 -1 -1 -1000 -1000 -1000 -10
53 820 car 0 0 -1 563.2188323535925 180.36699700842968 626.9872711245941 226.68642899707413 -1 -1 -1 -1000 -1000 -1000 -10
54 829 car 0 0 -1 598.2494177004218 165.5732008759645 761.0539846032101 289.90663442788804 -1 -1 -1 -1000 -1000 -1000 -10
54 820 car 0 0 -1 559.1712579219616 177.9542621025824 621.0784948032097 224.7272627557329 -1 -1 -1 -1000 -1000 -1000 -10
55 829 car 0 0 -1 592.9213142206686 167.62377805214652 746.8765462291935 286.3572830960098 -1 -1 -1 -1000 -1000 -1000 -10
55 820 car 0 0 -1 556.2739394776429 179.3609262199992 615.9232491683952 225.42631157553913 -1 -1 -1 -1000 -1000 -1000 -10
56 839 car 0 0 -1 240.1437176887106 182.48729856045156 276.6783152468789 201.70549782392635 -1 -1 -1 -1000 -1000 -1000 -10
56 829 car 0 0 -1 589.0846086761832 170.48595779596712 734.8313206511858 283.6276392268983 -1 -1 -1 -1000 -1000 -1000 -10
56 820 car 0 0 -1 554.4747297975159 181.82874384471938 611.6444652763266 226.2851091518324 -1 -1 -1 -1000 -1000 -1000 -10
57 839 car 0 0 -1 233.59193870100282 182.45523376049184 268.6617404489468 201.72226226793677 -1 -1 -1 -1000 -1000 -1000 -10
57 829 car 0 0 -1 584.9779546040218 171.5614878143503 722.5373745055797 280.7837580781802 -1 -1 -1 -1000 -1000 -1000 -10
57 820 car 0 0 -1 552.5213398025818 183.52493896184563 607.0207029015002 226.50486446827085 -1 -1 -1 -1000 -1000 -1000 -10
58 839 car 0 0 -1 228.84885170177802 182.26171811916865 264.4357571507121 201.87743767964187 -1 -1 -1 -1000 -1000 -1000 -10
58 829 car 0 0 -1 582.0583228684562 172.11813691420008 711.9949233029434 276.4725374489236 -1 -1 -1 -1000 -1000 -1000 -10
58 820 car 0 0 -1 550.596603766459 183.10147818082385 604.6748586566738 225.80493274310675 -1 -1 -1 -1000 -1000 -1000 -10
59 841 car 0 0 -1 555.2714550069206 175.15594725072697 617.054063385377 227.92752462898852 -1 -1 -1 -1000 -1000 -1000 -10
59 840 car 0 0 -1 372.3740960061593 169.00653061565518 397.1138640818113 190.03391868064566 -1 -1 -1 -1000 -1000 -1000 -10
59 839 car 0 0 -1 223.53028380424232 182.20103607183245 260.86427141987 202.6423215661883 -1 -1 -1 -1000 -1000 -1000 -10
59 829 car 0 0 -1 582.0050580277424 172.69640547034552 703.4694730015154 272.63875569404763 -1 -1 -1 -1000 -1000 -1000 -10
59 820 car 0 0 -1 547.6508886893947 186.84417950267974 599.2291566822784 226.65097844250815 -1 -1 -1 -1000 -1000 -1000 -10
60 841 car 0 0 -1 555.0751162438249 178.8583692220517 616.4831833976801 227.4663348472464 -1 -1 -1 -1000 -1000 -1000 -10
60 840 car 0 0 -1 371.226223083562 169.67466386589436 394.5666680753793 189.9428971105937 -1 -1 -1 -1000 -1000 -1000 -10
60 839 car 0 0 -1 220.6975157629651 181.32998414313695 259.7638731665407 202.3180604322686 -1 -1 -1 -1000 -1000 -1000 -10
60 829 car 0 0 -1 578.8721191560911 173.51084362159844 695.4726502921602 269.38621663715537 -1 -1 -1 -1000 -1000 -1000 -10
60 820 car 0 0 -1 547.2975056871782 188.3658473156271 597.1123430341062 226.27482432133093 -1 -1 -1 -1000 -1000 -1000 -10
61 841 car 0 0 -1 553.3789191870599 181.77426382404406 613.5533180007999 228.30175260754686 -1 -1 -1 -1000 -1000 -1000 -10
61 840 car 0 0 -1 368.67474943052764 168.58307284744257 393.2326227068295 189.74243640939045 -1 -1 -1 -1000 -1000 -1000 -10
61 839 car 0 0 -1 214.1933278340668 181.7027028362494 256.31038023519824 203.59003574732242 -1 -1 -1 -1000 -1000 -1000 -10
61 829 car 0 0 -1 577.3164196725276 174.66392596093098 688.0569649194005 266.7332931153686 -1 -1 -1 -1000 -1000 -1000 -10
61 820 car 0 0 -1 548.0974081828729 187.23196483392016 597.3487990634749 225.36517287061602 -1 -1 -1 -1000 -1000 -1000 -10
62 841 car 0 0 -1 551.3361940243435 184.98845000890134 605.5088758652125 226.83854543580463 -1 -1 -1 -1000 -1000 -1000 -10
62 840 car 0 0 -1 366.0914873799301 167.03038587110717 391.86026932914194 187.99988659399787 -1 -1 -1 -1000 -1000 -1000 -10
62 839 car 0 0 -1 209.16201180462372 179.8416277691098 254.03336981819336 202.63570009528584 -1 -1 -1 -1000 -1000 -1000 -10
62 829 car 0 0 -1 573.691133912393 175.9676279679432 680.382842092324 264.2854234895756 -1 -1 -1 -1000 -1000 -1000 -10
62 820 car 0 0 -1 543.679224009904 189.63354350215226 586.0287400515286 225.94716121309548 -1 -1 -1 -1000 -1000 -1000 -10
63 841 car 0 0 -1 548.5987478028455 187.09499653334777 598.605468672449 225.16102151223689 -1 -1 -1 -1000 -1000 -1000 -10
63 840 car 0 0 -1 361.2665911147729 166.62859934868786 387.0852018095945 187.30586989617652 -1 -1 -1 -1000 -1000 -1000 -10
63 839 car 0 0 -1 201.18070802462202 178.85154101401974 248.92924131911676 203.2601360909145 -1 -1 -1 -1000 -1000 -1000 -10
63 829 car 0 0 -1 569.0721537550027 176.82083680996104 672.1776138351487 261.79364491879426 -1 -1 -1 -1000 -1000 -1000 -10
64 841 car 0 0 -1 545.1810804839868 186.78053157771942 592.6132551922526 222.73921369233054 -1 -1 -1 -1000 -1000 -1000 -10
64 840 car 0 0 -1 358.2090079656486 166.72324613337315 384.17006992868534 187.56291292431365 -1 -1 -1 -1000 -1000 -1000 -10
64 839 car 0 0 -1 193.0244139632654 179.3900684769843 239.92104197711288 203.92186269459683 -1 -1 -1 -1000 -1000 -1000 -10
64 829 car 0 0 -1 565.6978651026241 176.0644066335567 665.2765211862702 258.83821504007176 -1 -1 -1 -1000 -1000 -1000 -10
65 840 car 0 0 -1 354.6582123303482 168.20476479888688 379.66669986543434 188.96289920286856 -1 -1 -1 -1000 -1000 -1000 -10
65 839 car 0 0 -1 183.89145376922693 180.83753036054324 231.7532989529198 205.56519828508212 -1 -1 -1 -1000 -1000 -1000 -10
65 829 car 0 0 -1 562.8647383187181 177.55518880035157 658.1712225098761 257.8628116291947 -1 -1 -1 -1000 -1000 -1000 -10
66 840 car 0 0 -1 349.99966152540907 171.0247297693978 375.5402762115189 192.58545092056121 -1 -1 -1 -1000 -1000 -1000 -10
66 839 car 0 0 -1 172.86382066428217 184.52849049359565 225.47134466545924 209.5868190162288 -1 -1 -1 -1000 -1000 -1000 -10
66 829 car 0 0 -1 560.8845256290489 180.40955261562053 652.2153832655198 257.76136009179845 -1 -1 -1 -1000 -1000 -1000 -10
67 839 car 0 0 -1 165.25613596529254 186.87003335856969 221.0179090140525 212.7372614695082 -1 -1 -1 -1000 -1000 -1000 -10
67 829 car 0 0 -1 558.3960001442122 181.7467460708201 648.7778458901726 258.1467558073433 -1 -1 -1 -1000 -1000 -1000 -10
68 839 car 0 0 -1 157.31001013566345 185.87207812044448 214.98063177827697 212.52626299014298 -1 -1 -1 -1000 -1000 -1000 -10
68 829 car 0 0 -1 555.2509121380732 181.7377080793642 642.9951393083737 256.3488397587463 -1 -1 -1 -1000 -1000 -1000 -10
69 840 car 0 0 -1 329.43292708187386 161.86173590853892 363.7137231853854 190.67630399582154 -1 -1 -1 -1000 -1000 -1000 -10
69 839 car 0 0 -1 145.73636925560166 182.78779163784614 200.8528992735872 208.64964921365984 -1 -1 -1 -1000 -1000 -1000 -10
69 829 car 0 0 -1 551.2178158292631 178.1557128242092 637.5749769018603 251.13677130410932 -1 -1 -1 -1000 -1000 -1000 -10
70 840 car 0 0 -1 319.14486014667125 162.4982565797383 353.7115098198402 190.75814836083939 -1 -1 -1 -1000 -1000 -1000 -10
70 839 car 0 0 -1 132.74337827968156 180.65194002530822 185.70056127463675 206.1952348621198 -1 -1 -1 -1000 -1000 -1000 -10
70 829 car 0 0 -1 550.5816712555164 175.31353743895124 634.8151782591423 246.2781100405084 -1 -1 -1 -1000 -1000 -1000 -10
71 840 car 0 0 -1 313.18211160990995 161.9269355515411 346.4290081239176 190.31410819511504 -1 -1 -1 -1000 -1000 -1000 -10
71 829 car 0 0 -1 548.3266520177337 173.532475575887 630.9686512566252 243.28126121622486 -1 -1 -1 -1000 -1000 -1000 -10
72 840 car 0 0 -1 305.0621518417638 162.2049867767934 338.11812227925736 191.60636821045458 -1 -1 -1 -1000 -1000 -1000 -10
72 829 car 0 0 -1 545.1654179211196 175.24569774035666 626.3634320381898 243.53990160372956 -1 -1 -1 -1000 -1000 -1000 -10
73 840 car 0 0 -1 298.6029114156459 162.92571586716412 332.1215688576123 193.42562640647088 -1 -1 -1 -1000 -1000 -1000 -10
73 829 car 0 0 -1 542.8880409458302 176.80109226823856 622.7370453826702 244.02679561139814 -1 -1 -1 -1000 -1000 -1000 -10
74 850 car 0 0 -1 549.7389037102188 181.801562425006 621.5381086772228 227.02682760648202 -1 -1 -1 -1000 -1000 -1000 -10
74 839 car 0 0 -1 94.19721940325527 180.7186494718752 151.8458246270737 209.9936377701161 -1 -1 -1 -1000 -1000 -1000 -10
74 829 car 0 0 -1 541.71755175009 178.33845212802137 620.5862481333108 243.93081302805828 -1 -1 -1 -1000 -1000 -1000 -10
75 850 car 0 0 -1 545.4100790005622 183.25561142552093 621.7774485609096 235.27200171466856 -1 -1 -1 -1000 -1000 -1000 -10
75 839 car 0 0 -1 78.28648858410013 180.86586889639668 145.76162830773194 211.45413309058486 -1 -1 -1 -1000 -1000 -1000 -10
76 850 car 0 0 -1 545.8997754136176 183.5615118443572 624.1817840956221 239.7802722066109 -1 -1 -1 -1000 -1000 -1000 -10
76 839 car 0 0 -1 63.15714996933098 179.82573181500794 138.1669081974611 211.81665423992422 -1 -1 -1 -1000 -1000 -1000 -10
77 850 car 0 0 -1 545.6871568273434 183.05725490941666 623.233942327081 240.04726817011573 -1 -1 -1 -1000 -1000 -1000 -10
77 840 car 0 0 -1 258.8483459737611 161.64677149932257 305.5574194356081 198.73085536103443 -1 -1 -1 -1000 -1000 -1000 -10
77 839 car 0 0 -1 47.11235849828076 178.4360716239903 129.28554541439647 212.30608213272956 -1 -1 -1 -1000 -1000 -1000 -10
78 852 car 0 0 -1 19.57710276932802 182.01440228981684 91.12562047385893 211.98624222065112 -1 -1 -1 -1000 -1000 -1000 -10
78 850 car 0 0 -1 545.9554745874833 182.10200775418357 623.3465239968328 239.9790086047382 -1 -1 -1 -1000 -1000 -1000 -10
78 840 car 0 0 -1 244.77012386118008 160.7715478743658 296.82811309823694 200.0100238167475 -1 -1 -1 -1000 -1000 -1000 -10
78 839 car 0 0 -1 29.969047189674576 178.76922241209098 118.13332994664611 213.5307026687936 -1 -1 -1 -1000 -1000 -1000 -10
79 850 car 0 0 -1 546.293674252208 181.0213948035566 623.8873020042053 239.84529349476813 -1 -1 -1 -1000 -1000 -1000 -10
79 840 car 0 0 -1 227.96689388211843 159.31149937737604 286.09953462847733 200.98401687337713 -1 -1 -1 -1000 -1000 -1000 -10
79 839 car 0 0 -1 12.107762463276472 177.47217722994506 107.70198629641264 214.14596014162456 -1 -1 -1 -1000 -1000 -1000 -10
80 850 car 0 0 -1 546.7607433266483 180.88721796957137 623.0916817188299 239.42953010251128 -1 -1 -1 -1000 -1000 -1000 -10
80 840 car 0 0 -1 211.16642250906486 158.4351834187065 275.46329975528 201.67545891418249 -1 -1 -1 -1000 -1000 -1000 -10
80 839 car 0 0 -1 0.07415020929851579 176.81004703876192 95.89578018182445 214.54305797333626 -1 -1 -1 -1000 -1000 -1000 -10
81 850 car 0 0 -1 547.0438686125682 180.12010185160943 620.6967193788413 237.89981168618203 -1 -1 -1 -1000 -1000 -1000 -10
81 840 car 0 0 -1 189.85541183207533 156.77817964890596 259.8591333142622 202.62696753154722 -1 -1 -1 -1000 -1000 -1000 -10
81 839 car 0 0 -1 -6.648558815356381 175.3589261408117 85.54799248731695 213.98865673060325 -1 -1 -1 -1000 -1000 -1000 -10
82 850 car 0 0 -1 548.1550356569879 180.4512277712193 620.1579666386707 238.6565119391705 -1 -1 -1 -1000 -1000 -1000 -10
82 840 car 0 0 -1 166.07800311658605 155.0785230372896 243.14426406181428 204.05828122108872 -1 -1 -1 -1000 -1000 -1000 -10
82 839 car 0 0 -1 -10.83536466577721 175.11574156521186 74.60933530339072 214.0967485236822 -1 -1 -1 -1000 -1000 -1000 -10
83 850 car 0 0 -1 549.9455969105783 180.6407379748462 619.9246595300782 238.17016116199696 -1 -1 -1 -1000 -1000 -1000 -10
83 840 car 0 0 -1 139.56709885489312 154.70116124506387 225.29765007119659 207.5024316103203 -1 -1 -1 -1000 -1000 -1000 -10
83 839 car 0 0 -1 -13.73367071799402 174.99466991357522 62.48883637995951 214.16338871199738 -1 -1 -1 -1000 -1000 -1000 -10
84 850 car 0 0 -1 553.2875431279007 180.48256446596756 621.1176658992875 236.86860742348253 -1 -1 -1 -1000 -1000 -1000 -10
84 840 car 0 0 -1 106.84921731481089 152.99044721217928 202.72223519153155 210.3810018593477 -1 -1 -1 -1000 -1000 -1000 -10
84 839 car 0 0 -1 -16.071003864620813 174.32917076884277 48.582725348177924 213.54210958150546 -1 -1 -1 -1000 -1000 -1000 -10
85 850 car 0 0 -1 555.3874269083093 180.06993653065948 622.6859709098461 236.05130550385817 -1 -1 -1 -1000 -1000 -1000 -10
85 840 car 0 0 -1 65.93010396988042 149.35569458398476 174.10279483748678 211.92923576439443 -1 -1 -1 -1000 -1000 -1000 -10
86 850 car 0 0 -1 556.4546656373813 179.13796546438243 623.6460615964564 234.54969268528686 -1 -1 -1 -1000 -1000 -1000 -10
86 840 DontCare 0 0 -1 25.784321443142325 146.50896772152998 143.75666122402788 213.34779785486813 -1 -1 -1 -1000 -1000 -1000 -10
87 850 car 0 0 -1 557.2038675365616 176.61940563141232 622.3577681673294 229.6624119860439 -1 -1 -1 -1000 -1000 -1000 -10
88 855 DontCare 0 0 -1 -13.680704714017246 144.66638499939287 65.86926030180817 209.5534240652144 -1 -1 -1 -1000 -1000 -1000 -10
88 853 car 0 0 -1 331.3446582305116 169.06149998700198 378.79202759202343 188.79896995367613 -1 -1 -1 -1000 -1000 -1000 -10
88 850 car 0 0 -1 557.5046143213865 176.55631215134005 621.8423421948305 228.8546585362649 -1 -1 -1 -1000 -1000 -1000 -10
89 855 car 0 0 -1 -8.326529001985683 147.87144589253163 47.75690507084842 192.49845353315854 -1 -1 -1 -1000 -1000 -1000 -10
89 850 car 0 0 -1 557.7621546637573 176.48567832676463 621.4946941191298 227.9553151628691 -1 -1 -1 -1000 -1000 -1000 -10
90 857 car 0 0 -1 560.0905602601273 176.89758598751217 615.6986349020077 212.53620704847606 -1 -1 -1 -1000 -1000 -1000 -10
90 856 car 0 0 -1 315.417114911093 169.59030359004694 350.338710474917 188.45789550604675 -1 -1 -1 -1000 -1000 -1000 -10
90 855 car 0 0 -1 -8.926892921446754 149.83691016514325 32.644303637984976 185.370053744676 -1 -1 -1 -1000 -1000 -1000 -10
91 856 car 0 0 -1 311.55448364698856 169.89275590218324 347.4775987506027 188.98099039316992 -1 -1 -1 -1000 -1000 -1000 -10
93 857 car 0 0 -1 568.5237121093262 181.37257475956383 612.9465132009727 213.1468831659955 -1 -1 -1 -1000 -1000 -1000 -10
94 857 car 0 0 -1 569.6409635624486 181.70672400248176 613.4141391482954 213.6560235677729 -1 -1 -1 -1000 -1000 -1000 -10
95 857 car 0 0 -1 568.0384799177655 177.83208489592624 614.1142032948012 211.5243880353127 -1 -1 -1 -1000 -1000 -1000 -10
95 856 car 0 0 -1 296.03338357922746 169.85497146846484 334.71512334723593 190.58827420487358 -1 -1 -1 -1000 -1000 -1000 -10
96 857 car 0 0 -1 566.3154440229695 175.65096574188652 614.7687567642814 212.1765805570348 -1 -1 -1 -1000 -1000 -1000 -10
96 856 car 0 0 -1 288.31088212857463 169.66307976406853 324.0031253785673 189.24374601192858 -1 -1 -1 -1000 -1000 -1000 -10
97 857 car 0 0 -1 565.7356288578117 174.54440307429854 615.5864065966209 214.06139704748563 -1 -1 -1 -1000 -1000 -1000 -10
97 856 car 0 0 -1 282.03662263744314 167.68224697761028 317.1519160217844 187.97062198095617 -1 -1 -1 -1000 -1000 -1000 -10
98 857 car 0 0 -1 565.5415060597686 173.30782247498703 615.8380094308834 214.25518278805387 -1 -1 -1 -1000 -1000 -1000 -10
98 856 car 0 0 -1 275.94713112980577 167.8275313728818 310.0516270494882 187.95478790973814 -1 -1 -1 -1000 -1000 -1000 -10
99 857 car 0 0 -1 567.0574189589973 175.8869320222451 617.6183210852142 216.56701874515954 -1 -1 -1 -1000 -1000 -1000 -10
99 856 car 0 0 -1 269.15419535016275 169.41987492189904 302.33624644747823 189.7199980656139 -1 -1 -1 -1000 -1000 -1000 -10
100 857 car 0 0 -1 565.9645218093655 179.00170261665036 617.9527316405696 221.18243143827218 -1 -1 -1 -1000 -1000 -1000 -10
100 856 car 0 0 -1 263.32669135961373 170.2525426374107 299.75075084688615 192.11556965487537 -1 -1 -1 -1000 -1000 -1000 -10
101 857 car 0 0 -1 566.5465795498774 179.5138756805943 617.7119096732108 221.59743632099645 -1 -1 -1 -1000 -1000 -1000 -10
101 856 car 0 0 -1 254.75375917829365 171.19656046936032 290.44115484956933 193.6831624585279 -1 -1 -1 -1000 -1000 -1000 -10
102 857 car 0 0 -1 568.3933764110201 179.19938320434306 617.9211785026295 218.983225918451 -1 -1 -1 -1000 -1000 -1000 -10
102 856 car 0 0 -1 247.9986794193805 172.438040257013 285.5322821766701 195.32431825740704 -1 -1 -1 -1000 -1000 -1000 -10
103 857 car 0 0 -1 568.6749958990731 179.8512564976393 617.1010010510636 219.78973573417605 -1 -1 -1 -1000 -1000 -1000 -10
103 856 car 0 0 -1 240.94759014891687 173.39274815592813 279.3838315757275 197.38338700323038 -1 -1 -1 -1000 -1000 -1000 -10
104 857 car 0 0 -1 568.8334749981742 180.01830525865623 617.3642573378814 220.1551339390809 -1 -1 -1 -1000 -1000 -1000 -10
105 857 car 0 0 -1 568.9194412722532 178.73344430343548 617.4209744103459 217.76292528149628 -1 -1 -1 -1000 -1000 -1000 -10
106 857 car 0 0 -1 569.260927377297 177.6206861758174 617.1180844250597 215.5413820960929 -1 -1 -1 -1000 -1000 -1000 -10
107 861 car 0 0 -1 254.40835227332073 173.14421136339212 298.23889273137775 198.8737970900935 -1 -1 -1 -1000 -1000 -1000 -10
107 857 car 0 0 -1 569.487209846193 177.596163632414 616.2521170087633 216.8534583775338 -1 -1 -1 -1000 -1000 -1000 -10
108 861 car 0 0 -1 247.77529889198416 174.09647756669233 292.43057443372965 200.0332126375011 -1 -1 -1 -1000 -1000 -1000 -10
108 857 car 0 0 -1 570.6890395433934 175.40715988665653 616.7126643766999 213.77261648605497 -1 -1 -1 -1000 -1000 -1000 -10
109 857 car 0 0 -1 571.915023847259 174.5587023326859 617.3831770970693 211.97631680389813 -1 -1 -1 -1000 -1000 -1000 -10
109 856 car 0 0 -1 188.70433535159628 176.53022600082653 236.88585697240853 201.87327087409113 -1 -1 -1 -1000 -1000 -1000 -10
110 856 car 0 0 -1 174.6637849773226 175.76561968919088 228.14931495028318 202.11082183485183 -1 -1 -1 -1000 -1000 -1000 -10
111 861 car 0 0 -1 220.66308367775827 174.62461519656745 269.7124134708845 201.95818461036168 -1 -1 -1 -1000 -1000 -1000 -10
111 856 car 0 0 -1 160.06883333672715 176.48107245587104 219.70735773826118 203.0961597329157 -1 -1 -1 -1000 -1000 -1000 -10
112 861 car 0 0 -1 207.33560304723773 175.83841788151113 258.79204347056265 203.26466564336516 -1 -1 -1 -1000 -1000 -1000 -10
112 856 car 0 0 -1 142.05840251421466 176.93878131750213 208.8354190396048 205.81119671335196 -1 -1 -1 -1000 -1000 -1000 -10
113 861 car 0 0 -1 195.80445521479436 177.30174344092518 251.35605199296742 206.082064149066 -1 -1 -1 -1000 -1000 -1000 -10
113 856 car 0 0 -1 129.9130158006617 177.79141373495202 201.3129975734666 207.4193920708189 -1 -1 -1 -1000 -1000 -1000 -10
114 861 car 0 0 -1 182.82782551605771 177.91019767060578 243.23990166151725 208.3450033970056 -1 -1 -1 -1000 -1000 -1000 -10
114 857 car 0 0 -1 576.8207001988154 178.49836472522634 621.5662234366022 216.07884803796003 -1 -1 -1 -1000 -1000 -1000 -10
115 857 car 0 0 -1 577.1513752222972 178.30963007713325 621.9686567856118 214.7208437239172 -1 -1 -1 -1000 -1000 -1000 -10
116 857 car 0 0 -1 577.4299097338111 178.8682439475378 622.5906171048131 214.21429941385645 -1 -1 -1 -1000 -1000 -1000 -10
117 861 car 0 0 -1 132.71244510497857 177.46317308396772 186.86892882355713 207.06776696466022 -1 -1 -1 -1000 -1000 -1000 -10
118 865 car 0 0 -1 114.93435819848258 176.25621092503042 204.43743541218402 206.48853686294086 -1 -1 -1 -1000 -1000 -1000 -10
118 861 car 0 0 -1 116.16681493085034 176.9802288437499 169.73853935137024 207.5312715355371 -1 -1 -1 -1000 -1000 -1000 -10
118 856 car 0 0 -1 27.914067886101783 176.49987452473994 120.81131885945925 211.43320450255214 -1 -1 -1 -1000 -1000 -1000 -10
119 865 car 0 0 -1 100.76366672194715 178.67207918804738 191.16300103904595 210.14023946305232 -1 -1 -1 -1000 -1000 -1000 -10
119 856 car 0 0 -1 7.753591768762881 176.4790707573214 105.29250421238308 213.78282998794649 -1 -1 -1 -1000 -1000 -1000 -10
120 856 car 0 0 -1 -4.774125992885352 178.63116201623578 87.5128309487173 217.54808611950406 -1 -1 -1 -1000 -1000 -1000 -10
121 867 car 0 0 -1 185.86143913024023 186.17225097430813 221.01672826117158 210.94754262612534 -1 -1 -1 -1000 -1000 -1000 -10
121 861 car 0 0 -1 58.48493268696828 185.94856588010862 116.49230988664098 218.06983111542843 -1 -1 -1 -1000 -1000 -1000 -10
121 856 car 0 0 -1 -12.727680243063737 182.6421062328588 68.38259061111432 222.07961804046346 -1 -1 -1 -1000 -1000 -1000 -10
122 867 car 0 0 -1 171.9195772100583 185.47596911698736 208.8123233946835 210.99497006483114 -1 -1 -1 -1000 -1000 -1000 -10
122 857 car 0 0 -1 579.234722128868 180.72501574753133 620.577566059452 216.23846882249856 -1 -1 -1 -1000 -1000 -1000 -10
123 868 car 0 0 -1 134.9753814165057 181.4325837581542 200.06646409710518 209.2962289476266 -1 -1 -1 -1000 -1000 -1000 -10
123 865 car 0 0 -1 115.98388587625797 180.96732593891406 191.97485740185144 211.33186820982226 -1 -1 -1 -1000 -1000 -1000 -10
123 857 car 0 0 -1 579.5206836728206 180.26564750479045 620.0530262442604 215.5525073343421 -1 -1 -1 -1000 -1000 -1000 -10
124 865 car 0 0 -1 101.10619811820288 179.38537956060608 183.54098395263043 211.76482133637492 -1 -1 -1 -1000 -1000 -1000 -10
124 861 car 0 0 -1 23.562819285264567 180.90606132129793 94.80414748612131 217.9157621058682 -1 -1 -1 -1000 -1000 -1000 -10
124 857 car 0 0 -1 579.7134991372739 180.46047596549684 619.7677008071014 216.18774203669832 -1 -1 -1 -1000 -1000 -1000 -10
125 865 car 0 0 -1 81.59933319841045 179.90262512572795 168.82186117952818 213.45006595569956 -1 -1 -1 -1000 -1000 -1000 -10
125 861 car 0 0 -1 4.480748825399566 180.4706362584657 79.04615702563532 219.6024074742858 -1 -1 -1 -1000 -1000 -1000 -10
125 857 car 0 0 -1 579.4065724495489 180.28332761872537 619.4036206744069 216.04930581155105 -1 -1 -1 -1000 -1000 -1000 -10
126 865 car 0 0 -1 61.09616119777516 181.4087709645498 152.4794365276243 216.02715537070466 -1 -1 -1 -1000 -1000 -1000 -10
126 861 car 0 0 -1 -7.299736304021195 179.84530456300695 61.48635225681414 220.039896758083 -1 -1 -1 -1000 -1000 -1000 -10
126 857 car 0 0 -1 579.7620771862075 180.50115734664664 619.4141254693584 215.70874602224953 -1 -1 -1 -1000 -1000 -1000 -10
127 865 car 0 0 -1 35.803646091776834 181.63848843779115 131.5694544020958 217.94787073387627 -1 -1 -1 -1000 -1000 -1000 -10
127 861 car 0 0 -1 -14.781772714420644 180.97011913680126 42.329964008013704 220.7325918792364 -1 -1 -1 -1000 -1000 -1000 -10
127 857 car 0 0 -1 580.1267229140801 179.87937238860638 619.8109846828338 214.39632700658086 -1 -1 -1 -1000 -1000 -1000 -10
128 865 car 0 0 -1 7.645825911797978 183.8513183317742 101.05094011119985 220.41436788372565 -1 -1 -1 -1000 -1000 -1000 -10
128 857 car 0 0 -1 580.0597214213731 180.35776576241125 619.5340668563292 213.17817947767747 -1 -1 -1 -1000 -1000 -1000 -10
129 865 car 0 0 -1 -2.8890674668229224 182.6959677982606 92.51095623917162 223.2943209219705 -1 -1 -1 -1000 -1000 -1000 -10
129 857 car 0 0 -1 580.263009021027 179.1412989253939 619.8213656406823 212.22740256681263 -1 -1 -1 -1000 -1000 -1000 -10
130 865 car 0 0 -1 -9.77658428720553 180.44112803874398 78.44894648874208 220.34057918358056 -1 -1 -1 -1000 -1000 -1000 -10
130 857 car 0 0 -1 581.578643729773 178.62987584387363 621.1975887724158 211.91089498859432 -1 -1 -1 -1000 -1000 -1000 -10
131 865 car 0 0 -1 -14.903097429565602 179.6029390743429 61.27691027359586 219.17318358978244 -1 -1 -1 -1000 -1000 -1000 -10
131 857 car 0 0 -1 582.4140927106897 178.38784352884278 622.6381652765893 211.83637221828127 -1 -1 -1 -1000 -1000 -1000 -10
132 857 car 0 0 -1 583.0844886057183 178.7279797081458 623.4573080253671 212.0021149088411 -1 -1 -1 -1000 -1000 -1000 -10
133 857 car 0 0 -1 583.4847091939789 178.8833485703511 624.2462245461866 212.03930050761718 -1 -1 -1 -1000 -1000 -1000 -10
134 857 car 0 0 -1 584.6488157208014 177.9991885775138 625.4099665583365 210.48938368003274 -1 -1 -1 -1000 -1000 -1000 -10
135 869 car 0 0 -1 309.3479403408014 173.9769976632384 343.0774194034502 195.57356276844936 -1 -1 -1 -1000 -1000 -1000 -10
135 857 car 0 0 -1 585.3441994124686 175.35785781551397 625.5966941748112 208.44209400896142 -1 -1 -1 -1000 -1000 -1000 -10
136 869 car 0 0 -1 303.83162020641174 173.23667706404433 337.90101758176166 195.64539920503694 -1 -1 -1 -1000 -1000 -1000 -10
136 857 car 0 0 -1 586.6204939060526 173.88576039065381 625.9035245302689 206.87236752026124 -1 -1 -1 -1000 -1000 -1000 -10
137 869 car 0 0 -1 295.64100483006905 171.8856350025464 331.2610916174243 194.59364379691607 -1 -1 -1 -1000 -1000 -1000 -10
137 857 car 0 0 -1 587.4447668078878 172.82041548769513 626.3034307301887 204.89913497332464 -1 -1 -1 -1000 -1000 -1000 -10
138 869 car 0 0 -1 288.6808660223192 171.47558770197298 325.1770494482834 194.27300830202182 -1 -1 -1 -1000 -1000 -1000 -10
138 857 car 0 0 -1 588.9164524839048 172.56770005073724 627.1708801514139 203.9935579238056 -1 -1 -1 -1000 -1000 -1000 -10
139 869 car 0 0 -1 279.92770980954054 172.29200633663032 318.71443816189213 196.07638875419485 -1 -1 -1 -1000 -1000 -1000 -10
139 857 car 0 0 -1 588.4625417702878 172.8489206275577 626.6337065177897 205.14960299988266 -1 -1 -1 -1000 -1000 -1000 -10
140 869 car 0 0 -1 270.79050858403457 176.71647710792857 309.87724980697135 200.8776135270236 -1 -1 -1 -1000 -1000 -1000 -10
140 857 car 0 0 -1 588.2319054363395 177.25982006495693 627.1056570264789 209.42338749159146 -1 -1 -1 -1000 -1000 -1000 -10
141 869 car 0 0 -1 260.27713724789004 179.0425208314342 298.1141507764618 203.2507432332998 -1 -1 -1 -1000 -1000 -1000 -10
141 857 car 0 0 -1 587.9144711151237 179.58277861802486 628.1349522806374 211.66743544505465 -1 -1 -1 -1000 -1000 -1000 -10
142 869 car 0 0 -1 249.5552759882328 179.75265448228666 285.0819613080427 203.5512625359132 -1 -1 -1 -1000 -1000 -1000 -10
142 857 car 0 0 -1 586.9254404586516 179.37847092600836 628.1391624058072 210.48774022083242 -1 -1 -1 -1000 -1000 -1000 -10
143 857 car 0 0 -1 587.1117265077546 179.15566422040388 628.1967931090653 210.18189548300182 -1 -1 -1 -1000 -1000 -1000 -10
