0 2784 car 0 0 -1 0.0 188.0 33.0 247.0 -1 -1 -1 -1000 -1000 -1000 -10
0 2783 car 0 0 -1 0.0 188.0 32.0 226.0 -1 -1 -1 -1000 -1000 -1000 -10
0 2782 car 0 0 -1 348.0 181.0 391.0 209.0 -1 -1 -1 -1000 -1000 -1000 -10
0 2781 car 0 0 -1 608.0 175.0 684.0 237.0 -1 -1 -1 -1000 -1000 -1000 -10
0 2780 car 0 0 -1 424.0 180.0 461.0 202.0 -1 -1 -1 -1000 -1000 -1000 -10
1 2782 car 0 0 -1 339.3652846894011 179.61999218301898 383.4035595317043 209.42523394763427 -1 -1 -1 -1000 -1000 -1000 -10
1 2781 car 0 0 -1 600.7274004925526 174.928190777074 677.9057653365941 237.07180922292588 -1 -1 -1 -1000 -1000 -1000 -10
1 2780 car 0 0 -1 415.15216796375285 180.93575324208717 453.61667625735254 205.8381161046466 -1 -1 -1 -1000 -1000 -1000 -10
2 2782 car 0 0 -1 328.34419385312606 179.96162535917625 375.8390674729726 211.6739682879341 -1 -1 -1 -1000 -1000 -1000 -10
2 2781 car 0 0 -1 597.1298326646288 175.76520414637625 674.8277945036382 238.02399101575938 -1 -1 -1 -1000 -1000 -1000 -10
2 2780 car 0 0 -1 405.4642963692056 182.306601802734 446.508160119031 209.40738158307857 -1 -1 -1 -1000 -1000 -1000 -10
3 2782 car 0 0 -1 313.9577869858986 181.6133037461113 365.8347066820774 215.58995192442293 -1 -1 -1 -1000 -1000 -1000 -10
3 2781 car 0 0 -1 594.3803207299239 178.460340512639 670.6500452565173 239.86745156070015 -1 -1 -1 -1000 -1000 -1000 -10
3 2780 car 0 0 -1 394.38237885287833 183.34365097919147 441.8847683296574 215.96552394258833 -1 -1 -1 -1000 -1000 -1000 -10
4 2782 car 0 0 -1 299.1260935907867 181.41902946318498 356.99778847471055 218.75284010224846 -1 -1 -1 -1000 -1000 -1000 -10
4 2781 car 0 0 -1 590.3378690585357 179.2982996176613 666.9307330575573 240.9670330770282 -1 -1 -1 -1000 -1000 -1000 -10
4 2780 car 0 0 -1 380.50313105258135 182.5572189604223 434.37212469651445 218.6166005485092 -1 -1 -1 -1000 -1000 -1000 -10
5 2782 car 0 0 -1 279.495507680152 181.9598229532829 342.27812565634 221.9134452762518 -1 -1 -1 -1000 -1000 -1000 -10
5 2781 car 0 0 -1 588.5410179039036 179.3027111771792 665.1578018618745 240.70574796569716 -1 -1 -1 -1000 -1000 -1000 -10
5 2780 car 0 0 -1 360.7541778925365 184.11261143147965 420.2691843441752 223.99758155002172 -1 -1 -1 -1000 -1000 -1000 -10
6 2782 car 0 0 -1 259.104812097028 183.51755252163338 328.0105011959811 226.4112003358576 -1 -1 -1 -1000 -1000 -1000 -10
6 2781 car 0 0 -1 586.5581990506067 179.50600041245036 661.2898638409359 240.31019964390555 -1 -1 -1 -1000 -1000 -1000 -10
6 2780 car 0 0 -1 340.4361459705872 184.3577575085672 408.7648785665682 228.71010672109782 -1 -1 -1 -1000 -1000 -1000 -10
7 2782 car 0 0 -1 233.02827853802168 186.77359098685088 309.0901443533984 232.74043907652162 -1 -1 -1 -1000 -1000 -1000 -10
7 2781 car 0 0 -1 583.5397361319278 180.80290690502878 656.9847266120023 240.94987278016615 -1 -1 -1 -1000 -1000 -1000 -10
7 2780 car 0 0 -1 312.19806414031854 187.00207908790435 391.48547642694683 235.89224626278224 -1 -1 -1 -1000 -1000 -1000 -10
8 2782 car 0 0 -1 201.7153130595465 187.97208970014373 284.4930131584157 236.86182680277432 -1 -1 -1 -1000 -1000 -1000 -10
8 2781 car 0 0 -1 581.3863674328511 181.99086074265261 654.0305824633845 241.76309724038674 -1 -1 -1 -1000 -1000 -1000 -10
8 2780 car 0 0 -1 272.1936567533595 188.68846882631004 367.7926149200497 243.6525873484407 -1 -1 -1 -1000 -1000 -1000 -10
9 2782 car 0 0 -1 162.11899479952694 188.9606234694217 251.05976394947663 241.66280191685019 -1 -1 -1 -1000 -1000 -1000 -10
9 2781 car 0 0 -1 580.0271305238183 182.2958661276648 651.7428034642345 241.4620346264786 -1 -1 -1 -1000 -1000 -1000 -10
9 2780 car 0 0 -1 251.82861293959002 191.36184129757234 346.4660156808419 248.90955985715752 -1 -1 -1 -1000 -1000 -1000 -10
10 2790 DontCare 0 0 -1 1015.6692906408698 34.57581868891312 1245.8312407762337 194.5867870528561 -1 -1 -1 -1000 -1000 -1000 -10
10 2781 car 0 0 -1 579.0110996757311 181.46494282938843 650.2918112435408 240.91190154685816 -1 -1 -1 -1000 -1000 -1000 -10
11 2792 car 0 0 -1 11.903957317693084 189.0684722089181 227.56213094883532 295.2874619199016 -1 -1 -1 -1000 -1000 -1000 -10
11 2790 DontCare 0 0 -1 1030.2457120618703 34.038724444425895 1247.9394673358718 191.41848176337274 -1 -1 -1 -1000 -1000 -1000 -10
11 2781 car 0 0 -1 576.0511783581651 180.75776366492704 646.5781783688064 239.74409673801387 -1 -1 -1 -1000 -1000 -1000 -10
12 2792 car 0 0 -1 -30.57368177254378 196.12659755166385 155.362741294741 304.92545982475787 -1 -1 -1 -1000 -1000 -1000 -10
12 2790 DontCare 0 0 -1 1046.940956206708 35.36304238465428 1249.6807876684925 189.93323363632885 -1 -1 -1 -1000 -1000 -1000 -10
12 2781 car 0 0 -1 574.1399299587263 180.58093562329387 643.5337577630091 239.19073848146493 -1 -1 -1 -1000 -1000 -1000 -10
13 2790 DontCare 0 0 -1 1062.3222332135163 35.652898011141374 1251.7351632946122 188.96648469450486 -1 -1 -1 -1000 -1000 -1000 -10
13 2781 car 0 0 -1 572.2482773431293 180.8777854516492 640.4577597916434 238.6000500870082 -1 -1 -1 -1000 -1000 -1000 -10
14 2795 car 0 0 -1 502.4395585182948 176.03450431124327 571.5064126078324 205.64610929844417 -1 -1 -1 -1000 -1000 -1000 -10
14 2790 DontCare 0 0 -1 1081.0289025246568 36.32833667044228 1253.6944146692974 187.42937937829316 -1 -1 -1 -1000 -1000 -1000 -10
14 2781 car 0 0 -1 569.8156296353325 179.9874564703566 637.2662323573716 237.41565749036548 -1 -1 -1 -1000 -1000 -1000 -10
15 2798 car 0 0 -1 493.8781200859874 172.34393981881226 558.9979370389221 203.38752118895286 -1 -1 -1 -1000 -1000 -1000 -10
15 2795 car 0 0 -1 496.5566852366338 174.4257651314381 571.8836137669488 204.41707240284157 -1 -1 -1 -1000 -1000 -1000 -10
15 2781 car 0 0 -1 567.6556370719395 178.70695289915776 634.2023699617009 235.31284116525572 -1 -1 -1 -1000 -1000 -1000 -10
16 2798 car 0 0 -1 492.3744677920097 172.84027788527158 550.6095365033398 198.8162112971662 -1 -1 -1 -1000 -1000 -1000 -10
16 2795 car 0 0 -1 492.0672090025707 174.43528531642278 569.2340267791012 204.5647805231638 -1 -1 -1 -1000 -1000 -1000 -10
16 2781 car 0 0 -1 566.5078431217191 177.27490801972098 631.5669144525023 233.52479217916837 -1 -1 -1 -1000 -1000 -1000 -10
17 2781 car 0 0 -1 564.4410076807936 177.42237509208323 628.4604738557947 233.44531818840747 -1 -1 -1 -1000 -1000 -1000 -10
18 2801 car 0 0 -1 518.1046354682427 174.76639863057662 563.9557434746988 189.26379318317012 -1 -1 -1 -1000 -1000 -1000 -10
18 2781 car 0 0 -1 561.2178281153513 178.40786309084487 625.3416477441001 233.7726012094324 -1 -1 -1 -1000 -1000 -1000 -10
19 2781 car 0 0 -1 559.6577201718861 178.43802419490927 623.3209174657276 233.60257090262357 -1 -1 -1 -1000 -1000 -1000 -10
20 2781 car 0 0 -1 558.8221022653979 178.67754292617383 621.6196785033826 233.95040527993444 -1 -1 -1 -1000 -1000 -1000 -10
21 2781 car 0 0 -1 558.2412906540111 179.18795180289655 620.6928941775076 234.30225974466188 -1 -1 -1 -1000 -1000 -1000 -10
22 2781 car 0 0 -1 558.5926532821505 179.2385922310754 620.4928681504078 233.94266842140613 -1 -1 -1 -1000 -1000 -1000 -10
23 2781 car 0 0 -1 558.8378018078114 179.49427046035407 620.385519387887 234.2055986256671 -1 -1 -1 -1000 -1000 -1000 -10
24 2781 car 0 0 -1 559.5172724495978 179.7090258529285 620.4670389907255 233.5527617321303 -1 -1 -1 -1000 -1000 -1000 -10
25 2781 car 0 0 -1 559.8339319645173 178.90723243174676 620.5069192877498 233.55306938353948 -1 -1 -1 -1000 -1000 -1000 -10
26 2781 car 0 0 -1 561.3153797808865 178.27319995733134 621.7580738477369 233.24827697838927 -1 -1 -1 -1000 -1000 -1000 -10
27 2781 car 0 0 -1 562.5752218627878 177.33409691524614 622.861201297518 232.56400556000844 -1 -1 -1 -1000 -1000 -1000 -10
28 2781 car 0 0 -1 563.5618173383549 176.30477749613178 623.4576462334759 231.71088637196388 -1 -1 -1 -1000 -1000 -1000 -10
29 2781 car 0 0 -1 564.4927672962951 174.4459568176082 623.8076372381136 229.693808961765 -1 -1 -1 -1000 -1000 -1000 -10
30 2781 car 0 0 -1 565.7300116432936 173.01709500699894 624.9953354904591 229.01728990400431 -1 -1 -1 -1000 -1000 -1000 -10
31 2781 car 0 0 -1 566.8726484400822 172.79107327601005 626.0775909260667 229.0765038007149 -1 -1 -1 -1000 -1000 -1000 -10
32 2781 car 0 0 -1 567.9631624743926 173.9143477082975 627.1315609072577 230.4173548712805 -1 -1 -1 -1000 -1000 -1000 -10
33 2781 car 0 0 -1 569.0448576499396 174.58702405561635 628.1599821576131 230.68809234382084 -1 -1 -1 -1000 -1000 -1000 -10
34 2781 car 0 0 -1 570.7291903065833 175.71266927674108 629.8292544697557 231.81517924978644 -1 -1 -1 -1000 -1000 -1000 -10
35 2781 car 0 0 -1 571.8396026664456 175.51750848152628 630.6538141048503 231.61253157164126 -1 -1 -1 -1000 -1000 -1000 -10
36 2781 car 0 0 -1 572.5080759688457 174.46173566291537 631.3766989471025 230.0013895214181 -1 -1 -1 -1000 -1000 -1000 -10
37 2781 car 0 0 -1 573.0439983148913 173.53219496618763 631.3937377598429 228.65808376132563 -1 -1 -1 -1000 -1000 -1000 -10
38 2781 car 0 0 -1 574.4294474806254 173.25396729422073 632.125996084847 228.07221261098084 -1 -1 -1 -1000 -1000 -1000 -10
39 2781 car 0 0 -1 575.2436282787719 173.99708348864408 632.7673878030869 228.8877470098828 -1 -1 -1 -1000 -1000 -1000 -10
40 2781 car 0 0 -1 575.7435509164798 173.97981491901544 633.468768931368 229.5025380692981 -1 -1 -1 -1000 -1000 -1000 -10
41 2781 car 0 0 -1 575.7509883762104 174.14723675957416 633.3084796693313 229.56557276672194 -1 -1 -1 -1000 -1000 -1000 -10
42 2781 car 0 0 -1 575.7937703341698 174.68202872361948 633.2231223015882 229.74859215451212 -1 -1 -1 -1000 -1000 -1000 -10
43 2781 car 0 0 -1 576.276528032848 174.67506023395333 633.3665216273838 230.03150922551305 -1 -1 -1 -1000 -1000 -1000 -10
44 2781 car 0 0 -1 576.5247094506375 175.24573411666927 633.3715360086629 230.82231267412544 -1 -1 -1 -1000 -1000 -1000 -10
45 2781 car 0 0 -1 576.6576903056009 175.59932433214786 633.348704699343 231.61682303438985 -1 -1 -1 -1000 -1000 -1000 -10
46 2781 DontCare 0 0 -1 576.7543746875439 175.93087804637366 633.3069515589474 231.72469497266746 -1 -1 -1 -1000 -1000 -1000 -10
47 2781 car 0 0 -1 576.6454243057996 175.47306600032042 632.8226258446906 231.09816589150543 -1 -1 -1 -1000 -1000 -1000 -10
48 2781 DontCare 0 0 -1 575.4245270776225 175.15227617843533 631.3234274990912 230.3798344688476 -1 -1 -1 -1000 -1000 -1000 -10
49 2781 car 0 0 -1 575.6372768724241 175.09738207875714 631.336576141427 230.03936877955047 -1 -1 -1 -1000 -1000 -1000 -10
50 2781 car 0 0 -1 576.0296796798658 175.93790793858474 631.0417692550469 230.9273623511714 -1 -1 -1 -1000 -1000 -1000 -10
51 2781 car 0 0 -1 575.4033418614795 176.68819913636707 630.4644992339829 231.46384640208908 -1 -1 -1 -1000 -1000 -1000 -10
52 2781 car 0 0 -1 574.979451803484 175.9382776708545 629.8138081289836 230.8286228791878 -1 -1 -1 -1000 -1000 -1000 -10
53 2781 car 0 0 -1 574.4176944407525 175.90533218607519 629.3501332426908 230.3336917036846 -1 -1 -1 -1000 -1000 -1000 -10
54 2781 car 0 0 -1 574.1929354391884 175.7995425389215 629.1935484177811 229.61349390259087 -1 -1 -1 -1000 -1000 -1000 -10
55 2781 car 0 0 -1 572.849548639545 175.23646724259072 627.8999794977894 228.61167532774897 -1 -1 -1 -1000 -1000 -1000 -10
56 2781 car 0 0 -1 571.7021547182939 174.0170523839089 626.8000692111149 227.35933859368038 -1 -1 -1 -1000 -1000 -1000 -10
57 2781 car 0 0 -1 570.2860151939732 173.56637581602504 624.867769808735 226.86777810626606 -1 -1 -1 -1000 -1000 -1000 -10
58 2781 car 0 0 -1 568.0337627130449 174.6296743567737 623.3517002540317 227.94595145061845 -1 -1 -1 -1000 -1000 -1000 -10
59 2781 car 0 0 -1 566.8823239157832 177.8207596949731 622.4494591820398 230.57217295145927 -1 -1 -1 -1000 -1000 -1000 -10
60 2781 car 0 0 -1 565.4299383364144 181.12421195310796 620.62879175171 232.6138852243415 -1 -1 -1 -1000 -1000 -1000 -10
61 2781 car 0 0 -1 564.3258033688332 181.06764796021992 619.2439002095755 232.21301963388032 -1 -1 -1 -1000 -1000 -1000 -10
62 2781 car 0 0 -1 563.3274964678507 176.90761553253446 618.0526899728017 228.08026673810087 -1 -1 -1 -1000 -1000 -1000 -10
63 2781 car 0 0 -1 563.1568104075121 172.18627511885538 618.0214325888279 223.3922816593126 -1 -1 -1 -1000 -1000 -1000 -10
64 2781 car 0 0 -1 562.4461859065201 170.37705856221365 617.4158527364258 221.6103900698878 -1 -1 -1 -1000 -1000 -1000 -10
65 2781 car 0 0 -1 562.1532116504949 173.60050800400623 617.2155181307568 225.13199164999034 -1 -1 -1 -1000 -1000 -1000 -10
66 2781 car 0 0 -1 561.6919883731915 176.75941112433924 616.2492547863452 227.67044113978994 -1 -1 -1 -1000 -1000 -1000 -10
67 2810 car 0 0 -1 1109.127506127678 170.38907235705094 1210.91592953826 201.24652011892104 -1 -1 -1 -1000 -1000 -1000 -10
67 2781 car 0 0 -1 561.8848835651461 177.45268873807026 615.520170091439 227.90553605568334 -1 -1 -1 -1000 -1000 -1000 -10
68 2781 car 0 0 -1 561.8372312137801 176.27137280406575 615.3717601075512 226.9464422630215 -1 -1 -1 -1000 -1000 -1000 -10
69 2781 car 0 0 -1 562.4686706623716 175.60536828803419 615.9215354463106 226.17214987412984 -1 -1 -1 -1000 -1000 -1000 -10
70 2810 car 0 0 -1 1164.068316379366 169.28343512944448 1235.2384420665103 196.62384165829062 -1 -1 -1 -1000 -1000 -1000 -10
70 2781 car 0 0 -1 562.7300109377746 174.57238332729563 616.1193646949984 224.784887253 -1 -1 -1 -1000 -1000 -1000 -10
71 2812 car 0 0 -1 488.4194408719295 178.8300428469395 515.7669984165505 198.1217580569647 -1 -1 -1 -1000 -1000 -1000 -10
71 2810 car 0 0 -1 1185.6009634487323 170.2830500283542 1247.8234623699514 197.5378723512969 -1 -1 -1 -1000 -1000 -1000 -10
71 2781 car 0 0 -1 562.8440061971761 173.61444840318597 616.1885509307555 223.5724253892398 -1 -1 -1 -1000 -1000 -1000 -10
72 2813 car 0 0 -1 541.1398799569542 174.6096444867149 566.7245269815037 194.70974190359823 -1 -1 -1 -1000 -1000 -1000 -10
72 2812 car 0 0 -1 482.2099521104211 179.98746530601284 511.7929388279373 201.11502212810626 -1 -1 -1 -1000 -1000 -1000 -10
72 2781 car 0 0 -1 562.9005846823154 174.3671796473573 616.2095307102679 223.8628849358395 -1 -1 -1 -1000 -1000 -1000 -10
73 2813 car 0 0 -1 539.555462126798 175.00491728012565 566.4734579451202 195.49350060910598 -1 -1 -1 -1000 -1000 -1000 -10
73 2812 car 0 0 -1 474.475165649477 181.79504605946337 505.6235801549173 204.2903590731785 -1 -1 -1 -1000 -1000 -1000 -10
73 2781 car 0 0 -1 563.3779740715613 174.90964156818677 616.3926527605015 224.34344024067912 -1 -1 -1 -1000 -1000 -1000 -10
74 2813 car 0 0 -1 536.8891961383874 176.12029828891636 566.3991356272795 198.41042902979783 -1 -1 -1 -1000 -1000 -1000 -10
74 2812 car 0 0 -1 466.5779432340861 182.9993303846963 499.3900470889623 206.7432230634892 -1 -1 -1 -1000 -1000 -1000 -10
74 2781 car 0 0 -1 563.6171252483683 174.95273223062296 616.4128755268626 224.0686258697299 -1 -1 -1 -1000 -1000 -1000 -10
75 2813 car 0 0 -1 531.0617069034848 178.1306775176389 561.9127763490604 200.47536624892155 -1 -1 -1 -1000 -1000 -1000 -10
75 2812 car 0 0 -1 455.1614864187674 183.7165700087109 490.9821734091791 209.9562869440186 -1 -1 -1 -1000 -1000 -1000 -10
75 2781 car 0 0 -1 563.7387092379936 174.75101667377467 616.3972719365397 224.18288207916615 -1 -1 -1 -1000 -1000 -1000 -10
76 2813 car 0 0 -1 526.7309836346417 178.38689805253225 558.6422251202534 201.45023937748388 -1 -1 -1 -1000 -1000 -1000 -10
76 2812 car 0 0 -1 441.78804168589164 184.6679391978637 482.7121825278053 214.40066921751446 -1 -1 -1 -1000 -1000 -1000 -10
76 2781 car 0 0 -1 563.9781032862755 174.7866453731017 616.828379731698 224.7381532284175 -1 -1 -1 -1000 -1000 -1000 -10
77 2813 car 0 0 -1 521.1567484579988 179.1705468204092 554.125523953185 203.0390241125891 -1 -1 -1 -1000 -1000 -1000 -10
77 2812 car 0 0 -1 435.0915434314312 187.7370820644429 476.0649981409812 217.89969342767895 -1 -1 -1 -1000 -1000 -1000 -10
77 2781 car 0 0 -1 564.0400864427171 174.7086824412639 617.0289678056428 225.04271225002785 -1 -1 -1 -1000 -1000 -1000 -10
78 2813 car 0 0 -1 513.9529702795868 181.9245392839606 549.0609011478583 207.82954489360026 -1 -1 -1 -1000 -1000 -1000 -10
78 2812 car 0 0 -1 413.06324769884264 189.55903684414886 462.20491601439056 224.3841210444404 -1 -1 -1 -1000 -1000 -1000 -10
78 2781 car 0 0 -1 564.3268664383287 177.38495362260124 616.848793080875 227.4391286116039 -1 -1 -1 -1000 -1000 -1000 -10
79 2813 car 0 0 -1 506.8512767151152 186.39674983753125 544.5150700147802 214.73898461252335 -1 -1 -1 -1000 -1000 -1000 -10
79 2812 car 0 0 -1 389.267336366745 195.3851690152285 446.00745598538754 234.11868988016855 -1 -1 -1 -1000 -1000 -1000 -10
79 2781 car 0 0 -1 565.5865896171493 180.2600925637076 617.5052250607295 228.99409346218465 -1 -1 -1 -1000 -1000 -1000 -10
80 2813 car 0 0 -1 498.05223915624066 188.86149818339155 539.2741600847455 220.34141654364183 -1 -1 -1 -1000 -1000 -1000 -10
80 2812 car 0 0 -1 359.36650678898116 198.2396658975027 425.97093314961637 241.5157421045262 -1 -1 -1 -1000 -1000 -1000 -10
80 2781 car 0 0 -1 566.1876813171266 182.37908279482332 617.641778182315 230.43624355835914 -1 -1 -1 -1000 -1000 -1000 -10
81 2813 car 0 0 -1 486.349761208266 189.45093612544002 532.1366278501476 223.9262611845702 -1 -1 -1 -1000 -1000 -1000 -10
81 2812 car 0 0 -1 321.30583976334503 201.14628099267645 400.72454348436065 250.7901986520506 -1 -1 -1 -1000 -1000 -1000 -10
81 2781 car 0 0 -1 566.5006314581899 182.23329256623404 617.6162230911034 230.0731007104828 -1 -1 -1 -1000 -1000 -1000 -10
82 2813 car 0 0 -1 471.3625486661961 190.19771864499594 523.277644436108 229.18570309985577 -1 -1 -1 -1000 -1000 -1000 -10
82 2812 car 0 0 -1 269.9838263157819 203.66880056026775 368.9267326807735 263.09948991215816 -1 -1 -1 -1000 -1000 -1000 -10
82 2781 car 0 0 -1 566.854710922106 182.2116610132931 618.000347951401 229.90041876051504 -1 -1 -1 -1000 -1000 -1000 -10
83 2813 car 0 0 -1 453.2021375969698 190.38517599442164 513.1800946164554 234.37996730079087 -1 -1 -1 -1000 -1000 -1000 -10
83 2812 car 0 0 -1 194.00324781556486 208.40612195733664 324.0519876558805 283.25045730193676 -1 -1 -1 -1000 -1000 -1000 -10
83 2781 car 0 0 -1 567.4234468074876 181.9625065432558 618.341743003162 230.07542074604106 -1 -1 -1 -1000 -1000 -1000 -10
84 2813 car 0 0 -1 426.98239356084133 191.45294259598393 499.1662896905137 243.6541241281401 -1 -1 -1 -1000 -1000 -1000 -10
84 2781 car 0 0 -1 567.6887302250118 179.74506861164642 618.429214833054 227.90501193025923 -1 -1 -1 -1000 -1000 -1000 -10
85 2822 car 0 0 -1 836.4087667643366 156.3151261375916 875.6849831258683 180.3925001523239 -1 -1 -1 -1000 -1000 -1000 -10
85 2813 car 0 0 -1 388.36607664494574 191.79534203765516 479.5503720027421 256.7973409085651 -1 -1 -1 -1000 -1000 -1000 -10
85 2781 car 0 0 -1 567.8222785857032 177.64342854675175 618.4354208604963 225.84027918685598 -1 -1 -1 -1000 -1000 -1000 -10
86 2813 car 0 0 -1 326.7977811201576 196.1643077947674 448.49357328907666 279.97720086788627 -1 -1 -1 -1000 -1000 -1000 -10
86 2781 car 0 0 -1 567.9017560708071 177.1105139219469 618.4142286417448 224.78259494693054 -1 -1 -1 -1000 -1000 -1000 -10
87 2781 car 0 0 -1 568.1240292661076 177.78830468517913 618.841650028167 225.36587826666812 -1 -1 -1 -1000 -1000 -1000 -10
88 2812 car 0 0 -1 48.5045989876628 210.885944172087 317.54050311863386 361.23456263520916 -1 -1 -1 -1000 -1000 -1000 -10
88 2781 car 0 0 -1 568.4518312065796 178.5166336977372 618.7666214638897 225.742272658222 -1 -1 -1 -1000 -1000 -1000 -10
89 2781 car 0 0 -1 568.3744634832954 178.85178374652276 618.9450602188715 225.8294796043179 -1 -1 -1 -1000 -1000 -1000 -10
90 2781 car 0 0 -1 568.1279179537321 179.02341225493814 618.6121460242373 225.8195784760469 -1 -1 -1 -1000 -1000 -1000 -10
91 2781 car 0 0 -1 567.5970747508836 178.6668283223305 618.30360986866 225.61589447118246 -1 -1 -1 -1000 -1000 -1000 -10
92 2781 car 0 0 -1 567.8094745928597 177.71108000306688 618.397349713845 224.49091220150095 -1 -1 -1 -1000 -1000 -1000 -10
93 2781 car 0 0 -1 567.4595850973362 176.92235347821776 618.2460081160264 223.8631572606754 -1 -1 -1 -1000 -1000 -1000 -10
94 2781 car 0 0 -1 567.1227573072523 177.66702071768904 617.7732406739657 224.44501689244655 -1 -1 -1 -1000 -1000 -1000 -10
95 2781 car 0 0 -1 567.1929378715772 178.59858726705352 618.020217645364 225.26509585302284 -1 -1 -1 -1000 -1000 -1000 -10
96 2781 car 0 0 -1 566.5678439845254 178.97272044531272 617.5259840296238 225.56035075758425 -1 -1 -1 -1000 -1000 -1000 -10
97 2781 car 0 0 -1 565.4060699677754 179.29245733274593 617.019867836303 226.11881642521723 -1 -1 -1 -1000 -1000 -1000 -10
98 2781 car 0 0 -1 564.4060795583921 177.9563324542981 616.7646755842418 224.67996951448072 -1 -1 -1 -1000 -1000 -1000 -10
99 2781 car 0 0 -1 563.5477780623459 176.8455886936263 615.9033263380808 223.4871465223164 -1 -1 -1 -1000 -1000 -1000 -10
100 2781 car 0 0 -1 562.7618867724127 176.77968915427056 615.414310507537 223.9179254856768 -1 -1 -1 -1000 -1000 -1000 -10
101 2781 car 0 0 -1 562.0708978868635 178.36704518095064 614.3782362823173 225.5805441592811 -1 -1 -1 -1000 -1000 -1000 -10
102 2781 car 0 0 -1 561.8713581881756 180.02800639222303 613.9220658492821 227.02713141694406 -1 -1 -1 -1000 -1000 -1000 -10
103 2827 car 0 0 -1 531.1702814863777 179.45805311283596 561.6521598315553 197.93020744117814 -1 -1 -1 -1000 -1000 -1000 -10
103 2781 car 0 0 -1 561.3894959920509 179.6265829902323 613.5353887787634 226.7497709473418 -1 -1 -1 -1000 -1000 -1000 -10
104 2827 car 0 0 -1 529.1225772795641 179.312193061586 559.144532411584 197.82922586819078 -1 -1 -1 -1000 -1000 -1000 -10
104 2781 car 0 0 -1 561.1845239316388 178.38250423481222 613.4124478074814 225.86911747443102 -1 -1 -1 -1000 -1000 -1000 -10
105 2828 car 0 0 -1 849.4143406680458 167.86907857286042 890.1433940718979 190.13092142713992 -1 -1 -1 -1000 -1000 -1000 -10
105 2781 car 0 0 -1 561.0872694885134 177.39779002583512 613.3882063359601 225.42079991549647 -1 -1 -1 -1000 -1000 -1000 -10
106 2828 car 0 0 -1 857.0373331300154 164.46876551974967 903.9892406740398 189.3843730390237 -1 -1 -1 -1000 -1000 -1000 -10
106 2781 car 0 0 -1 561.654952008431 177.10402389057813 614.0214882836168 225.789481362433 -1 -1 -1 -1000 -1000 -1000 -10
107 2829 car 0 0 -1 900.414319078355 157.5664766733845 948.0219593057784 185.90382967616853 -1 -1 -1 -1000 -1000 -1000 -10
107 2827 car 0 0 -1 521.929144752023 179.83384010059083 550.3955981177452 198.23435141949292 -1 -1 -1 -1000 -1000 -1000 -10
107 2781 car 0 0 -1 561.5967955495416 176.68852092226382 614.541884905266 225.6121523208247 -1 -1 -1 -1000 -1000 -1000 -10
108 2829 car 0 0 -1 909.6413471352504 156.5368770729331 970.9246323710073 188.610775028031 -1 -1 -1 -1000 -1000 -1000 -10
108 2827 car 0 0 -1 519.7359771686017 179.63792446405702 548.8511191353477 198.80330500495543 -1 -1 -1 -1000 -1000 -1000 -10
108 2781 car 0 0 -1 561.9232631038235 177.1150317464716 615.0172183109107 226.20316489504833 -1 -1 -1 -1000 -1000 -1000 -10
109 2829 car 0 0 -1 922.442592171315 157.3616814238485 979.505198175561 188.9249484143902 -1 -1 -1 -1000 -1000 -1000 -10
109 2827 car 0 0 -1 515.6242954112307 179.4489833216654 545.0810506100801 199.08888311137397 -1 -1 -1 -1000 -1000 -1000 -10
109 2781 car 0 0 -1 562.1919606453712 176.79690079132476 615.6798848101935 226.2885064245274 -1 -1 -1 -1000 -1000 -1000 -10
110 2828 car 0 0 -1 895.3154173576568 165.85195721597043 941.5511152938366 184.60482963758895 -1 -1 -1 -1000 -1000 -1000 -10
110 2827 car 0 0 -1 510.74733528282843 179.6439582427485 540.5721473064024 200.21432231924837 -1 -1 -1 -1000 -1000 -1000 -10
110 2781 car 0 0 -1 562.2282551570133 176.60569630709068 616.002598076602 226.3911439485247 -1 -1 -1 -1000 -1000 -1000 -10
111 2831 car 0 0 -1 952.103311702287 154.71696797453603 1014.7346145586138 186.50284109007026 -1 -1 -1 -1000 -1000 -1000 -10
111 2828 car 0 0 -1 907.3406183158774 164.84363683358197 956.1362849439771 183.54949416811093 -1 -1 -1 -1000 -1000 -1000 -10
111 2827 car 0 0 -1 505.66260742719794 179.73495230386953 535.73624465465 201.24155774467158 -1 -1 -1 -1000 -1000 -1000 -10
111 2781 car 0 0 -1 562.1881772559195 176.65671405349997 616.1830151043844 226.92832252201345 -1 -1 -1 -1000 -1000 -1000 -10
112 2831 car 0 0 -1 970.2861397420047 152.72218321782915 1028.138359784597 182.11206680207036 -1 -1 -1 -1000 -1000 -1000 -10
112 2828 car 0 0 -1 920.4668490429707 164.61245982903117 972.8101700216322 183.74970947875025 -1 -1 -1 -1000 -1000 -1000 -10
112 2827 car 0 0 -1 501.3085242547092 179.9403026959467 531.9506645261844 202.73118543288612 -1 -1 -1 -1000 -1000 -1000 -10
112 2781 car 0 0 -1 562.1418861448117 176.4165134799673 616.2860683341537 226.77183024264502 -1 -1 -1 -1000 -1000 -1000 -10
113 2832 car 0 0 -1 535.9187627907702 179.8380503264393 564.1956438549039 197.95432396921424 -1 -1 -1 -1000 -1000 -1000 -10
113 2831 car 0 0 -1 988.9437729337624 153.0476801738946 1048.071269484437 182.4861976885232 -1 -1 -1 -1000 -1000 -1000 -10
113 2828 car 0 0 -1 933.6903040874257 166.98895682160494 990.5039193278604 186.06242249874643 -1 -1 -1 -1000 -1000 -1000 -10
113 2827 car 0 0 -1 495.6266344094968 181.20142127606405 527.5734572712356 205.3285326906641 -1 -1 -1 -1000 -1000 -1000 -10
113 2781 car 0 0 -1 563.5190618032691 178.0008886368795 618.0417961274416 228.14438593223076 -1 -1 -1 -1000 -1000 -1000 -10
114 2831 car 0 0 -1 1007.6508264719732 153.4308531492673 1068.8220131874878 181.763293210381 -1 -1 -1 -1000 -1000 -1000 -10
114 2827 car 0 0 -1 487.6270018785943 182.62185931711363 520.9220350013397 208.57144287338397 -1 -1 -1 -1000 -1000 -1000 -10
114 2781 car 0 0 -1 564.4279757651072 178.64282261111086 618.9539717408854 228.6320067420609 -1 -1 -1 -1000 -1000 -1000 -10
115 2833 car 0 0 -1 952.1763015839364 166.2135433227021 1028.0684050327238 189.45806606024166 -1 -1 -1 -1000 -1000 -1000 -10
115 2827 car 0 0 -1 480.1823333156667 181.54356272037595 514.5907557291911 208.7983439221359 -1 -1 -1 -1000 -1000 -1000 -10
115 2781 car 0 0 -1 564.1507561108621 177.22372371925624 618.6864269020197 227.37486435429585 -1 -1 -1 -1000 -1000 -1000 -10
116 2833 car 0 0 -1 970.4872736714946 162.79560415165633 1050.99732797128 186.0795852716659 -1 -1 -1 -1000 -1000 -1000 -10
116 2827 car 0 0 -1 470.46731527443916 180.84124365771527 507.66380568952565 210.43144221174856 -1 -1 -1 -1000 -1000 -1000 -10
116 2781 car 0 0 -1 564.486962755432 174.96936843872084 618.766503663854 225.49965377705723 -1 -1 -1 -1000 -1000 -1000 -10
117 2833 car 0 0 -1 987.9175734897362 160.74498511136386 1072.2225679343687 184.86646924707617 -1 -1 -1 -1000 -1000 -1000 -10
117 2827 car 0 0 -1 458.37452456060123 180.77575687786683 499.48602586003676 213.38774183445904 -1 -1 -1 -1000 -1000 -1000 -10
117 2781 car 0 0 -1 564.4743924084205 173.7848965492246 618.3193032730926 225.10730130489762 -1 -1 -1 -1000 -1000 -1000 -10
118 2833 car 0 0 -1 1012.3193423232423 160.9439760774563 1097.2722248673426 185.32352441855537 -1 -1 -1 -1000 -1000 -1000 -10
118 2829 DontCare 0 0 -1 1091.16070970932 142.32084883576997 1188.4774341879204 188.96342241454582 -1 -1 -1 -1000 -1000 -1000 -10
118 2827 car 0 0 -1 444.7351044529048 183.51134063454225 489.58667142042896 219.4064570119608 -1 -1 -1 -1000 -1000 -1000 -10
118 2781 car 0 0 -1 564.8980149219797 175.03738008960167 618.9657608210266 226.98190116944463 -1 -1 -1 -1000 -1000 -1000 -10
119 2834 car 0 0 -1 519.65951066113 183.07485749621534 544.3071195627459 200.91031318381667 -1 -1 -1 -1000 -1000 -1000 -10
119 2833 car 0 0 -1 1043.7406559615285 165.96725921191614 1127.668769206867 191.3307366725108 -1 -1 -1 -1000 -1000 -1000 -10
119 2831 car 0 0 -1 1124.0354276106004 146.8703599938809 1230.7020573302566 195.35491501485828 -1 -1 -1 -1000 -1000 -1000 -10
119 2827 car 0 0 -1 426.2113266228142 187.59910746311868 478.24897031715113 227.56101264366407 -1 -1 -1 -1000 -1000 -1000 -10
119 2781 car 0 0 -1 565.8280146966653 177.82605677232584 620.3114649047474 229.11661798904106 -1 -1 -1 -1000 -1000 -1000 -10
120 2834 car 0 0 -1 515.802385410646 183.03132840436086 541.8781386430768 202.26753980533397 -1 -1 -1 -1000 -1000 -1000 -10
120 2831 car 0 0 -1 1145.0067359679663 149.09169856489905 1249.1414122124013 200.27920816639886 -1 -1 -1 -1000 -1000 -1000 -10
120 2827 car 0 0 -1 402.415701876135 189.58869758768648 462.8015998869207 234.65150554208483 -1 -1 -1 -1000 -1000 -1000 -10
120 2781 car 0 0 -1 566.5614010939204 179.169807628152 621.0712007059441 230.274873677245 -1 -1 -1 -1000 -1000 -1000 -10
121 2834 car 0 0 -1 508.9229646460465 181.4209657262968 537.3486576377577 200.83244280343064 -1 -1 -1 -1000 -1000 -1000 -10
121 2829 car 0 0 -1 1180.722710426535 158.97912892534026 1255.618041513714 203.94584796517063 -1 -1 -1 -1000 -1000 -1000 -10
121 2827 car 0 0 -1 370.12584233962195 187.53310562306703 440.86517464405824 238.83992155551195 -1 -1 -1 -1000 -1000 -1000 -10
121 2781 car 0 0 -1 566.2089502539867 175.7144640276647 620.7535585603938 227.229066063721 -1 -1 -1 -1000 -1000 -1000 -10
122 2834 car 0 0 -1 501.72579488687893 179.74238481636826 533.256315731878 200.64687864242353 -1 -1 -1 -1000 -1000 -1000 -10
122 2833 car 0 0 -1 1106.1589510505607 165.12770655951815 1223.964939522207 198.0548652217926 -1 -1 -1 -1000 -1000 -1000 -10
122 2827 car 0 0 -1 327.09217459323975 186.52606705284828 413.8636734308907 247.61069347340057 -1 -1 -1 -1000 -1000 -1000 -10
122 2781 car 0 0 -1 566.0740540349002 173.52593852909155 620.6349452060974 225.07072875449398 -1 -1 -1 -1000 -1000 -1000 -10
123 2834 car 0 0 -1 493.24409436318285 178.06157649574115 529.1209703787207 201.62361610474485 -1 -1 -1 -1000 -1000 -1000 -10
123 2833 car 0 0 -1 1134.4765523584892 161.49041596690574 1248.5913308072259 196.49103523588047 -1 -1 -1 -1000 -1000 -1000 -10
123 2827 car 0 0 -1 264.85602734038997 190.8267503705242 374.7170742430472 264.00993862927226 -1 -1 -1 -1000 -1000 -1000 -10
123 2781 car 0 0 -1 566.6436585497714 171.89008763774413 621.2136140259098 223.18270489231227 -1 -1 -1 -1000 -1000 -1000 -10
124 2834 car 0 0 -1 485.60836583533717 178.99094558303926 523.7386798221462 204.563349030307 -1 -1 -1 -1000 -1000 -1000 -10
124 2833 car 0 0 -1 1156.2029085409865 158.9662667720649 1260.2002937583309 195.76004632122937 -1 -1 -1 -1000 -1000 -1000 -10
124 2781 car 0 0 -1 567.0280518756488 171.0316604751488 621.8914353964303 222.69573680743108 -1 -1 -1 -1000 -1000 -1000 -10
125 2834 car 0 0 -1 477.03799504730574 181.23532240638687 517.1450700867858 208.4439254771057 -1 -1 -1 -1000 -1000 -1000 -10
125 2781 car 0 0 -1 567.567386135077 172.68464700594973 622.3813574920116 224.87855713399858 -1 -1 -1 -1000 -1000 -1000 -10
126 2834 car 0 0 -1 464.57845297746996 182.89540982921028 509.68091168206934 213.00288134504234 -1 -1 -1 -1000 -1000 -1000 -10
126 2781 car 0 0 -1 568.3918950002371 174.20032071598308 623.1947119865729 227.31345392529016 -1 -1 -1 -1000 -1000 -1000 -10
127 2834 car 0 0 -1 450.548844456823 185.7662091297085 500.1178039336418 219.01039669997635 -1 -1 -1 -1000 -1000 -1000 -10
127 2781 car 0 0 -1 569.1754630906618 175.77624036476792 623.6600741206679 228.4892165263619 -1 -1 -1 -1000 -1000 -1000 -10
128 2834 car 0 0 -1 433.27975219194514 187.50240959095288 489.2137597120418 224.45277937402875 -1 -1 -1 -1000 -1000 -1000 -10
128 2781 car 0 0 -1 568.6366923693165 176.89951016347803 623.435433231906 229.03837214101705 -1 -1 -1 -1000 -1000 -1000 -10
129 2834 car 0 0 -1 412.8534285853598 189.27252738377135 476.5657463376301 229.85974911739928 -1 -1 -1 -1000 -1000 -1000 -10
129 2781 car 0 0 -1 567.7571787312826 175.73109893168325 622.7829810136885 227.73965422864845 -1 -1 -1 -1000 -1000 -1000 -10
130 2834 car 0 0 -1 387.7828611830373 189.02798463948508 459.6395126873256 234.0005366638059 -1 -1 -1 -1000 -1000 -1000 -10
130 2781 car 0 0 -1 567.3797089567554 174.85885442647856 622.5773793950048 227.0486526590721 -1 -1 -1 -1000 -1000 -1000 -10
131 2834 car 0 0 -1 385.5400741753026 190.6736885246958 448.4720587079321 236.3171099802597 -1 -1 -1 -1000 -1000 -1000 -10
131 2781 car 0 0 -1 566.4862530329295 174.48517198179158 622.6289976315435 226.8255427955432 -1 -1 -1 -1000 -1000 -1000 -10
132 2840 car 0 0 -1 283.16018908819717 195.66688347907194 405.68726051960505 268.07464458964137 -1 -1 -1 -1000 -1000 -1000 -10
132 2781 car 0 0 -1 565.7973341353292 174.6679153300426 622.3772581742581 227.65743907067156 -1 -1 -1 -1000 -1000 -1000 -10
133 2840 car 0 0 -1 200.35590079842032 200.95401227937572 367.3219693748863 295.21111152125985 -1 -1 -1 -1000 -1000 -1000 -10
133 2781 car 0 0 -1 566.3559140895679 175.2564841527975 622.7036707128937 228.6989072000299 -1 -1 -1 -1000 -1000 -1000 -10
134 2840 car 0 0 -1 66.52067069680909 208.46974353917307 302.90645030015463 331.9339128895079 -1 -1 -1 -1000 -1000 -1000 -10
134 2781 car 0 0 -1 566.1699024741017 176.73998101580608 622.6085523567808 229.70151322569322 -1 -1 -1 -1000 -1000 -1000 -10
135 2840 car 0 0 -1 -11.511447348880779 225.6684183851378 236.40341926585253 364.7336778822396 -1 -1 -1 -1000 -1000 -1000 -10
135 2781 car 0 0 -1 565.9102521788595 178.80409578661607 622.1416828782972 231.6925147580808 -1 -1 -1 -1000 -1000 -1000 -10
136 2841 car 0 0 -1 815.5925332893669 168.47661291844233 846.531409585722 186.36978556653148 -1 -1 -1 -1000 -1000 -1000 -10
136 2781 car 0 0 -1 566.0076143798716 179.50903615106685 622.3898290448889 233.157499804291 -1 -1 -1 -1000 -1000 -1000 -10
137 2841 car 0 0 -1 824.3692003428015 168.5321199584671 853.4524013795714 185.68459906223632 -1 -1 -1 -1000 -1000 -1000 -10
137 2781 car 0 0 -1 566.0312232302125 178.67183545228565 622.5000783095458 232.33929521703575 -1 -1 -1 -1000 -1000 -1000 -10
138 2841 car 0 0 -1 844.4936060757825 166.44369185007562 875.5544056468843 186.8147673877364 -1 -1 -1 -1000 -1000 -1000 -10
138 2781 car 0 0 -1 566.6468358697055 177.10647042210627 623.1795088706315 230.78832059300265 -1 -1 -1 -1000 -1000 -1000 -10
139 2781 car 0 0 -1 567.4892939727305 175.4385759829209 624.0755046680086 229.40303814134296 -1 -1 -1 -1000 -1000 -1000 -10
140 2844 car 0 0 -1 834.2755520870112 166.25287408985398 867.5026236711822 183.90956285105958 -1 -1 -1 -1000 -1000 -1000 -10
140 2781 car 0 0 -1 568.150899596691 174.12442678427223 625.3216082051308 228.309246671948 -1 -1 -1 -1000 -1000 -1000 -10
141 2781 car 0 0 -1 569.100400956376 173.86568350212437 626.965328350421 227.64851986251588 -1 -1 -1 -1000 -1000 -1000 -10
142 2781 car 0 0 -1 570.4116644157712 173.8327978880039 628.5089782383131 227.33046226795116 -1 -1 -1 -1000 -1000 -1000 -10
143 2845 car 0 0 -1 857.0440824612431 166.70291870519253 892.919965551461 184.25663199850544 -1 -1 -1 -1000 -1000 -1000 -10
143 2842 car 0 0 -1 815.1401947400217 158.41196282958043 839.2764991850203 177.78464215468574 -1 -1 -1 -1000 -1000 -1000 -10
143 2841 car 0 0 -1 890.2207310070294 160.1949496836253 938.3346187108648 187.68162371368854 -1 -1 -1 -1000 -1000 -1000 -10
143 2781 car 0 0 -1 572.2890035363764 174.48893919161128 630.8282340969131 227.7823942391043 -1 -1 -1 -1000 -1000 -1000 -10
144 2845 car 0 0 -1 863.1679571904971 168.13090663706197 901.1887897778148 187.01681429919944 -1 -1 -1 -1000 -1000 -1000 -10
144 2841 car 0 0 -1 900.3630414245636 161.15009995371733 953.402396210498 188.54478721261162 -1 -1 -1 -1000 -1000 -1000 -10
144 2781 car 0 0 -1 573.8175946865932 174.5070373273974 632.1457373543284 228.18773608694843 -1 -1 -1 -1000 -1000 -1000 -10
145 2845 car 0 0 -1 872.6237672821834 168.41981357797204 911.2260441612269 187.92221322926622 -1 -1 -1 -1000 -1000 -1000 -10
145 2841 car 0 0 -1 911.451981213664 161.14025286762444 968.7695406361248 189.23888829750467 -1 -1 -1 -1000 -1000 -1000 -10
145 2781 car 0 0 -1 575.5104519139101 174.89140178524931 633.4039448900634 228.5862072673696 -1 -1 -1 -1000 -1000 -1000 -10
146 2845 car 0 0 -1 888.0517654614328 168.57112556858016 923.90846731905 188.7777687061474 -1 -1 -1 -1000 -1000 -1000 -10
146 2842 car 0 0 -1 829.963834303484 161.4632591690081 857.3442736445757 184.6410798183357 -1 -1 -1 -1000 -1000 -1000 -10
146 2841 car 0 0 -1 922.8358251434162 161.23407624260605 983.6405850191924 190.07062941693997 -1 -1 -1 -1000 -1000 -1000 -10
146 2781 car 0 0 -1 577.6407127992067 175.3860313700066 635.5064739861144 229.63252749192748 -1 -1 -1 -1000 -1000 -1000 -10
147 2845 car 0 0 -1 893.0988312195401 168.42313858205716 924.9819837380584 187.7819401026626 -1 -1 -1 -1000 -1000 -1000 -10
147 2842 car 0 0 -1 833.8485826570713 162.02487713789262 863.4218651763192 185.2207383267748 -1 -1 -1 -1000 -1000 -1000 -10
147 2841 car 0 0 -1 934.9411860633152 161.94655908084374 1000.9649316997893 191.67316826881708 -1 -1 -1 -1000 -1000 -1000 -10
147 2781 car 0 0 -1 578.6393664810937 175.91905767820822 636.7465113536045 230.30907563402366 -1 -1 -1 -1000 -1000 -1000 -10
148 2845 car 0 0 -1 904.648883427034 169.4586930116837 939.6167694136493 189.0252428820416 -1 -1 -1 -1000 -1000 -1000 -10
148 2842 car 0 0 -1 840.7940416910196 160.98043091236002 871.0636365943928 185.37708875501977 -1 -1 -1 -1000 -1000 -1000 -10
148 2841 car 0 0 -1 944.9312626956171 161.38633588603093 1017.675318502731 193.11072849876766 -1 -1 -1 -1000 -1000 -1000 -10
148 2781 car 0 0 -1 580.2118875428868 175.20684933435933 638.5135131461619 230.24170458926716 -1 -1 -1 -1000 -1000 -1000 -10
149 2845 car 0 0 -1 914.042961897981 170.8294908636107 953.2902862219286 191.81883924474883 -1 -1 -1 -1000 -1000 -1000 -10
149 2842 car 0 0 -1 844.8900392841634 161.95723539629216 877.3569992477204 186.69465487007733 -1 -1 -1 -1000 -1000 -1000 -10
149 2841 car 0 0 -1 954.093265531144 163.04541732577567 1025.7616678410927 195.66682044190136 -1 -1 -1 -1000 -1000 -1000 -10
149 2781 car 0 0 -1 581.3964661102751 175.61943110791074 639.8471045352306 231.39400095246478 -1 -1 -1 -1000 -1000 -1000 -10
150 2845 car 0 0 -1 919.9506264182885 174.36462679453018 966.5859489659279 198.46150398896663 -1 -1 -1 -1000 -1000 -1000 -10
150 2842 car 0 0 -1 850.3681342743913 163.31735421687074 883.9572422151224 187.50565920788551 -1 -1 -1 -1000 -1000 -1000 -10
150 2841 car 0 0 -1 968.0334789024969 166.47913582038788 1043.5873387226757 199.63038084139973 -1 -1 -1 -1000 -1000 -1000 -10
150 2781 car 0 0 -1 582.6213514353228 177.50367267944162 641.4473976372471 233.83245562112583 -1 -1 -1 -1000 -1000 -1000 -10
151 2846 car 0 0 -1 674.7998835711398 178.88576378526054 713.5381172529442 214.56666666901899 -1 -1 -1 -1000 -1000 -1000 -10
151 2845 car 0 0 -1 928.2091974149002 173.69230895406886 980.0795866004646 198.8580287372029 -1 -1 -1 -1000 -1000 -1000 -10
151 2842 car 0 0 -1 857.4465878747403 162.9308127190004 892.1833052356105 187.41161318171325 -1 -1 -1 -1000 -1000 -1000 -10
151 2841 car 0 0 -1 980.1213072726667 165.70391781781592 1054.5800767683238 200.62232086018514 -1 -1 -1 -1000 -1000 -1000 -10
151 2781 car 0 0 -1 582.7568215508605 177.3275677342149 642.3918531263342 233.7972164436819 -1 -1 -1 -1000 -1000 -1000 -10
152 2846 car 0 0 -1 678.5826996867662 175.25779762446817 718.4207044270191 212.00005717532125 -1 -1 -1 -1000 -1000 -1000 -10
152 2845 car 0 0 -1 939.1208246636124 170.008556618456 995.1369880272355 195.76966598136516 -1 -1 -1 -1000 -1000 -1000 -10
152 2781 car 0 0 -1 583.1116220109708 174.92936141837714 643.0711383974138 231.76923877542993 -1 -1 -1 -1000 -1000 -1000 -10
153 2846 car 0 0 -1 681.3292007240458 174.4571104739868 723.9725646342234 212.49741935040367 -1 -1 -1 -1000 -1000 -1000 -10
153 2845 car 0 0 -1 951.3296245458929 167.02383519814921 1011.7413011377974 194.18936396871166 -1 -1 -1 -1000 -1000 -1000 -10
153 2781 car 0 0 -1 585.0540526444214 173.94939277904464 645.2490798467007 231.0587528842518 -1 -1 -1 -1000 -1000 -1000 -10
154 2846 car 0 0 -1 683.9026249066059 173.6180567206291 730.8963102893487 215.17900804397345 -1 -1 -1 -1000 -1000 -1000 -10
154 2845 car 0 0 -1 967.8829660765371 166.38190789114591 1030.8859513710483 194.3806167607464 -1 -1 -1 -1000 -1000 -1000 -10
154 2842 car 0 0 -1 879.1409425678668 155.02198882738767 917.5450766916066 183.16151763936787 -1 -1 -1 -1000 -1000 -1000 -10
154 2781 car 0 0 -1 586.9992585368542 173.97575355481263 647.3613554592529 231.00762228944018 -1 -1 -1 -1000 -1000 -1000 -10
155 2846 car 0 0 -1 688.2655745840754 176.46184116092778 739.112372525905 219.62288056763512 -1 -1 -1 -1000 -1000 -1000 -10
155 2845 car 0 0 -1 980.6379684400118 164.87516956056305 1048.5710167038567 192.44968813150672 -1 -1 -1 -1000 -1000 -1000 -10
155 2842 car 0 0 -1 891.2781629605164 157.9174931644627 927.9435658419815 186.9874356886799 -1 -1 -1 -1000 -1000 -1000 -10
155 2781 car 0 0 -1 589.4019159632213 175.0679926613234 649.6127512165484 231.76827479426169 -1 -1 -1 -1000 -1000 -1000 -10
156 2846 car 0 0 -1 692.7602065714678 179.1047012204886 746.979379648573 224.26122011530748 -1 -1 -1 -1000 -1000 -1000 -10
156 2845 car 0 0 -1 996.2332488702111 165.93264033380444 1070.4508823451931 193.95446180399102 -1 -1 -1 -1000 -1000 -1000 -10
156 2781 car 0 0 -1 590.9663207204165 176.3374274989535 651.0679209902204 233.06881735857831 -1 -1 -1 -1000 -1000 -1000 -10
157 2846 car 0 0 -1 697.0266894103172 179.7509868015192 754.9665874269772 227.58076533192187 -1 -1 -1 -1000 -1000 -1000 -10
157 2845 car 0 0 -1 1010.9355054083509 166.78102168378166 1091.3224673455265 194.7067544780944 -1 -1 -1 -1000 -1000 -1000 -10
157 2781 car 0 0 -1 591.7541723082037 175.74750623975427 652.0545603274892 232.77826255237989 -1 -1 -1 -1000 -1000 -1000 -10
158 2849 car 0 0 -1 1115.5756384733365 150.76064187154236 1248.239501902455 206.93896181464027 -1 -1 -1 -1000 -1000 -1000 -10
158 2846 car 0 0 -1 701.4056069592133 177.9916092506279 762.7810658329839 229.4462737289748 -1 -1 -1 -1000 -1000 -1000 -10
158 2845 car 0 0 -1 1027.9087452253664 166.1409454631037 1113.6685441305583 194.65262015812837 -1 -1 -1 -1000 -1000 -1000 -10
158 2842 car 0 0 -1 904.19880109363 153.04466062246502 951.7541044488014 186.43125399914862 -1 -1 -1 -1000 -1000 -1000 -10
158 2781 car 0 0 -1 593.088451062796 175.47296710041525 653.2605516899315 232.71657497663506 -1 -1 -1 -1000 -1000 -1000 -10
159 2849 car 0 0 -1 1137.6170379524644 148.77139563697472 1259.1864999709694 206.54288970700685 -1 -1 -1 -1000 -1000 -1000 -10
159 2846 car 0 0 -1 707.4068439285996 178.76900858175975 772.8350635011656 233.1859806331973 -1 -1 -1 -1000 -1000 -1000 -10
159 2845 car 0 0 -1 1069.5393652754253 166.71006730896246 1148.0088527901673 197.01230396968825 -1 -1 -1 -1000 -1000 -1000 -10
159 2842 car 0 0 -1 912.5765925243502 152.0876733186953 964.5853469162519 186.2724650029815 -1 -1 -1 -1000 -1000 -1000 -10
159 2781 car 0 0 -1 594.6844971043507 174.89036232936112 654.4971695588939 232.55015324129502 -1 -1 -1 -1000 -1000 -1000 -10
160 2846 car 0 0 -1 713.4304612147318 177.54993576435697 784.942449828852 237.33936905582954 -1 -1 -1 -1000 -1000 -1000 -10
160 2845 car 0 0 -1 1073.3046193579148 166.06785323096025 1154.646939314524 198.7525327964532 -1 -1 -1 -1000 -1000 -1000 -10
160 2842 car 0 0 -1 920.0991873426316 154.77417215609717 976.340913771368 187.62603367532665 -1 -1 -1 -1000 -1000 -1000 -10
160 2781 car 0 0 -1 596.6027658311461 174.86145946876653 656.1438123908108 232.2930537393361 -1 -1 -1 -1000 -1000 -1000 -10
161 2846 car 0 0 -1 720.5130132419956 178.92957527904443 798.6821283376901 244.10416485347227 -1 -1 -1 -1000 -1000 -1000 -10
161 2845 car 0 0 -1 1095.9650047081823 165.52744293425752 1190.9958924927178 201.61168074409676 -1 -1 -1 -1000 -1000 -1000 -10
161 2842 car 0 0 -1 940.8291030390814 156.9847999238754 993.8621689801195 188.8627823620726 -1 -1 -1 -1000 -1000 -1000 -10
161 2781 car 0 0 -1 598.1762111523792 175.6839161930565 657.7941853317366 233.22340496652245 -1 -1 -1 -1000 -1000 -1000 -10
162 2846 car 0 0 -1 729.3448720586873 179.99908208571034 814.8766477660195 250.55927815219164 -1 -1 -1 -1000 -1000 -1000 -10
162 2845 car 0 0 -1 1118.1323558370957 165.23773097872282 1223.921843160462 204.04330114629335 -1 -1 -1 -1000 -1000 -1000 -10
162 2781 car 0 0 -1 599.385715649155 175.80582870261225 659.0574808922128 233.15039526701372 -1 -1 -1 -1000 -1000 -1000 -10
163 2846 car 0 0 -1 739.1840824542404 183.0006817425071 833.5446311155541 259.329647247428 -1 -1 -1 -1000 -1000 -1000 -10
163 2845 car 0 0 -1 1136.0785459938302 166.33174967925424 1242.3446173261987 207.5688411850016 -1 -1 -1 -1000 -1000 -1000 -10
163 2781 car 0 0 -1 599.8384579261061 175.26523253515228 659.5493673859188 232.4684777705113 -1 -1 -1 -1000 -1000 -1000 -10
164 2846 car 0 0 -1 750.6542956076388 185.33408675922914 856.345743858254 267.796349032094 -1 -1 -1 -1000 -1000 -1000 -10
164 2781 car 0 0 -1 600.4493028615217 175.25969606984353 659.9200617981973 232.6277655748837 -1 -1 -1 -1000 -1000 -1000 -10
165 2846 car 0 0 -1 764.9140400103224 187.99431209682297 885.5313079226662 280.6672392451655 -1 -1 -1 -1000 -1000 -1000 -10
165 2781 car 0 0 -1 600.4535332515788 176.91374788883732 660.2908392883392 234.13550411001248 -1 -1 -1 -1000 -1000 -1000 -10
166 2846 car 0 0 -1 782.434532092597 189.8670763661363 922.5414436489193 295.4622290049237 -1 -1 -1 -1000 -1000 -1000 -10
166 2781 car 0 0 -1 600.7395838474129 178.1891305918898 661.3892954423645 235.308955107229 -1 -1 -1 -1000 -1000 -1000 -10
167 2846 car 0 0 -1 804.3474503111648 190.98926968046578 970.7724402004527 310.78191427583016 -1 -1 -1 -1000 -1000 -1000 -10
167 2781 car 0 0 -1 600.7016289642469 179.0365155078504 661.9561397514054 236.63802427464842 -1 -1 -1 -1000 -1000 -1000 -10
168 2846 car 0 0 -1 835.3229320771445 199.57309457196897 1038.6984562924802 338.2610964548614 -1 -1 -1 -1000 -1000 -1000 -10
168 2781 car 0 0 -1 600.4124371616784 178.14278118655 661.8268489030582 235.26019738620323 -1 -1 -1 -1000 -1000 -1000 -10
169 2852 car 0 0 -1 1078.9730331035164 160.37044409112463 1142.0794079603068 195.52415348994327 -1 -1 -1 -1000 -1000 -1000 -10
169 2846 car 0 0 -1 880.8012985377351 201.51797591727572 1140.4351892352984 358.1926685207334 -1 -1 -1 -1000 -1000 -1000 -10
169 2781 car 0 0 -1 599.6547369696872 178.05546738836466 661.1836889492305 235.10041653873066 -1 -1 -1 -1000 -1000 -1000 -10
170 2852 car 0 0 -1 1102.408836282252 156.8092711128644 1167.0456669696644 189.3287267442467 -1 -1 -1 -1000 -1000 -1000 -10
170 2846 car 0 0 -1 913.6192532926946 205.55667295702756 1199.4249717831542 369.3441085393765 -1 -1 -1 -1000 -1000 -1000 -10
170 2781 car 0 0 -1 598.8989043938782 178.65397939499755 660.7840238566175 235.6485818193045 -1 -1 -1 -1000 -1000 -1000 -10
171 2846 car 0 0 -1 955.6698813664859 212.2169074800308 1238.16080476807 374.68640236019303 -1 -1 -1 -1000 -1000 -1000 -10
171 2781 car 0 0 -1 599.1624347513209 179.85955740249506 661.3203108135958 237.36303630461083 -1 -1 -1 -1000 -1000 -1000 -10
172 2781 car 0 0 -1 599.8407484140042 181.2979630945913 662.1886097858763 238.90139194594332 -1 -1 -1 -1000 -1000 -1000 -10
173 2781 car 0 0 -1 600.513198236691 181.8316692225834 662.7274631736983 239.5045356122751 -1 -1 -1 -1000 -1000 -1000 -10
174 2781 car 0 0 -1 600.3395501766197 181.75114219718859 662.7433361133699 240.0191407460763 -1 -1 -1 -1000 -1000 -1000 -10
175 2781 car 0 0 -1 599.957873488123 180.7163560867786 663.0648065642664 239.9786231804136 -1 -1 -1 -1000 -1000 -1000 -10
176 2781 car 0 0 -1 599.3523501491729 179.36204233457212 662.4064607701739 239.06069911042513 -1 -1 -1 -1000 -1000 -1000 -10
177 2781 car 0 0 -1 598.8589395755622 178.76130512621722 662.4172098628773 238.79345830074539 -1 -1 -1 -1000 -1000 -1000 -10
178 2781 car 0 0 -1 598.4093201067799 178.47737718394953 662.0621150198106 238.7457812221132 -1 -1 -1 -1000 -1000 -1000 -10
179 2781 car 0 0 -1 598.3873594371979 178.0545697369196 662.3972380968495 239.0418579307014 -1 -1 -1 -1000 -1000 -1000 -10
180 2781 car 0 0 -1 598.7660767677644 178.3923416102721 662.7586417751395 239.896451822349 -1 -1 -1 -1000 -1000 -1000 -10
181 2781 car 0 0 -1 598.9151659050927 178.42988186577787 662.8923187309603 240.31425042491713 -1 -1 -1 -1000 -1000 -1000 -10
183 2854 DontCare 0 0 -1 597.4821591715219 174.66344293998046 662.8707367711519 238.21858524443664 -1 -1 -1 -1000 -1000 -1000 -10
184 2854 car 0 0 -1 597.3063966769471 173.77307304506243 662.7389704352497 236.65188132660407 -1 -1 -1 -1000 -1000 -1000 -10
185 2854 car 0 0 -1 597.1173170926079 173.48083038409013 662.1040645399412 235.48410690377918 -1 -1 -1 -1000 -1000 -1000 -10
186 2854 car 0 0 -1 596.4650857819474 173.11248258283078 661.7785714441861 235.43598286378946 -1 -1 -1 -1000 -1000 -1000 -10
187 2854 car 0 0 -1 596.0289961394305 173.00785551380648 661.195896567395 235.4608557361169 -1 -1 -1 -1000 -1000 -1000 -10
188 2854 car 0 0 -1 595.3506232681485 172.41829695974772 660.8481108029824 235.39036798139094 -1 -1 -1 -1000 -1000 -1000 -10
189 2854 car 0 0 -1 595.1697723654624 172.99114810476993 660.6780766284378 235.29030688659714 -1 -1 -1 -1000 -1000 -1000 -10
190 2854 car 0 0 -1 595.9376439235164 173.29965134024224 661.803034548087 235.19001415182288 -1 -1 -1 -1000 -1000 -1000 -10
191 2854 car 0 0 -1 596.572175632987 174.02697951141187 662.5509500899109 236.5485568931291 -1 -1 -1 -1000 -1000 -1000 -10
192 2854 car 0 0 -1 596.3164302009466 175.4913483901414 662.6752260557548 238.50906602690645 -1 -1 -1 -1000 -1000 -1000 -10
193 2854 car 0 0 -1 596.1414664349065 175.48507557929858 662.8050257592704 239.1559013436835 -1 -1 -1 -1000 -1000 -1000 -10
194 2854 car 0 0 -1 596.0769186899919 176.33584648187266 662.8563823259477 239.84705887504154 -1 -1 -1 -1000 -1000 -1000 -10
195 2854 car 0 0 -1 596.0345948634051 176.6844971139595 662.8970766992518 240.07863676455898 -1 -1 -1 -1000 -1000 -1000 -10
196 2854 car 0 0 -1 596.6158329614486 176.5342783726031 663.6092380172724 240.44451725629133 -1 -1 -1 -1000 -1000 -1000 -10
197 2854 car 0 0 -1 596.1765910678041 175.74529838274628 663.2525582244184 240.02377288196737 -1 -1 -1 -1000 -1000 -1000 -10
198 2854 car 0 0 -1 596.1724386358163 174.7269308411098 663.5979677311208 239.29638310143244 -1 -1 -1 -1000 -1000 -1000 -10
199 2854 car 0 0 -1 595.9561723824885 174.77476239793484 663.3042520059852 239.2259854050009 -1 -1 -1 -1000 -1000 -1000 -10
200 2854 car 0 0 -1 596.0485831185895 173.69628993064325 663.6586925007475 238.37808178638707 -1 -1 -1 -1000 -1000 -1000 -10
201 2854 car 0 0 -1 596.0418907996864 174.5267246613147 663.8362598595852 239.37002781994636 -1 -1 -1 -1000 -1000 -1000 -10
202 2854 car 0 0 -1 596.0207670624403 174.64552626729238 663.923027098405 239.30815645341414 -1 -1 -1 -1000 -1000 -1000 -10
203 2854 car 0 0 -1 595.9953604483918 174.72313771612 663.9739163512799 239.2525755875019 -1 -1 -1 -1000 -1000 -1000 -10
204 2854 car 0 0 -1 595.7907036523918 174.95962449648135 663.5531938947288 239.66029360961033 -1 -1 -1 -1000 -1000 -1000 -10
205 2854 car 0 0 -1 595.9250694806658 175.64585365444577 663.8161284992739 240.4888354936494 -1 -1 -1 -1000 -1000 -1000 -10
206 2854 car 0 0 -1 596.2585551988084 176.18496483242893 663.6345537173545 240.52585040578208 -1 -1 -1 -1000 -1000 -1000 -10
207 2854 car 0 0 -1 595.8421771336616 175.843772035991 662.8423877120497 239.81842593097585 -1 -1 -1 -1000 -1000 -1000 -10
208 2856 DontCare 0 0 -1 711.6272215276383 129.3788585481069 796.4935422139326 202.95853629569223 -1 -1 -1 -1000 -1000 -1000 -10
208 2854 car 0 0 -1 595.11641822847 175.1441307309101 661.8427967016702 238.851960718866 -1 -1 -1 -1000 -1000 -1000 -10
209 2856 DontCare 0 0 -1 712.5780137762631 122.88072093149736 808.6444018204588 200.30680283824626 -1 -1 -1 -1000 -1000 -1000 -10
209 2854 car 0 0 -1 594.8805288476814 175.09796518073549 661.4226718864035 238.89534100511136 -1 -1 -1 -1000 -1000 -1000 -10
210 2856 DontCare 0 0 -1 713.8776061174682 118.01623548735861 823.6100895376491 200.34173162257983 -1 -1 -1 -1000 -1000 -1000 -10
210 2854 car 0 0 -1 594.204693115835 176.61392495882185 660.5868343000266 239.9055579894688 -1 -1 -1 -1000 -1000 -1000 -10
211 2856 DontCare 0 0 -1 716.341099197102 112.12022210959887 842.5714185374702 199.76379000862747 -1 -1 -1 -1000 -1000 -1000 -10
211 2854 car 0 0 -1 592.8875868976909 176.64242181722872 659.436105266881 239.57693778358143 -1 -1 -1 -1000 -1000 -1000 -10
212 2856 DontCare 0 0 -1 718.8158620031425 105.3141736431105 867.2535746301801 199.61977198435335 -1 -1 -1 -1000 -1000 -1000 -10
212 2854 car 0 0 -1 591.3802969282137 176.09282166383196 657.4821425528364 238.74959648738218 -1 -1 -1 -1000 -1000 -1000 -10
213 2856 DontCare 0 0 -1 720.9142537382141 97.85133825932519 899.617334037678 206.92822569156283 -1 -1 -1 -1000 -1000 -1000 -10
213 2854 car 0 0 -1 589.8026222186859 175.75422332175506 655.8527640350549 237.93234051076607 -1 -1 -1 -1000 -1000 -1000 -10
214 2856 DontCare 0 0 -1 723.7657053913549 85.65186619612606 944.4901090380554 215.18820185210186 -1 -1 -1 -1000 -1000 -1000 -10
214 2854 car 0 0 -1 588.5828684892059 176.96698743731855 654.5944367044536 238.79910093360564 -1 -1 -1 -1000 -1000 -1000 -10
215 2856 DontCare 0 0 -1 730.0287023816525 71.98104506425163 1007.9391885880198 226.90646924858368 -1 -1 -1 -1000 -1000 -1000 -10
215 2854 car 0 0 -1 586.6983657173458 177.31997915061746 652.3910671336117 238.6093013075325 -1 -1 -1 -1000 -1000 -1000 -10
216 2856 DontCare 0 0 -1 743.2229296178199 43.84364844439389 1110.0625113246335 236.50675247610914 -1 -1 -1 -1000 -1000 -1000 -10
216 2854 car 0 0 -1 584.953809232007 176.91503342022372 650.694880169227 237.81730789047054 -1 -1 -1 -1000 -1000 -1000 -10
217 2856 DontCare 0 0 -1 738.913575197563 21.587713138866604 1187.9092947747918 257.2842686260191 -1 -1 -1 -1000 -1000 -1000 -10
217 2854 car 0 0 -1 583.9361239579742 176.20515114532222 649.1493051666479 236.81231908250552 -1 -1 -1 -1000 -1000 -1000 -10
218 2856 DontCare 0 0 -1 733.8439633840751 3.742825118378221 1223.8485092445285 251.12979074497468 -1 -1 -1 -1000 -1000 -1000 -10
218 2854 car 0 0 -1 583.008453733894 175.53251733715334 647.8494131557885 236.2022553843145 -1 -1 -1 -1000 -1000 -1000 -10
219 2856 DontCare 0 0 -1 724.2292547992538 0.3343769450152081 1243.84431657852 263.95352304247126 -1 -1 -1 -1000 -1000 -1000 -10
219 2854 car 0 0 -1 582.5489000593986 175.89849468928233 646.838661143111 236.60439383816916 -1 -1 -1 -1000 -1000 -1000 -10
220 2856 DontCare 0 0 -1 717.7111039642424 -0.31048000315323065 1255.7791927683038 278.05954393553134 -1 -1 -1 -1000 -1000 -1000 -10
220 2854 car 0 0 -1 581.8531925473844 176.30983277166806 645.7250826561112 236.4866794180139 -1 -1 -1 -1000 -1000 -1000 -10
221 2856 DontCare 0 0 -1 709.4972934622208 -4.074063511669436 1259.9020930368035 281.8514797426035 -1 -1 -1 -1000 -1000 -1000 -10
221 2854 car 0 0 -1 581.4908803930867 176.56160344505872 644.7771787996093 236.34736143445224 -1 -1 -1 -1000 -1000 -1000 -10
222 2856 DontCare 0 0 -1 703.942348614449 -5.933156818798267 1262.4278792666778 285.74856012285863 -1 -1 -1 -1000 -1000 -1000 -10
222 2854 car 0 0 -1 581.2872326351126 176.55427571278656 643.8612120263672 235.77029356937632 -1 -1 -1 -1000 -1000 -1000 -10
223 2856 DontCare 0 0 -1 698.6212665305133 -6.678211061796901 1263.3001697016784 289.9181496264889 -1 -1 -1 -1000 -1000 -1000 -10
223 2854 car 0 0 -1 581.1658700867824 177.10666887804985 642.9357881244143 235.62274297592893 -1 -1 -1 -1000 -1000 -1000 -10
224 2856 DontCare 0 0 -1 697.7628723900555 -7.961091952555563 1265.0419063254385 289.99880986944504 -1 -1 -1 -1000 -1000 -1000 -10
224 2854 car 0 0 -1 580.981530717614 177.60828186430777 642.728407003115 235.90321518337547 -1 -1 -1 -1000 -1000 -1000 -10
225 2856 DontCare 0 0 -1 692.2457577308246 -7.140245011749329 1263.9243569251776 293.90215085995555 -1 -1 -1 -1000 -1000 -1000 -10
225 2854 car 0 0 -1 580.7442928624929 177.84111524256733 642.1966797806346 235.96908215763918 -1 -1 -1 -1000 -1000 -1000 -10
226 2856 DontCare 0 0 -1 688.8346389924684 -8.337795797086528 1263.0329102994647 293.7479147958611 -1 -1 -1 -1000 -1000 -1000 -10
226 2854 car 0 0 -1 579.4540455029149 177.95832114754666 640.6935916039439 235.96600468139826 -1 -1 -1 -1000 -1000 -1000 -10
227 2856 DontCare 0 0 -1 687.7936724237288 -9.549862521913553 1263.2659334768894 290.66080129296483 -1 -1 -1 -1000 -1000 -1000 -10
227 2854 car 0 0 -1 578.8333470782625 178.30571387507524 639.6289746950697 235.66226169667544 -1 -1 -1 -1000 -1000 -1000 -10
228 2856 DontCare 0 0 -1 688.5122850350278 -6.664873705561263 1263.7471198869205 295.73835345994456 -1 -1 -1 -1000 -1000 -1000 -10
228 2854 car 0 0 -1 578.0487541651557 179.35101172909538 638.5249419775996 236.5129534664013 -1 -1 -1 -1000 -1000 -1000 -10
229 2856 DontCare 0 0 -1 690.7275893420374 -6.1704970709402005 1264.1649699813481 297.036971271616 -1 -1 -1 -1000 -1000 -1000 -10
229 2854 car 0 0 -1 577.6370673148941 180.2379519764361 637.5969803129743 236.97578285978514 -1 -1 -1 -1000 -1000 -1000 -10
230 2856 DontCare 0 0 -1 692.3642082605054 -6.18798913302561 1263.8281196451705 297.1308766313149 -1 -1 -1 -1000 -1000 -1000 -10
230 2854 car 0 0 -1 576.946982730093 180.6500057804992 636.5309830918089 237.07853839188732 -1 -1 -1 -1000 -1000 -1000 -10
231 2856 DontCare 0 0 -1 695.9362802671196 -7.5527616170979 1263.612735342271 295.37808952468015 -1 -1 -1 -1000 -1000 -1000 -10
231 2854 car 0 0 -1 576.3034449440161 181.14169431049027 635.8856647183527 236.78285006373795 -1 -1 -1 -1000 -1000 -1000 -10
232 2856 DontCare 0 0 -1 700.2053750554195 -5.500474565169355 1263.5035107985882 299.7708445737245 -1 -1 -1 -1000 -1000 -1000 -10
232 2854 car 0 0 -1 575.6121985861079 180.83457336915006 635.4664749614182 235.91274104856876 -1 -1 -1 -1000 -1000 -1000 -10
233 2856 DontCare 0 0 -1 704.9112866878946 -5.67988598255144 1263.2803303846263 301.1607972118088 -1 -1 -1 -1000 -1000 -1000 -10
233 2854 car 0 0 -1 575.4102978138511 180.01658446398824 634.6260769338843 234.40411539173118 -1 -1 -1 -1000 -1000 -1000 -10
234 2856 DontCare 0 0 -1 712.1731503988759 -6.475288528269431 1263.8025139369956 300.5378612837402 -1 -1 -1 -1000 -1000 -1000 -10
234 2854 car 0 0 -1 574.9950876030389 179.37071873674867 634.0250126283358 233.53623975763023 -1 -1 -1 -1000 -1000 -1000 -10
235 2856 DontCare 0 0 -1 721.1404845497976 -6.191460216396479 1264.518953317081 301.62740821208354 -1 -1 -1 -1000 -1000 -1000 -10
235 2854 car 0 0 -1 574.7004377151459 179.6160335978848 633.3133304787002 233.33851556499067 -1 -1 -1 -1000 -1000 -1000 -10
236 2856 DontCare 0 0 -1 733.4951050441656 -6.693524882627827 1266.3691516454219 300.7740324086883 -1 -1 -1 -1000 -1000 -1000 -10
236 2854 car 0 0 -1 575.1149508200732 179.78869306236882 633.1466740137242 233.18421390912832 -1 -1 -1 -1000 -1000 -1000 -10
237 2854 car 0 0 -1 575.1986182601493 179.4671436686386 632.5391778019605 232.88788500504992 -1 -1 -1 -1000 -1000 -1000 -10
238 2867 DontCare 0 0 -1 787.0703635467562 4.470925752721172 1248.4301678703494 301.26424522009506 -1 -1 -1 -1000 -1000 -1000 -10
238 2854 car 0 0 -1 575.3526573394508 179.33859149939255 632.1915721452829 232.7807721869428 -1 -1 -1 -1000 -1000 -1000 -10
239 2867 DontCare 0 0 -1 818.2424396217291 5.21922288468312 1252.1889301174076 296.2313826020306 -1 -1 -1 -1000 -1000 -1000 -10
239 2854 car 0 0 -1 576.1253939719433 178.65971647416347 632.600816322915 232.12028553261086 -1 -1 -1 -1000 -1000 -1000 -10
240 2867 DontCare 0 0 -1 865.9562143063395 7.002165478913838 1261.0139193581576 289.1300445838368 -1 -1 -1 -1000 -1000 -1000 -10
240 2856 DontCare 0 0 -1 833.5860169137964 -6.396148470595762 1285.8916829677046 303.80983851630344 -1 -1 -1 -1000 -1000 -1000 -10
240 2854 car 0 0 -1 576.4893050721347 178.22138363216237 632.69410524539 231.42292267522316 -1 -1 -1 -1000 -1000 -1000 -10
241 2867 DontCare 0 0 -1 935.3138814808904 14.528687225260938 1275.5139646200114 289.43094949279293 -1 -1 -1 -1000 -1000 -1000 -10
241 2854 car 0 0 -1 576.6797110868415 178.5501047563888 632.6839172701411 231.28568585750259 -1 -1 -1 -1000 -1000 -1000 -10
242 2854 car 0 0 -1 576.9553969156824 178.47423191366678 633.1069793851642 231.43516110264866 -1 -1 -1 -1000 -1000 -1000 -10
243 2854 car 0 0 -1 577.6689494471067 178.68483082759747 633.9142072774276 231.2531304729065 -1 -1 -1 -1000 -1000 -1000 -10
244 2854 car 0 0 -1 578.1013486083986 177.5806429305859 634.691670682582 229.87151801174605 -1 -1 -1 -1000 -1000 -1000 -10
245 2854 car 0 0 -1 578.2040491665899 176.75283375360988 635.055557386958 229.12662071116847 -1 -1 -1 -1000 -1000 -1000 -10
246 2854 car 0 0 -1 578.5470485047714 176.41393595751148 636.143342801049 228.8657871467693 -1 -1 -1 -1000 -1000 -1000 -10
247 2854 car 0 0 -1 579.0036220083255 176.72754286023581 636.8612825907878 228.94801488972945 -1 -1 -1 -1000 -1000 -1000 -10
248 2854 car 0 0 -1 580.1975836795665 175.99112295486685 637.9915036669744 228.58852249506748 -1 -1 -1 -1000 -1000 -1000 -10
249 2854 car 0 0 -1 580.9477359283591 176.09864655395762 638.1324736199505 228.6871973255079 -1 -1 -1 -1000 -1000 -1000 -10
250 2854 car 0 0 -1 581.9646547020301 176.1407843851906 638.7067767982436 228.72460523713687 -1 -1 -1 -1000 -1000 -1000 -10
251 2854 car 0 0 -1 582.6046092549902 176.1536472334545 639.3013305750303 228.7428950406451 -1 -1 -1 -1000 -1000 -1000 -10
252 2854 car 0 0 -1 583.4811564223177 176.15721597941507 640.1464061323148 228.75197515691605 -1 -1 -1 -1000 -1000 -1000 -10
253 2854 car 0 0 -1 584.8950200089533 176.16071496679106 641.2633331977096 228.75403730828057 -1 -1 -1 -1000 -1000 -1000 -10
254 2854 car 0 0 -1 586.1133991777926 177.2342826851769 642.2608165872143 229.55363712511135 -1 -1 -1 -1000 -1000 -1000 -10
255 2854 car 0 0 -1 587.6871708987015 177.87012251606512 643.4056489514568 230.2570422285654 -1 -1 -1 -1000 -1000 -1000 -10
256 2854 car 0 0 -1 588.9862954588322 178.1002412323233 644.3933521805958 230.53879547589804 -1 -1 -1 -1000 -1000 -1000 -10
257 2854 car 0 0 -1 590.7873645986745 177.8305697237318 645.9603528113994 229.75786489491998 -1 -1 -1 -1000 -1000 -1000 -10
258 2854 car 0 0 -1 592.482275064629 176.9091295644208 648.0458854955843 229.03221416748843 -1 -1 -1 -1000 -1000 -1000 -10
259 2854 car 0 0 -1 593.5146669073147 176.97681902743093 649.081558425803 228.9591849228419 -1 -1 -1 -1000 -1000 -1000 -10
260 2854 car 0 0 -1 594.7013271627268 177.19644718118752 650.5548930993821 229.36110231512725 -1 -1 -1 -1000 -1000 -1000 -10
261 2854 car 0 0 -1 595.5537004139542 177.25264478552978 651.3422273774404 229.54275501115708 -1 -1 -1 -1000 -1000 -1000 -10
262 2854 car 0 0 -1 595.610112262731 176.79369826839095 651.9127825575888 229.47007274399263 -1 -1 -1 -1000 -1000 -1000 -10
263 2854 car 0 0 -1 596.1659075697762 176.55235515224953 652.8428732435561 229.5088729249267 -1 -1 -1 -1000 -1000 -1000 -10
264 2854 car 0 0 -1 597.3888202839473 176.24169195782454 654.0564569632006 229.11985947061734 -1 -1 -1 -1000 -1000 -1000 -10
265 2854 car 0 0 -1 598.9305783992188 176.58719694738292 655.3139134786493 229.13041684014453 -1 -1 -1 -1000 -1000 -1000 -10
266 2873 car 0 0 -1 580.5727126893486 176.22325527876967 606.1169051470812 193.6141389794609 -1 -1 -1 -1000 -1000 -1000 -10
266 2854 car 0 0 -1 600.3585784862854 176.5008718588026 656.8233244389925 229.35320186764937 -1 -1 -1 -1000 -1000 -1000 -10
267 2873 car 0 0 -1 577.2067547011345 176.81539204561693 603.1393803498906 194.23928488184816 -1 -1 -1 -1000 -1000 -1000 -10
267 2854 car 0 0 -1 601.06982346891 176.0661628392238 657.8566488770118 228.5951887015026 -1 -1 -1 -1000 -1000 -1000 -10
268 2873 car 0 0 -1 569.692530773465 177.10678955858276 594.4667733143806 194.2142533666481 -1 -1 -1 -1000 -1000 -1000 -10
268 2854 car 0 0 -1 602.3555372222097 176.85955551276868 659.1050084508161 228.59200440237822 -1 -1 -1 -1000 -1000 -1000 -10
269 2873 car 0 0 -1 563.4861315237098 177.27441720887595 588.5793573332961 194.80596104086578 -1 -1 -1 -1000 -1000 -1000 -10
269 2854 car 0 0 -1 603.3050009810833 177.29641030187753 659.7457548450294 228.4573950843244 -1 -1 -1 -1000 -1000 -1000 -10
270 2873 car 0 0 -1 554.9005006066756 177.29548271038576 581.4675849936674 195.70553654090273 -1 -1 -1 -1000 -1000 -1000 -10
270 2854 car 0 0 -1 604.3452226839826 177.56221565194883 660.5576520881328 228.30745502244028 -1 -1 -1 -1000 -1000 -1000 -10
271 2876 car 0 0 -1 573.5655429217302 178.25957569728791 608.4974866654677 200.52061523810477 -1 -1 -1 -1000 -1000 -1000 -10
271 2873 car 0 0 -1 546.8039974642911 178.37349550208725 574.8061670871293 196.98764468060696 -1 -1 -1 -1000 -1000 -1000 -10
271 2854 car 0 0 -1 605.4050294650292 177.73564841920074 661.4498065249338 228.17869275237575 -1 -1 -1 -1000 -1000 -1000 -10
272 2876 car 0 0 -1 567.0000583819291 177.67823944308176 603.792980847233 200.02315994281153 -1 -1 -1 -1000 -1000 -1000 -10
272 2854 car 0 0 -1 605.8359927291544 178.02827924816822 661.7639427850281 228.52593700210994 -1 -1 -1 -1000 -1000 -1000 -10
273 2876 car 0 0 -1 560.9460250150374 178.27882586310287 597.0850960147317 201.3563296598348 -1 -1 -1 -1000 -1000 -1000 -10
273 2854 car 0 0 -1 606.6378401941278 177.68354364549145 662.490978333638 228.49305601076418 -1 -1 -1 -1000 -1000 -1000 -10
274 2876 car 0 0 -1 552.8680305624271 179.47607743490886 589.8772157342132 202.92752864632257 -1 -1 -1 -1000 -1000 -1000 -10
274 2873 car 0 0 -1 521.8390413108186 181.51971463556907 551.7111648179591 201.5106775153801 -1 -1 -1 -1000 -1000 -1000 -10
274 2854 car 0 0 -1 607.1309718615349 177.49227419611282 663.2035967161283 228.54048953416668 -1 -1 -1 -1000 -1000 -1000 -10
275 2876 car 0 0 -1 545.4821461350075 179.67150547753175 584.8132529081586 205.02510045376397 -1 -1 -1 -1000 -1000 -1000 -10
275 2873 car 0 0 -1 511.90940499792305 181.64618137479226 544.8866875500412 203.24555792736203 -1 -1 -1 -1000 -1000 -1000 -10
275 2854 car 0 0 -1 607.558471011133 177.20842875455594 663.2360789044437 228.14750829180684 -1 -1 -1 -1000 -1000 -1000 -10
276 2876 car 0 0 -1 535.7459138784683 179.1621779539683 578.2277603035208 206.96245117911718 -1 -1 -1 -1000 -1000 -1000 -10
276 2873 car 0 0 -1 500.93436119693587 182.31158982047234 536.2299420996468 205.19420556606835 -1 -1 -1 -1000 -1000 -1000 -10
276 2854 car 0 0 -1 608.2343578405244 176.67716956471992 663.3575760149606 227.79845017174 -1 -1 -1 -1000 -1000 -1000 -10
277 2876 car 0 0 -1 524.5531513029567 179.56120225440105 570.424682813158 209.73076849980777 -1 -1 -1 -1000 -1000 -1000 -10
277 2873 car 0 0 -1 487.6606859043021 182.61951816078272 526.207275680482 207.124923585844 -1 -1 -1 -1000 -1000 -1000 -10
277 2854 car 0 0 -1 608.7623078694305 175.81501060832915 663.755802632938 227.0804591681685 -1 -1 -1 -1000 -1000 -1000 -10
278 2876 car 0 0 -1 512.3446641660545 179.90523103033732 562.7343260439358 213.1677531542026 -1 -1 -1 -1000 -1000 -1000 -10
278 2873 car 0 0 -1 472.74995058884326 183.32814293033073 514.533087231462 210.46100811337027 -1 -1 -1 -1000 -1000 -1000 -10
278 2854 car 0 0 -1 609.4339996561237 175.46349704397988 664.0594060260901 226.8289831710518 -1 -1 -1 -1000 -1000 -1000 -10
279 2876 car 0 0 -1 502.1020645272488 181.0065052887509 554.7949580456907 216.056792886021 -1 -1 -1 -1000 -1000 -1000 -10
279 2873 car 0 0 -1 456.1409980677587 183.31479947478135 504.00849360436735 214.54408214416213 -1 -1 -1 -1000 -1000 -1000 -10
279 2854 car 0 0 -1 610.3759005864148 175.31110290702028 664.7335985602753 226.7515952860318 -1 -1 -1 -1000 -1000 -1000 -10
280 2876 car 0 0 -1 481.3614780318062 181.71951639514404 542.1757950501695 222.03863487961465 -1 -1 -1 -1000 -1000 -1000 -10
280 2873 car 0 0 -1 434.92456182718047 183.47758341532733 486.954233525743 218.4535362380139 -1 -1 -1 -1000 -1000 -1000 -10
280 2854 car 0 0 -1 611.4034563190761 175.23934376696212 665.5667350430934 226.7361056665825 -1 -1 -1 -1000 -1000 -1000 -10
281 2876 car 0 0 -1 472.45483685695035 183.4030634088652 531.8482120816849 225.4092696977986 -1 -1 -1 -1000 -1000 -1000 -10
281 2873 car 0 0 -1 408.9510369705031 184.1559274847755 466.00408644949266 223.12936688153556 -1 -1 -1 -1000 -1000 -1000 -10
281 2854 car 0 0 -1 612.2727618318627 175.38280963260826 666.0293683749671 227.18185180547533 -1 -1 -1 -1000 -1000 -1000 -10
282 2873 car 0 0 -1 377.18601380891073 186.47245454819102 439.94185879162046 229.85336960566963 -1 -1 -1 -1000 -1000 -1000 -10
282 2854 car 0 0 -1 613.3007349997836 175.82800076295737 666.753311619324 227.58415476841694 -1 -1 -1 -1000 -1000 -1000 -10
283 2854 car 0 0 -1 614.3672733438133 176.00534565146734 667.598960491502 227.730910614565 -1 -1 -1 -1000 -1000 -1000 -10
284 2878 car 0 0 -1 296.5989560393373 193.25073762051858 456.8025136587996 276.1745820202614 -1 -1 -1 -1000 -1000 -1000 -10
284 2854 car 0 0 -1 615.4340219075035 176.07818952979943 668.5054806129875 227.7822525317647 -1 -1 -1 -1000 -1000 -1000 -10
285 2878 car 0 0 -1 169.4731781094282 196.35325133983605 402.3292894645873 316.8651072654646 -1 -1 -1 -1000 -1000 -1000 -10
285 2854 car 0 0 -1 616.4866156257236 175.66327920352944 669.4493561162645 227.62309787056586 -1 -1 -1 -1000 -1000 -1000 -10
286 2878 car 0 0 -1 23.68367753884513 206.03289646529697 322.34175068971365 363.6627660885837 -1 -1 -1 -1000 -1000 -1000 -10
286 2854 car 0 0 -1 617.084153395331 175.28230459569622 670.2351709893874 227.16337852404902 -1 -1 -1 -1000 -1000 -1000 -10
287 2878 car 0 0 -1 -50.272060242880784 228.0205638262452 191.78362722122353 379.0177354968324 -1 -1 -1 -1000 -1000 -1000 -10
287 2854 car 0 0 -1 617.7271439865167 175.42888855388244 670.7413044426767 226.6961443776664 -1 -1 -1 -1000 -1000 -1000 -10
288 2854 car 0 0 -1 618.6196357938954 175.5900756727787 671.5302098305103 226.41292756599557 -1 -1 -1 -1000 -1000 -1000 -10
289 2854 car 0 0 -1 619.1527833265606 175.7276325482764 672.259889561638 226.2291953839782 -1 -1 -1 -1000 -1000 -1000 -10
290 2854 car 0 0 -1 619.1478085226069 175.83539853481486 672.1243303679538 226.1042186184957 -1 -1 -1 -1000 -1000 -1000 -10
291 2854 car 0 0 -1 619.1679470938014 175.91681378465978 672.049424117641 226.01664789599596 -1 -1 -1 -1000 -1000 -1000 -10
292 2854 car 0 0 -1 619.1913493127478 175.97707167379636 672.004031840885 225.95444966834836 -1 -1 -1 -1000 -1000 -1000 -10
293 2854 car 0 0 -1 618.586606925885 176.19585960960848 671.3560624224142 226.35695410813912 -1 -1 -1 -1000 -1000 -1000 -10
