0 3182 DontCare 0 0 -1 684.0 167.0 701.0 203.0 -1 -1 -1 -1000 -1000 -1000 -10
0 3181 DontCare 0 0 -1 220.0 86.0 249.0 131.0 -1 -1 -1 -1000 -1000 -1000 -10
0 3180 DontCare 0 0 -1 556.0 173.0 659.0 269.0 -1 -1 -1 -1000 -1000 -1000 -10
0 3179 DontCare 0 0 -1 1.0 219.0 89.0 286.0 -1 -1 -1 -1000 -1000 -1000 -10
0 3178 DontCare 0 0 -1 195.0 72.0 218.0 123.0 -1 -1 -1 -1000 -1000 -1000 -10
0 3177 DontCare 0 0 -1 579.0 172.0 629.0 258.0 -1 -1 -1 -1000 -1000 -1000 -10
0 3176 DontCare 0 0 -1 555.0 201.0 659.0 272.0 -1 -1 -1 -1000 -1000 -1000 -10
0 3175 car 0 0 -1 462.0 182.0 567.0 217.0 -1 -1 -1 -1000 -1000 -1000 -10
1 3183 DontCare 0 0 -1 615.0 180.0 654.0 250.0 -1 -1 -1 -1000 -1000 -1000 -10
1 3181 DontCare 0 0 -1 219.99999999999991 86.00000000000013 248.99999999999997 130.99999999999983 -1 -1 -1 -1000 -1000 -1000 -10
1 3180 DontCare 0 0 -1 587.7911943206177 175.56724682214457 660.625891106517 255.93024061504144 -1 -1 -1 -1000 -1000 -1000 -10
1 3179 DontCare 0 0 -1 1.0000000000002558 219.00000000000014 88.99999999999974 286.0 -1 -1 -1 -1000 -1000 -1000 -10
1 3178 DontCare 0 0 -1 194.9999999999999 72.00000000000004 217.9999999999999 122.9999999999999 -1 -1 -1 -1000 -1000 -1000 -10
1 3177 DontCare 0 0 -1 593.7382375456111 174.61584236835637 634.3120137106707 249.65551441556335 -1 -1 -1 -1000 -1000 -1000 -10
1 3176 DontCare 0 0 -1 573.696470659475 201.36274123628482 678.4944841143948 270.6824848943685 -1 -1 -1 -1000 -1000 -1000 -10
1 3175 car 0 0 -1 473.58720760346694 179.5620053122103 577.3725913915074 215.6188992104026 -1 -1 -1 -1000 -1000 -1000 -10
2 3181 DontCare 0 0 -1 220.0 85.99999999999993 249.00000000000017 130.9999999999998 -1 -1 -1 -1000 -1000 -1000 -10
2 3179 DontCare 0 0 -1 1.0000000000002416 218.99999999999977 88.99999999999984 286.0000000000002 -1 -1 -1 -1000 -1000 -1000 -10
2 3178 DontCare 0 0 -1 194.9644899944108 71.28815964945049 218.03551000558994 122.81724276948158 -1 -1 -1 -1000 -1000 -1000 -10
2 3176 DontCare 0 0 -1 590.4990477474626 199.91607875944916 694.9506362715617 268.45733182018324 -1 -1 -1 -1000 -1000 -1000 -10
2 3175 car 0 0 -1 485.5356791964864 179.30985759676267 589.9378395403903 216.39194359992726 -1 -1 -1 -1000 -1000 -1000 -10
3 3181 DontCare 0 0 -1 219.99999999999994 85.99999999999994 249.0 130.99999999999991 -1 -1 -1 -1000 -1000 -1000 -10
3 3179 DontCare 0 0 -1 0.9999999999999787 218.99999999999963 88.99999999999991 286.00000000000017 -1 -1 -1 -1000 -1000 -1000 -10
3 3178 DontCare 0 0 -1 194.9514462975183 71.06013691120339 218.04855370248148 122.84939777273996 -1 -1 -1 -1000 -1000 -1000 -10
3 3176 DontCare 0 0 -1 609.2189386212065 205.93821199458912 710.7400348932824 269.94927561653327 -1 -1 -1 -1000 -1000 -1000 -10
3 3175 car 0 0 -1 499.05833705174905 178.96314649229492 603.6169497957458 216.120450507089 -1 -1 -1 -1000 -1000 -1000 -10
4 3181 DontCare 0 0 -1 220.00000000000045 86.00000000000023 249.0000000000004 131.00000000000023 -1 -1 -1 -1000 -1000 -1000 -10
4 3180 DontCare 0 0 -1 645.4322101627965 168.32122144418943 703.9649196342025 251.23229795966014 -1 -1 -1 -1000 -1000 -1000 -10
4 3179 DontCare 0 0 -1 0.9999999999998508 218.99999999999883 88.99999999999966 285.9999999999995 -1 -1 -1 -1000 -1000 -1000 -10
4 3178 DontCare 0 0 -1 194.95105683480494 70.98237095409185 218.04894316519477 122.90034204192655 -1 -1 -1 -1000 -1000 -1000 -10
4 3176 DontCare 0 0 -1 626.7591391407439 199.62346195018563 730.6096451343085 266.8040180262489 -1 -1 -1 -1000 -1000 -1000 -10
4 3175 car 0 0 -1 510.53054639480564 179.18280711620366 613.2719518013143 216.5160029703079 -1 -1 -1 -1000 -1000 -1000 -10
5 3182 DontCare 0 0 -1 673.4369789580402 164.1213918021278 715.7743259452269 253.64872382525363 -1 -1 -1 -1000 -1000 -1000 -10
5 3181 DontCare 0 0 -1 220.00000000000017 85.99999999999999 248.99999999999994 131.00000000000009 -1 -1 -1 -1000 -1000 -1000 -10
5 3180 DontCare 0 0 -1 656.9403632616968 165.06769811184495 718.8922191311458 254.336980188432 -1 -1 -1 -1000 -1000 -1000 -10
5 3179 DontCare 0 0 -1 1.0820497952480395 218.83868011865331 88.91795020475163 285.4271392818611 -1 -1 -1 -1000 -1000 -1000 -10
5 3178 DontCare 0 0 -1 194.955029156575 70.95318355240838 218.04497084342103 122.93907728059128 -1 -1 -1 -1000 -1000 -1000 -10
5 3176 DontCare 0 0 -1 644.5096179414887 194.82833618327373 747.9975100220557 264.1920379796302 -1 -1 -1 -1000 -1000 -1000 -10
5 3175 car 0 0 -1 523.9685527288257 181.29048675875447 625.1587335124109 216.8172282367883 -1 -1 -1 -1000 -1000 -1000 -10
6 3182 DontCare 0 0 -1 674.2617550566747 163.00283904782754 718.2639583399507 252.79399911920774 -1 -1 -1 -1000 -1000 -1000 -10
6 3181 DontCare 0 0 -1 219.99999999999977 86.00000000000034 248.99999999999943 131.0000000000009 -1 -1 -1 -1000 -1000 -1000 -10
6 3180 DontCare 0 0 -1 675.9940591392731 162.27335011315563 736.393735522968 251.59847626395396 -1 -1 -1 -1000 -1000 -1000 -10
6 3179 DontCare 0 0 -1 1.0432957771819318 219.0019664632414 88.9567042228185 285.7285376582151 -1 -1 -1 -1000 -1000 -1000 -10
6 3178 DontCare 0 0 -1 194.96004254212212 70.94207208230623 218.03995745787708 122.96552456293796 -1 -1 -1 -1000 -1000 -1000 -10
6 3176 DontCare 0 0 -1 663.3392363423939 196.43365598174435 766.3931281013436 265.87055916597717 -1 -1 -1 -1000 -1000 -1000 -10
6 3175 car 0 0 -1 536.126974762657 182.5607750235922 636.7781308888207 217.76986991676029 -1 -1 -1 -1000 -1000 -1000 -10
7 3181 DontCare 0 0 -1 219.99999999999994 86.00000000000033 248.99999999999966 131.00000000000074 -1 -1 -1 -1000 -1000 -1000 -10
7 3180 DontCare 0 0 -1 696.3928640928273 161.79071381676164 751.7375765895188 250.29378679602667 -1 -1 -1 -1000 -1000 -1000 -10
7 3179 DontCare 0 0 -1 1.0220616839365917 219.04236470793973 88.9779383160639 285.85793300335337 -1 -1 -1 -1000 -1000 -1000 -10
7 3178 DontCare 0 0 -1 194.96490425371903 70.93850078649945 218.0350957462807 122.98301004521534 -1 -1 -1 -1000 -1000 -1000 -10
7 3176 DontCare 0 0 -1 680.4199133897295 192.36614615594215 784.4309432072217 264.9858390302526 -1 -1 -1 -1000 -1000 -1000 -10
7 3175 car 0 0 -1 548.803303582725 181.72588996812243 647.3505652722145 216.5860393197927 -1 -1 -1 -1000 -1000 -1000 -10
8 3181 DontCare 0 0 -1 220.00000000000057 86.00000000000011 249.00000000000045 131.0000000000003 -1 -1 -1 -1000 -1000 -1000 -10
8 3180 DontCare 0 0 -1 721.2096912494407 168.04175145851673 777.3058236786043 253.7694597638855 -1 -1 -1 -1000 -1000 -1000 -10
8 3179 DontCare 0 0 -1 1.0102639871624177 219.0443520979483 88.98973601283802 285.91884943693333 -1 -1 -1 -1000 -1000 -1000 -10
8 3178 DontCare 0 0 -1 194.96923194614297 70.93837970222097 218.03076805385675 122.99438532380245 -1 -1 -1 -1000 -1000 -1000 -10
8 3176 DontCare 0 0 -1 698.6441872350994 190.17530663050755 801.9379293133132 264.11605478789204 -1 -1 -1 -1000 -1000 -1000 -10
8 3175 car 0 0 -1 561.9658849262255 181.28776266879112 658.6150481816389 215.58485145650172 -1 -1 -1 -1000 -1000 -1000 -10
9 3181 DontCare 0 0 -1 219.99999999999847 85.99999999999987 248.9999999999984 131.00000000000045 -1 -1 -1 -1000 -1000 -1000 -10
9 3180 DontCare 0 0 -1 736.846711452225 167.57658269111963 793.628618744038 253.1959261072782 -1 -1 -1 -1000 -1000 -1000 -10
9 3179 DontCare 0 0 -1 1.003663423287101 219.03618350037453 88.99633657671279 285.95048767467847 -1 -1 -1 -1000 -1000 -1000 -10
9 3178 DontCare 0 0 -1 194.98798283190717 71.44715542041266 218.01201716809146 123.16623409661679 -1 -1 -1 -1000 -1000 -1000 -10
9 3176 DontCare 0 0 -1 716.0749252635804 190.7553164412268 817.7639490577932 264.5244324580006 -1 -1 -1 -1000 -1000 -1000 -10
9 3175 car 0 0 -1 576.6740499324501 181.50628089536218 672.7816145232252 214.8269706215961 -1 -1 -1 -1000 -1000 -1000 -10
10 3187 DontCare 0 0 -1 683.2356611090653 166.00546052339004 700.9179404059595 202.9945394766107 -1 -1 -1 -1000 -1000 -1000 -10
10 3181 DontCare 0 0 -1 219.99999999999946 86.00000000000001 248.99999999999946 131.00000000000034 -1 -1 -1 -1000 -1000 -1000 -10
10 3180 DontCare 0 0 -1 759.7039826065495 168.22759540561265 812.6397162253807 252.87891922835996 -1 -1 -1 -1000 -1000 -1000 -10
10 3179 DontCare 0 0 -1 1.03967900603854 218.8610423044555 88.96032099396128 285.4692273682489 -1 -1 -1 -1000 -1000 -1000 -10
10 3178 DontCare 0 0 -1 194.99873644454215 71.68942288747935 218.00126355545876 123.17839631500472 -1 -1 -1 -1000 -1000 -1000 -10
10 3176 DontCare 0 0 -1 734.0756822978651 189.9540108107922 836.1174489095911 264.44441472717597 -1 -1 -1 -1000 -1000 -1000 -10
10 3175 car 0 0 -1 588.1258364959903 180.60848146989116 682.4804476644762 213.52577719084638 -1 -1 -1 -1000 -1000 -1000 -10
11 3187 DontCare 0 0 -1 683.2332635401418 166.61834104746663 701.5500174391535 204.04040352902297 -1 -1 -1 -1000 -1000 -1000 -10
11 3181 DontCare 0 0 -1 220.00000000000034 85.99999999999982 249.00000000000028 130.99999999999972 -1 -1 -1 -1000 -1000 -1000 -10
11 3180 DontCare 0 0 -1 770.7870573090362 167.825396757296 828.5524090377174 254.11076574016784 -1 -1 -1 -1000 -1000 -1000 -10
11 3179 DontCare 0 0 -1 1.0226705095332704 219.01165944205178 88.97732949046693 285.7349574374368 -1 -1 -1 -1000 -1000 -1000 -10
11 3178 DontCare 0 0 -1 195.00481523764523 71.81616582348413 217.99518476235664 123.14635788753073 -1 -1 -1 -1000 -1000 -1000 -10
11 3176 DontCare 0 0 -1 752.7232834682744 189.00823062015235 853.6403504387534 263.80785750778495 -1 -1 -1 -1000 -1000 -1000 -10
11 3175 car 0 0 -1 597.0239493992494 179.93474866954358 692.5538652148691 213.38150100177234 -1 -1 -1 -1000 -1000 -1000 -10
12 3181 DontCare 0 0 -1 219.9999999999999 86.00000000000034 248.99999999999966 131.0000000000006 -1 -1 -1 -1000 -1000 -1000 -10
12 3180 DontCare 0 0 -1 785.6332659271359 166.31922125323118 843.7383852699809 254.65051183373825 -1 -1 -1 -1000 -1000 -1000 -10
12 3179 DontCare 0 0 -1 1.012350427216802 219.04998116433117 88.98764957278344 285.8542462305651 -1 -1 -1 -1000 -1000 -1000 -10
12 3178 DontCare 0 0 -1 195.00814029221075 71.88868528953722 217.99185970779334 123.10854935172006 -1 -1 -1 -1000 -1000 -1000 -10
12 3176 DontCare 0 0 -1 771.336611013757 189.34038630786978 870.4658262782441 264.25327165347 -1 -1 -1 -1000 -1000 -1000 -10
12 3175 car 0 0 -1 610.5034530062779 180.19293081132827 703.1656643107113 213.4797837690037 -1 -1 -1 -1000 -1000 -1000 -10
13 3181 DontCare 0 0 -1 220.00000000000003 86.00000000000013 248.9999999999998 131.0000000000001 -1 -1 -1 -1000 -1000 -1000 -10
13 3179 DontCare 0 0 -1 1.0060512235650236 219.05120823063956 88.99394877643537 285.9127685078213 -1 -1 -1 -1000 -1000 -1000 -10
13 3178 DontCare 0 0 -1 195.00983758532828 71.93327931234347 217.99016241467172 123.07616252021657 -1 -1 -1 -1000 -1000 -1000 -10
13 3176 DontCare 0 0 -1 789.6917367827915 187.70021777342384 887.2734620639379 262.9744243382215 -1 -1 -1 -1000 -1000 -1000 -10
13 3175 car 0 0 -1 614.6647158237656 180.057499287635 708.0468489209281 213.10364086638285 -1 -1 -1 -1000 -1000 -1000 -10
14 3181 DontCare 0 0 -1 220.00000000000003 86.00000000000013 248.99999999999997 131.00000000000028 -1 -1 -1 -1000 -1000 -1000 -10
14 3179 DontCare 0 0 -1 1.0022010141457187 219.0421788085115 88.99779898585447 285.9444615746837 -1 -1 -1 -1000 -1000 -1000 -10
14 3178 DontCare 0 0 -1 195.01057464318518 71.96209529334018 217.98942535681402 123.05117079329295 -1 -1 -1 -1000 -1000 -1000 -10
14 3176 DontCare 0 0 -1 807.0879774785707 189.40805565996334 903.6366940795623 263.4595010496343 -1 -1 -1 -1000 -1000 -1000 -10
14 3175 car 0 0 -1 627.3126452095869 182.38194662943184 717.036084141678 214.48989294681613 -1 -1 -1 -1000 -1000 -1000 -10
15 3189 car 0 0 -1 642.1755469207413 180.6570838435364 711.2916147202362 208.86092402438024 -1 -1 -1 -1000 -1000 -1000 -10
15 3181 DontCare 0 0 -1 220.0000000000002 85.99999999999991 249.00000000000026 131.0000000000003 -1 -1 -1 -1000 -1000 -1000 -10
15 3180 DontCare 0 0 -1 845.6924916393318 161.3941821299582 899.5630602787546 249.7369116710317 -1 -1 -1 -1000 -1000 -1000 -10
15 3179 DontCare 0 0 -1 0.9998582373380174 219.03195770684945 89.00014176266238 285.9632738363388 -1 -1 -1 -1000 -1000 -1000 -10
15 3178 DontCare 0 0 -1 195.48742670867924 72.02139125285595 218.1597785388141 122.99263263487558 -1 -1 -1 -1000 -1000 -1000 -10
15 3176 DontCare 0 0 -1 824.9499894420464 193.66305562903491 920.3047261862134 264.60364664287596 -1 -1 -1 -1000 -1000 -1000 -10
15 3175 car 0 0 -1 631.0724889280283 181.00571002369836 704.0668364620616 210.79806150725992 -1 -1 -1 -1000 -1000 -1000 -10
16 3189 car 0 0 -1 645.4776733963371 177.66117804386028 711.7530517491656 206.91884726490161 -1 -1 -1 -1000 -1000 -1000 -10
16 3181 DontCare 0 0 -1 220.00000000000082 86.00000000000044 249.00000000000077 131.00000000000068 -1 -1 -1 -1000 -1000 -1000 -10
16 3180 DontCare 0 0 -1 857.0736896712962 163.91251401771467 910.7542354240569 249.83764347526284 -1 -1 -1 -1000 -1000 -1000 -10
16 3179 DontCare 0 0 -1 0.9984508576877786 219.02321023670208 89.00154914231234 285.9752684490126 -1 -1 -1 -1000 -1000 -1000 -10
16 3178 DontCare 0 0 -1 195.71854870059835 72.05851056233132 218.1730086340651 122.95519853245625 -1 -1 -1 -1000 -1000 -1000 -10
16 3176 DontCare 0 0 -1 842.2537462121377 192.76427128753727 936.5333206233936 263.0577935777704 -1 -1 -1 -1000 -1000 -1000 -10
16 3175 car 0 0 -1 647.5726900436023 178.7907392872566 724.8740894291989 209.80759481269894 -1 -1 -1 -1000 -1000 -1000 -10
17 3181 DontCare 0 0 -1 220.00000000000068 85.9999999999994 249.00000000000063 130.99999999999963 -1 -1 -1 -1000 -1000 -1000 -10
17 3180 DontCare 0 0 -1 878.5464887201585 167.70490416294592 931.2119386136437 252.84873442744657 -1 -1 -1 -1000 -1000 -1000 -10
17 3179 DontCare 0 0 -1 0.9976270908824034 219.01640115551234 89.00237290911768 285.98329501167944 -1 -1 -1 -1000 -1000 -1000 -10
17 3178 DontCare 0 0 -1 195.3697028880179 72.04587444708334 217.9698895285241 122.96718731262312 -1 -1 -1 -1000 -1000 -1000 -10
17 3176 DontCare 0 0 -1 860.3520119575676 192.5316872144387 954.1675865789578 262.3864040273455 -1 -1 -1 -1000 -1000 -1000 -10
18 3190 DontCare 0 0 -1 877.032017908718 189.47701646982202 970.1676664030902 258.8752065228078 -1 -1 -1 -1000 -1000 -1000 -10
18 3181 DontCare 0 0 -1 220.00000000000077 85.99999999999972 249.00000000000054 130.9999999999999 -1 -1 -1 -1000 -1000 -1000 -10
18 3180 DontCare 0 0 -1 888.0090905322123 170.19972151425864 941.4099374204644 251.6668002154091 -1 -1 -1 -1000 -1000 -1000 -10
18 3179 DontCare 0 0 -1 0.9971683610566018 219.0113176038738 89.00283163894306 285.98882585575797 -1 -1 -1 -1000 -1000 -1000 -10
18 3178 DontCare 0 0 -1 195.2118705928925 72.03762719642087 217.9175191093079 122.9747228050884 -1 -1 -1 -1000 -1000 -1000 -10
18 3176 DontCare 0 0 -1 878.3480526984699 192.02521233368162 971.4516048590697 260.6467333917748 -1 -1 -1 -1000 -1000 -1000 -10
19 3181 DontCare 0 0 -1 220.00000000000043 86.00000000000018 249.00000000000037 131.00000000000094 -1 -1 -1 -1000 -1000 -1000 -10
19 3179 DontCare 0 0 -1 0.9969377014117455 219.00760043131137 89.00306229858805 285.992698900828 -1 -1 -1 -1000 -1000 -1000 -10
19 3178 DontCare 0 0 -1 195.13358444784427 72.03210312843305 217.915724720465 122.97956238306608 -1 -1 -1 -1000 -1000 -1000 -10
19 3176 DontCare 0 0 -1 895.6177350678664 190.65256925918376 988.008804238165 259.26715343140904 -1 -1 -1 -1000 -1000 -1000 -10
19 3175 car 0 0 -1 671.7006166996708 178.63981933766917 751.1036474079141 208.0601878145169 -1 -1 -1 -1000 -1000 -1000 -10
20 3181 DontCare 0 0 -1 220.0000000000005 85.99999999999982 249.00000000000017 131.00000000000034 -1 -1 -1 -1000 -1000 -1000 -10
20 3179 DontCare 0 0 -1 0.9968487110313689 219.0049137011952 89.00315128896901 285.9954320362166 -1 -1 -1 -1000 -1000 -1000 -10
20 3178 DontCare 0 0 -1 195.08454109289187 71.5613934031166 217.93425072007176 122.81048338045309 -1 -1 -1 -1000 -1000 -1000 -10
20 3176 DontCare 0 0 -1 912.953237242588 189.52966939119332 1003.9510790999549 258.0883854970184 -1 -1 -1 -1000 -1000 -1000 -10
20 3175 car 0 0 -1 680.8669395769896 179.19968197820634 757.0696228930999 208.1477146880108 -1 -1 -1 -1000 -1000 -1000 -10
21 3181 DontCare 0 0 -1 219.99999999999983 85.99999999999959 248.99999999999937 131.00000000000003 -1 -1 -1 -1000 -1000 -1000 -10
21 3179 DontCare 0 0 -1 0.9968466299984513 219.0029864676326 89.0031533700016 285.9973652688319 -1 -1 -1 -1000 -1000 -1000 -10
21 3178 DontCare 0 0 -1 195.05494717788147 71.33114655184406 217.95221217242167 122.79754837759336 -1 -1 -1 -1000 -1000 -1000 -10
21 3176 DontCare 0 0 -1 929.0663121313227 188.6148244461151 1020.2722483327863 257.51279671121733 -1 -1 -1 -1000 -1000 -1000 -10
22 3189 car 0 0 -1 701.0824733971349 181.63560434959075 744.1976557905575 204.70890232754587 -1 -1 -1 -1000 -1000 -1000 -10
22 3181 DontCare 0 0 -1 219.99999999999994 85.9999999999996 248.99999999999972 130.99999999999983 -1 -1 -1 -1000 -1000 -1000 -10
22 3179 DontCare 0 0 -1 0.9968966646909578 219.00161266578527 89.0031033353088 285.99873078685977 -1 -1 -1 -1000 -1000 -1000 -10
22 3178 DontCare 0 0 -1 195.50047631659012 71.23389693498414 218.13930959447092 122.80271034635142 -1 -1 -1 -1000 -1000 -1000 -10
22 3176 DontCare 0 0 -1 946.8210724616243 186.75349623876977 1035.9094041428577 256.2811478675044 -1 -1 -1 -1000 -1000 -1000 -10
23 3189 car 0 0 -1 706.7821899850628 182.6903935333869 746.5936490084164 205.23129058537558 -1 -1 -1 -1000 -1000 -1000 -10
23 3181 DontCare 0 0 -1 219.99999999999997 85.99999999999963 249.00000000000003 131.0000000000001 -1 -1 -1 -1000 -1000 -1000 -10
23 3179 DontCare 0 0 -1 0.9969767091868746 219.00063971136316 89.00302329081234 285.99969097720196 -1 -1 -1 -1000 -1000 -1000 -10
23 3178 DontCare 0 0 -1 195.25080106076112 71.15122324361784 217.99322209204624 122.85083984130168 -1 -1 -1 -1000 -1000 -1000 -10
23 3176 DontCare 0 0 -1 964.1774095117012 185.90684442466969 1052.3110860237878 255.97308561756435 -1 -1 -1 -1000 -1000 -1000 -10
24 3181 DontCare 0 0 -1 219.99999999999977 85.99999999999926 248.99999999999955 130.99999999999957 -1 -1 -1 -1000 -1000 -1000 -10
24 3179 DontCare 0 0 -1 0.9970727647929891 218.9999560632162 89.00292723520656 286.00036099153226 -1 -1 -1 -1000 -1000 -1000 -10
24 3178 DontCare 0 0 -1 195.600449009861 71.12191765714368 218.12797551247024 122.86749267669711 -1 -1 -1 -1000 -1000 -1000 -10
24 3176 DontCare 0 0 -1 980.4597971306537 184.60720981618408 1067.3858163635891 255.5842187023772 -1 -1 -1 -1000 -1000 -1000 -10
25 3181 DontCare 0 0 -1 219.99999999999937 85.99999999999952 248.99999999999915 130.9999999999995 -1 -1 -1 -1000 -1000 -1000 -10
25 3179 DontCare 0 0 -1 0.9971760338576914 218.99948069549941 89.00282396614247 286.0008231272304 -1 -1 -1 -1000 -1000 -1000 -10
25 3178 DontCare 0 0 -1 195.7703311910573 71.10134444735004 218.1421614471715 122.88371809984443 -1 -1 -1 -1000 -1000 -1000 -10
25 3176 DontCare 0 0 -1 997.1007545080425 185.1552505417726 1082.4619230983049 255.6834099317296 -1 -1 -1 -1000 -1000 -1000 -10
26 3189 car 0 0 -1 722.7363778949533 181.8880006896134 759.9470054439154 205.5723384043873 -1 -1 -1 -1000 -1000 -1000 -10
26 3181 DontCare 0 0 -1 219.9999999999996 85.99999999999983 248.9999999999992 130.99999999999957 -1 -1 -1 -1000 -1000 -1000 -10
26 3179 DontCare 0 0 -1 0.9972810629025304 218.99915493395537 89.00271893709777 286.00113645520855 -1 -1 -1 -1000 -1000 -1000 -10
26 3178 DontCare 0 0 -1 195.86149006050928 71.086094873753 218.12057344722328 122.89774914335005 -1 -1 -1 -1000 -1000 -1000 -10
26 3176 DontCare 0 0 -1 1014.3512679836803 185.29152144251375 1097.7027078297465 255.17917942553035 -1 -1 -1 -1000 -1000 -1000 -10
27 3189 car 0 0 -1 724.042003482215 181.43076303521747 762.2572333478558 205.62709248494116 -1 -1 -1 -1000 -1000 -1000 -10
27 3181 DontCare 0 0 -1 219.99999999999952 86.00000000000045 248.999999999999 131.00000000000014 -1 -1 -1 -1000 -1000 -1000 -10
27 3179 DontCare 0 0 -1 0.9973845492452753 218.9989363602499 89.00261545075531 286.0013434704318 -1 -1 -1 -1000 -1000 -1000 -10
27 3178 DontCare 0 0 -1 195.9152497695025 71.07444392600563 218.09275737265 122.90934128642904 -1 -1 -1 -1000 -1000 -1000 -10
27 3176 DontCare 0 0 -1 1030.581661801 184.80603033211193 1113.627165921762 254.2758806676563 -1 -1 -1 -1000 -1000 -1000 -10
28 3189 car 0 0 -1 726.8611024738758 181.1981162139528 765.7244721110443 205.71561796708357 -1 -1 -1 -1000 -1000 -1000 -10
28 3181 DontCare 0 0 -1 219.99999999999858 86.0 248.99999999999807 130.99999999999991 -1 -1 -1 -1000 -1000 -1000 -10
28 3179 DontCare 0 0 -1 0.9974845704733468 218.99879433960365 89.00251542952628 286.0014747733306 -1 -1 -1 -1000 -1000 -1000 -10
28 3178 DontCare 0 0 -1 195.94939592813625 71.06538742879337 218.06795507315127 122.91875122418764 -1 -1 -1 -1000 -1000 -1000 -10
28 3176 DontCare 0 0 -1 1047.073582375775 187.18101690209153 1130.429565531118 255.18510751513026 -1 -1 -1 -1000 -1000 -1000 -10
29 3189 car 0 0 -1 731.8817296809982 181.6041425620873 769.2805777966823 205.90717372254346 -1 -1 -1 -1000 -1000 -1000 -10
29 3181 DontCare 0 0 -1 219.9999999999993 85.99999999999929 248.9999999999989 130.9999999999992 -1 -1 -1 -1000 -1000 -1000 -10
29 3179 DontCare 0 0 -1 0.997580085274052 218.99870676629595 89.0024199147259 286.001552402033 -1 -1 -1 -1000 -1000 -1000 -10
29 3178 DontCare 0 0 -1 195.97218200649579 71.05826660463654 218.04821902184702 122.92635582381868 -1 -1 -1 -1000 -1000 -1000 -10
29 3176 DontCare 0 0 -1 1062.3873717516362 186.60635440956756 1145.684164707227 253.86575689182897 -1 -1 -1 -1000 -1000 -1000 -10
30 3189 car 0 0 -1 736.4570915079478 181.6438440158347 771.5789465557 205.45625933981046 -1 -1 -1 -1000 -1000 -1000 -10
30 3181 DontCare 0 0 -1 219.99999999999898 86.00000000000028 248.99999999999835 130.99999999999997 -1 -1 -1 -1000 -1000 -1000 -10
30 3179 DontCare 0 0 -1 0.9976706094303509 218.99865770420465 89.0023293905688 286.0015922199197 -1 -1 -1 -1000 -1000 -1000 -10
30 3178 DontCare 0 0 -1 195.9878232728372 71.05261395245756 218.0332618548386 122.9325178271209 -1 -1 -1 -1000 -1000 -1000 -10
30 3176 DontCare 0 0 -1 1078.4120973482231 185.7231682116846 1161.0875122742113 252.14615236370042 -1 -1 -1 -1000 -1000 -1000 -10
31 3191 car 0 0 -1 710.9395597529616 182.906914367671 743.9559987261999 201.95360739718433 -1 -1 -1 -1000 -1000 -1000 -10
31 3189 car 0 0 -1 738.8229234269661 180.74724623149817 772.8841971372608 203.63475099255513 -1 -1 -1 -1000 -1000 -1000 -10
31 3181 DontCare 0 0 -1 219.9999999999984 86.00000000000033 248.99999999999807 131.0000000000002 -1 -1 -1 -1000 -1000 -1000 -10
31 3179 DontCare 0 0 -1 0.9977560054508174 218.99863567882403 89.00224399454868 286.0016056330608 -1 -1 -1 -1000 -1000 -1000 -10
31 3178 DontCare 0 0 -1 195.99870257603868 71.04808346147136 218.02219589685086 122.93754569672605 -1 -1 -1 -1000 -1000 -1000 -10
31 3176 DontCare 0 0 -1 1091.3634022658227 180.75187981142824 1171.0573024302264 249.19625940318303 -1 -1 -1 -1000 -1000 -1000 -10
32 3189 car 0 0 -1 740.9675325694292 181.04173627725552 775.1330585454449 202.95525084275593 -1 -1 -1 -1000 -1000 -1000 -10
32 3181 DontCare 0 0 -1 220.00000000000006 86.00000000000014 248.99999999999977 131.00000000000037 -1 -1 -1 -1000 -1000 -1000 -10
32 3179 DontCare 0 0 -1 0.9978363462007422 218.99863244146258 89.00216365379922 286.00160082860464 -1 -1 -1 -1000 -1000 -1000 -10
32 3178 DontCare 0 0 -1 196.006291702957 71.04441410148917 218.01411679608654 122.94168824547157 -1 -1 -1 -1000 -1000 -1000 -10
32 3176 DontCare 0 0 -1 1109.516386940993 175.79287149486854 1190.8841167930627 247.36634966131882 -1 -1 -1 -1000 -1000 -1000 -10
33 3189 car 0 0 -1 741.6835707016454 181.14987638168623 775.9004167705529 202.0691220724106 -1 -1 -1 -1000 -1000 -1000 -10
33 3181 DontCare 0 0 -1 220.00000000000168 85.99999999999962 249.00000000000168 130.99999999999997 -1 -1 -1 -1000 -1000 -1000 -10
33 3179 DontCare 0 0 -1 1.0055890317249592 218.82585677801072 88.99441096827559 285.5440132700039 -1 -1 -1 -1000 -1000 -1000 -10
33 3178 DontCare 0 0 -1 196.01156085815478 71.04140752374174 218.00826816686885 122.94514100609142 -1 -1 -1 -1000 -1000 -1000 -10
34 3189 car 0 0 -1 742.978394121485 181.34896794760203 776.913498298723 201.58160328027714 -1 -1 -1 -1000 -1000 -1000 -10
34 3181 DontCare 0 0 -1 220.00000000000136 85.99999999999837 249.0000000000013 130.99999999999892 -1 -1 -1 -1000 -1000 -1000 -10
34 3179 DontCare 0 0 -1 1.011244824993014 218.80893259996728 88.98875517500636 285.3206856494561 -1 -1 -1 -1000 -1000 -1000 -10
34 3178 DontCare 0 0 -1 196.0151769799802 71.03891272259936 218.00406227780496 122.94805553150248 -1 -1 -1 -1000 -1000 -1000 -10
35 3189 car 0 0 -1 745.6475964200517 181.54548118314472 778.7885371179425 201.28247446337508 -1 -1 -1 -1000 -1000 -1000 -10
35 3181 DontCare 0 0 -1 219.99999999999955 85.99999999999966 248.9999999999996 131.00000000000009 -1 -1 -1 -1000 -1000 -1000 -10
35 3179 DontCare 0 0 -1 1.0152362457627078 218.83808180249366 88.98476375423691 285.2001695129129 -1 -1 -1 -1000 -1000 -1000 -10
35 3178 DontCare 0 0 -1 196.01760997462642 71.03681474267084 218.0010573395596 122.95054841663874 -1 -1 -1 -1000 -1000 -1000 -10
36 3189 car 0 0 -1 746.8440741624164 181.72156972177683 778.5400865181488 201.07393533677546 -1 -1 -1 -1000 -1000 -1000 -10
36 3181 DontCare 0 0 -1 219.99999999999838 85.99999999999932 248.99999999999844 130.99999999999974 -1 -1 -1 -1000 -1000 -1000 -10
36 3179 DontCare 0 0 -1 1.0179602175185565 218.87507457222569 88.9820397824812 285.12862232116703 -1 -1 -1 -1000 -1000 -1000 -10
36 3178 DontCare 0 0 -1 196.01919545976912 71.03502610835145 217.99892659454147 122.95270902959643 -1 -1 -1 -1000 -1000 -1000 -10
37 3191 car 0 0 -1 709.6691178238441 184.68444653670116 739.4763321063633 200.8367320113976 -1 -1 -1 -1000 -1000 -1000 -10
37 3189 car 0 0 -1 747.8236668490656 181.84957001569052 779.0578306180839 200.93965514207753 -1 -1 -1 -1000 -1000 -1000 -10
37 3181 DontCare 0 0 -1 219.99999999999991 85.99999999999892 248.99999999999991 130.9999999999994 -1 -1 -1 -1000 -1000 -1000 -10
37 3179 DontCare 0 0 -1 1.011630325673444 219.08195962082252 88.98836967432663 285.5378138219029 -1 -1 -1 -1000 -1000 -1000 -10
37 3178 DontCare 0 0 -1 196.01727453035068 71.20813227530641 218.00033066652077 123.40891549204059 -1 -1 -1 -1000 -1000 -1000 -10
38 3191 car 0 0 -1 710.1714869633968 184.76261620062868 742.5078692801164 200.99604112071265 -1 -1 -1 -1000 -1000 -1000 -10
38 3189 car 0 0 -1 748.8565684750121 182.40783935547663 779.7402435892571 201.0191757929791 -1 -1 -1 -1000 -1000 -1000 -10
38 3181 DontCare 0 0 -1 220.00000000000034 85.99999999999962 249.0 130.99999999999994 -1 -1 -1 -1000 -1000 -1000 -10
38 3179 DontCare 0 0 -1 1.0148992980144413 218.95195722554953 88.98510070198577 285.2743493866144 -1 -1 -1 -1000 -1000 -1000 -10
38 3178 DontCare 0 0 -1 196.01863085182745 71.0503173742926 217.99848506320987 123.1782246627948 -1 -1 -1 -1000 -1000 -1000 -10
39 3191 car 0 0 -1 709.6910314288807 184.9256423211961 744.3114149485018 201.56687072813224 -1 -1 -1 -1000 -1000 -1000 -10
39 3189 car 0 0 -1 749.4091332992689 182.8660620070516 780.359687785839 201.44266792861595 -1 -1 -1 -1000 -1000 -1000 -10
39 3181 DontCare 0 0 -1 220.00000000000114 85.99999999999902 249.00000000000074 130.99999999999977 -1 -1 -1 -1000 -1000 -1000 -10
39 3179 DontCare 0 0 -1 1.0171333361675536 218.92541183319992 88.98286666383245 285.1509515562521 -1 -1 -1 -1000 -1000 -1000 -10
39 3178 DontCare 0 0 -1 196.0194596003042 71.0025297760889 217.99719296654453 123.07787592473555 -1 -1 -1 -1000 -1000 -1000 -10
40 3191 car 0 0 -1 709.2325681344139 185.2932736785559 745.2786179996885 201.47988121330306 -1 -1 -1 -1000 -1000 -1000 -10
40 3189 car 0 0 -1 749.218897927219 182.8843305100545 779.6226160972241 201.13105855937954 -1 -1 -1 -1000 -1000 -1000 -10
40 3181 DontCare 0 0 -1 219.8262729588108 86.00822222863673 248.54561793163057 130.99177777136208 -1 -1 -1 -1000 -1000 -1000 -10
40 3179 DontCare 0 0 -1 1.018597376941507 218.93205086891012 88.9814026230579 285.0873260087131 -1 -1 -1 -1000 -1000 -1000 -10
40 3178 DontCare 0 0 -1 196.01991039000117 70.99324541557081 217.99630294564034 123.0307809457114 -1 -1 -1 -1000 -1000 -1000 -10
41 3191 car 0 0 -1 709.1305882035796 185.15989781969517 746.8588979728655 201.72193707369053 -1 -1 -1 -1000 -1000 -1000 -10
41 3189 car 0 0 -1 749.015212533271 182.95323552525028 778.7410096748973 200.95405428657673 -1 -1 -1 -1000 -1000 -1000 -10
41 3181 DontCare 0 0 -1 219.80865687857042 86.01392284787363 248.32367300914322 130.98607715212552 -1 -1 -1 -1000 -1000 -1000 -10
41 3179 DontCare 0 0 -1 1.0194996749026046 218.94676640129012 88.98050032509731 285.0511003133581 -1 -1 -1 -1000 -1000 -1000 -10
41 3178 DontCare 0 0 -1 196.02009309307684 70.99611673864803 217.9957033643067 123.00655274324885 -1 -1 -1 -1000 -1000 -1000 -10
42 3191 car 0 0 -1 708.6828606949446 185.53936519670063 747.2349856490412 202.02373464983353 -1 -1 -1 -1000 -1000 -1000 -10
42 3189 car 0 0 -1 749.6474917538542 183.48175588498668 778.8677586972033 201.02000318160498 -1 -1 -1 -1000 -1000 -1000 -10
42 3181 DontCare 0 0 -1 220.01116235449607 86.00984067099562 248.6575515266574 130.99015932900303 -1 -1 -1 -1000 -1000 -1000 -10
42 3179 DontCare 0 0 -1 1.019998467054009 218.96122310004438 88.98000153294608 285.0286660227092 -1 -1 -1 -1000 -1000 -1000 -10
42 3178 DontCare 0 0 -1 196.02008777285292 71.00178142698806 217.99531252006065 122.99289429327942 -1 -1 -1 -1000 -1000 -1000 -10
43 3189 car 0 0 -1 749.4130760557589 183.7729843092013 777.4110526136008 200.958469885308 -1 -1 -1 -1000 -1000 -1000 -10
43 3181 DontCare 0 0 -1 220.06567578964953 86.00696909501939 248.8078379609165 130.99303090498003 -1 -1 -1 -1000 -1000 -1000 -10
43 3179 DontCare 0 0 -1 1.0202113626192713 218.97314820546688 88.97978863738098 285.0139188845418 -1 -1 -1 -1000 -1000 -1000 -10
43 3178 DontCare 0 0 -1 196.0199524124139 71.00717174601075 217.99507093059032 122.98460463729265 -1 -1 -1 -1000 -1000 -1000 -10
44 3189 car 0 0 -1 749.3043625190396 184.140880247276 776.164441681784 201.3120750866439 -1 -1 -1 -1000 -1000 -1000 -10
44 3181 DontCare 0 0 -1 220.0698621647212 86.0049433171293 248.88184882381734 130.99505668287 -1 -1 -1 -1000 -1000 -1000 -10
44 3179 DontCare 0 0 -1 1.0202244543076944 218.98233597002093 88.97977554569205 285.00386710664156 -1 -1 -1 -1000 -1000 -1000 -10
44 3178 DontCare 0 0 -1 196.01972878242591 71.01148504924227 217.9949354609171 122.97932998832876 -1 -1 -1 -1000 -1000 -1000 -10
45 3189 car 0 0 -1 749.4178910625486 184.2809258472554 775.4604349611114 201.44945665835064 -1 -1 -1 -1000 -1000 -1000 -10
45 3181 DontCare 0 0 -1 220.0593364311156 86.00351098183802 248.92223247237618 130.99648901816096 -1 -1 -1 -1000 -1000 -1000 -10
45 3179 DontCare 0 0 -1 1.0201000685481176 218.98918979233795 88.97989993145175 284.9968871623462 -1 -1 -1 -1000 -1000 -1000 -10
45 3178 DontCare 0 0 -1 196.0194468247432 71.01468304350047 217.99487492862008 122.97590397938569 -1 -1 -1 -1000 -1000 -1000 -10
46 3189 car 0 0 -1 748.7774886204222 183.59661964884197 774.5461501292809 200.98086178088124 -1 -1 -1 -1000 -1000 -1000 -10
46 3181 DontCare 0 0 -1 220.0464766371292 86.00249640272582 248.9464929517795 130.99750359727273 -1 -1 -1 -1000 -1000 -1000 -10
46 3179 DontCare 0 0 -1 1.0198829387784656 218.99421466048022 88.98011706122132 284.99200885099515 -1 -1 -1 -1000 -1000 -1000 -10
46 3178 DontCare 0 0 -1 196.01912789135392 71.0169461779278 217.9948668525573 122.97368664798573 -1 -1 -1 -1000 -1000 -1000 -10
47 3189 car 0 0 -1 749.0068828098418 183.30376348558363 774.2896098805969 200.8361841369268 -1 -1 -1 -1000 -1000 -1000 -10
47 3181 DontCare 0 0 -1 220.03511951092156 86.00177666870648 248.96220318627473 130.9982233312936 -1 -1 -1 -1000 -1000 -1000 -10
47 3179 DontCare 0 0 -1 1.019604939052158 218.99785900507464 88.98039506094737 284.98860670702044 -1 -1 -1 -1000 -1000 -1000 -10
47 3178 DontCare 0 0 -1 196.0187871193629 71.0184852213611 217.99489506619273 122.97229217789588 -1 -1 -1 -1000 -1000 -1000 -10
48 3189 car 0 0 -1 748.9757454228999 183.1713205484297 773.6205012502274 200.80400051879568 -1 -1 -1 -1000 -1000 -1000 -10
48 3181 DontCare 0 0 -1 220.02608160902014 86.0012654632312 248.9729031598215 130.99873453676932 -1 -1 -1 -1000 -1000 -1000 -10
48 3179 DontCare 0 0 -1 1.0192886279142854 219.00048023513096 88.98071137208495 284.98625626723344 -1 -1 -1 -1000 -1000 -1000 -10
48 3178 DontCare 0 0 -1 196.01843516308168 71.01948379283539 217.9949479749505 122.97147048234115 -1 -1 -1 -1000 -1000 -1000 -10
49 3189 car 0 0 -1 748.4895564514769 182.91580544979965 773.7828944479535 200.3696456373622 -1 -1 -1 -1000 -1000 -1000 -10
49 3181 DontCare 0 0 -1 220.0192020061831 86.00090198787296 248.98041728094148 130.99909801212806 -1 -1 -1 -1000 -1000 -1000 -10
49 3179 DontCare 0 0 -1 1.0189498599748745 219.00235043837228 88.98105014002479 284.9846603377884 -1 -1 -1 -1000 -1000 -1000 -10
49 3178 DontCare 0 0 -1 196.01807945233418 71.02008695159306 217.99501728852192 122.97105146183578 -1 -1 -1 -1000 -1000 -1000 -10
50 3189 car 0 0 -1 747.510777870983 182.5580899263556 773.3268038174342 200.4664385960565 -1 -1 -1 -1000 -1000 -1000 -10
50 3181 DontCare 0 0 -1 220.01407461034879 86.00064331653775 248.98578682909275 130.99935668346208 -1 -1 -1 -1000 -1000 -1000 -10
50 3179 DontCare 0 0 -1 1.01859968977179 219.0036722870138 88.98140031022804 284.983607116704 -1 -1 -1 -1000 -1000 -1000 -10
50 3178 DontCare 0 0 -1 196.01772510397794 71.02040450850278 217.9950971011003 122.97091605580651 -1 -1 -1 -1000 -1000 -1000 -10
51 3189 car 0 0 -1 747.3216242089571 182.8113299234409 772.9183153697692 200.7445563358736 -1 -1 -1 -1000 -1000 -1000 -10
51 3181 DontCare 0 0 -1 220.01029307179604 86.00045908353547 248.9896606984556 130.99954091646333 -1 -1 -1 -1000 -1000 -1000 -10
51 3179 DontCare 0 0 -1 1.0182457492691057 219.0045951090885 88.98175425073094 284.98294420991857 -1 -1 -1 -1000 -1000 -1000 -10
51 3178 DontCare 0 0 -1 196.01737558074632 71.02051787398527 217.99518322527803 122.9709796085509 -1 -1 -1 -1000 -1000 -1000 -10
52 3189 car 0 0 -1 747.1610451020924 183.359192927742 773.4318829853546 201.02984102098944 -1 -1 -1 -1000 -1000 -1000 -10
52 3181 DontCare 0 0 -1 220.00751900057105 86.00032777448001 248.99246989497396 130.99967222552092 -1 -1 -1 -1000 -1000 -1000 -10
52 3179 DontCare 0 0 -1 1.0178932391323272 219.00522830771143 88.98210676086777 284.9825614306324 -1 -1 -1 -1000 -1000 -1000 -10
52 3178 DontCare 0 0 -1 196.01703316658626 71.02048673901186 217.99527271027756 122.97118145401211 -1 -1 -1 -1000 -1000 -1000 -10
53 3189 car 0 0 -1 746.681464380421 183.60810989603135 774.0011732802691 201.10055705582647 -1 -1 -1 -1000 -1000 -1000 -10
53 3181 DontCare 0 0 -1 220.00548957551504 86.00023412614021 248.99451260563708 130.99976587386047 -1 -1 -1 -1000 -1000 -1000 -10
53 3179 DontCare 0 0 -1 1.0175456392483895 219.0056517909038 88.98245436075089 284.982378928771 -1 -1 -1 -1000 -1000 -1000 -10
53 3178 DontCare 0 0 -1 196.01669930908182 71.02035458765343 217.9953634938848 122.9714779795242 -1 -1 -1 -1000 -1000 -1000 -10
54 3189 car 0 0 -1 746.4698744663202 183.10153669859005 774.8320698055571 200.47492462776376 -1 -1 -1 -1000 -1000 -1000 -10
54 3181 DontCare 0 0 -1 220.00400700853984 86.00016729800761 248.9960001231219 130.99983270199232 -1 -1 -1 -1000 -1000 -1000 -10
54 3179 DontCare 0 0 -1 1.017205216468824 219.00592382032804 88.98279478353079 284.98233879496956 -1 -1 -1 -1000 -1000 -1000 -10
54 3178 DontCare 0 0 -1 196.01637486572406 71.0201529589595 217.99545415116347 122.97183782222763 -1 -1 -1 -1000 -1000 -1000 -10
55 3181 DontCare 0 0 -1 220.0029247229245 86.00011958329641 248.99708418085146 130.99988041670332 -1 -1 -1 -1000 -1000 -1000 -10
55 3179 DontCare 0 0 -1 1.0168733865604196 219.00608682571783 88.98312661343903 284.98239903964446 -1 -1 -1 -1000 -1000 -1000 -10
55 3178 DontCare 0 0 -1 196.01606028074667 71.01990464528888 217.9955437131868 122.97223846558586 -1 -1 -1 -1000 -1000 -1000 -10
56 3181 DontCare 0 0 -1 220.0021349317458 86.00008549840054 248.99787453468718 130.9999145016004 -1 -1 -1 -1000 -1000 -1000 -10
56 3179 DontCare 0 0 -1 1.0165509716875363 219.00617167848276 88.98344902831195 284.98252924279404 -1 -1 -1 -1000 -1000 -1000 -10
56 3178 DontCare 0 0 -1 196.01575571184443 71.0196260576906 217.99563153636242 122.97266379721748 -1 -1 -1 -1000 -1000 -1000 -10
57 3181 DontCare 0 0 -1 220.0015586862485 86.0000611386111 248.99845088504534 130.9999388613901 -1 -1 -1 -1000 -1000 -1000 -10
57 3179 DontCare 0 0 -1 1.0162383831932829 219.00620082014422 88.98376161680642 284.9827073982928 -1 -1 -1 -1000 -1000 -1000 -10
57 3178 DontCare 0 0 -1 196.0154611207671 71.01932896223187 217.9957172083054 122.9731023445843 -1 -1 -1 -1000 -1000 -1000 -10
58 3181 DontCare 0 0 -1 220.00113827812265 86.00004372159835 248.99887122705633 130.99995627840235 -1 -1 -1 -1000 -1000 -1000 -10
58 3179 DontCare 0 0 -1 1.015935751076114 219.00619054773796 88.98406424892384 284.98291761988565 -1 -1 -1 -1000 -1000 -1000 -10
58 3178 DontCare 0 0 -1 196.01517633791178 71.01902174958096 217.99580048012535 122.97354599594956 -1 -1 -1 -1000 -1000 -1000 -10
59 3189 car 0 0 -1 742.5354212725565 183.55198217782126 768.5709518158062 200.6868821015125 -1 -1 -1 -1000 -1000 -1000 -10
59 3181 DontCare 0 0 -1 220.00083156916827 86.00003126355004 248.99917780825797 130.9999687364508 -1 -1 -1 -1000 -1000 -1000 -10
59 3179 DontCare 0 0 -1 1.0156430154740903 219.00615268152853 88.98435698452587 284.9831484717647 -1 -1 -1 -1000 -1000 -1000 -10
59 3178 DontCare 0 0 -1 196.0149011081744 71.01871036131327 217.99588121774877 122.97398907156155 -1 -1 -1 -1000 -1000 -1000 -10
60 3181 DontCare 0 0 -1 220.0006078067868 86.00002234917909 248.99940142281562 130.99997765082014 -1 -1 -1 -1000 -1000 -1000 -10
60 3179 DontCare 0 0 -1 1.0153599911039208 219.00609578129163 88.98464000889612 284.98339175307444 -1 -1 -1 -1000 -1000 -1000 -10
60 3178 DontCare 0 0 -1 196.0146351233477 71.01839896487365 217.99595936699134 122.97442764869464 -1 -1 -1 -1000 -1000 -1000 -10
61 3181 DontCare 0 0 -1 220.0004445536038 86.00001596825456 248.99956452380053 130.99998403174433 -1 -1 -1 -1000 -1000 -1000 -10
61 3179 DontCare 0 0 -1 1.0150864124716463 219.0060260330919 88.98491358752861 284.98364161275174 -1 -1 -1 -1000 -1000 -1000 -10
61 3178 DontCare 0 0 -1 196.01437804487085 71.01809044498314 217.99603492856062 122.97485907114408 -1 -1 -1 -1000 -1000 -1000 -10
62 3181 DontCare 0 0 -1 220.00032544119372 86.00001139930822 248.99968348547847 130.9999886006928 -1 -1 -1 -1000 -1000 -1000 -10
62 3179 DontCare 0 0 -1 1.0148219654244812 219.00594789564468 88.98517803457548 284.98389390490894 -1 -1 -1 -1000 -1000 -1000 -10
62 3178 DontCare 0 0 -1 196.01412951963692 71.01778676112615 217.99610794018804 122.97528159285953 -1 -1 -1 -1000 -1000 -1000 -10
63 3181 DontCare 0 0 -1 220.0002385291742 86.00000812684738 248.99977025030032 130.99999187315288 -1 -1 -1 -1000 -1000 -1000 -10
63 3179 DontCare 0 0 -1 1.014566309019159 219.00586457140793 88.98543369098131 284.9841457194917 -1 -1 -1 -1000 -1000 -1000 -10
63 3178 DontCare 0 0 -1 196.01388919087074 71.01748920744964 217.99617846392923 122.97569411921663 -1 -1 -1 -1000 -1000 -1000 -10
64 3181 DontCare 0 0 -1 220.0001751074803 86.00000578238965 248.9998335289846 130.99999421761095 -1 -1 -1 -1000 -1000 -1000 -10
64 3179 DontCare 0 0 -1 1.0143190905273443 219.0057783498553 88.98568090947248 284.9843950406226 -1 -1 -1 -1000 -1000 -1000 -10
64 3178 DontCare 0 0 -1 196.0136567054609 71.01719860153659 217.99624657715697 122.97609601931643 -1 -1 -1 -1000 -1000 -1000 -10
65 3181 DontCare 0 0 -1 220.00012882243036 86.00000410242056 248.99987967532624 130.9999958975796 -1 -1 -1 -1000 -1000 -1000 -10
65 3179 DontCare 0 0 -1 1.0140799556091125 219.00569085755785 88.98592004439092 284.9846404979917 -1 -1 -1 -1000 -1000 -1000 -10
65 3178 DontCare 0 0 -1 196.0134317187884 71.01691542140004 217.9963123662182 122.97648699000571 -1 -1 -1 -1000 -1000 -1000 -10
66 3189 car 0 0 -1 727.0568527241695 182.69849404910227 760.7663989493498 200.22466953079206 -1 -1 -1 -1000 -1000 -1000 -10
66 3181 DontCare 0 0 -1 220.00009503919443 86.00000289841728 248.99991332407592 130.99999710158187 -1 -1 -1 -1000 -1000 -1000 -10
66 3179 DontCare 0 0 -1 1.0138485550619762 219.00560324033634 88.9861514449384 284.98488118603643 -1 -1 -1 -1000 -1000 -1000 -10
66 3178 DontCare 0 0 -1 196.01321389780276 71.0166399047672 217.99637592202805 122.97686695750858 -1 -1 -1 -1000 -1000 -1000 -10
67 3181 DontCare 0 0 -1 220.00007037674246 86.00000203545606 248.9999378561163 130.99999796454478 -1 -1 -1 -1000 -1000 -1000 -10
67 3179 DontCare 0 0 -1 1.0136245491817064 219.00551629591263 88.98637545081888 284.98511653254394 -1 -1 -1 -1000 -1000 -1000 -10
67 3178 DontCare 0 0 -1 196.01300292282178 71.01637212092429 217.99643733699997 122.97723600641397 -1 -1 -1 -1000 -1000 -1000 -10
68 3181 DontCare 0 0 -1 220.0000523686264 86.0000014169312 248.99995573772722 130.999998583067 -1 -1 -1 -1000 -1000 -1000 -10
68 3179 DontCare 0 0 -1 1.0134076104502938 219.00543057045073 88.98659238954949 284.9853462032097 -1 -1 -1 -1000 -1000 -1000 -10
68 3178 DontCare 0 0 -1 196.01279848849026 71.01611202260759 217.99649670297953 122.97759432855466 -1 -1 -1 -1000 -1000 -1000 -10
69 3181 DontCare 0 0 -1 220.00003921554722 86.00000097366002 248.99996876803593 130.9999990263414 -1 -1 -1 -1000 -1000 -1000 -10
69 3179 DontCare 0 0 -1 1.0131974250747504 219.00534642880103 88.98680257492546 284.98557003241405 -1 -1 -1 -1000 -1000 -1000 -10
69 3178 DontCare 0 0 -1 196.01260030412863 71.01585948337575 217.99655410986293 122.97794218632197 -1 -1 -1 -1000 -1000 -1000 -10
70 3181 DontCare 0 0 -1 220.00002960487765 86.00000065606531 248.99997825951183 130.99999934393384 -1 -1 -1 -1000 -1000 -1000 -10
70 3179 DontCare 0 0 -1 1.0129936937119481 219.0052641055667 88.98700630628831 284.98578797307624 -1 -1 -1 -1000 -1000 -1000 -10
70 3178 DontCare 0 0 -1 196.01240809368383 71.0156143244393 217.99660964471568 122.97827988646227 -1 -1 -1 -1000 -1000 -1000 -10
71 3181 DontCare 0 0 -1 220.0000225790052 86.00000042862476 248.99998516961233 130.99999957137643 -1 -1 -1 -1000 -1000 -1000 -10
71 3179 DontCare 0 0 -1 1.012796131671486 219.00518374221343 88.98720386832869 284.98600006039885 -1 -1 -1 -1000 -1000 -1000 -10
71 3178 DontCare 0 0 -1 196.01222159540555 71.01537633385044 217.9966633912299 122.97860776147908 -1 -1 -1 -1000 -1000 -1000 -10
72 3181 DontCare 0 0 -1 220.000017439301 86.00000026586375 248.9999901968197 130.99999973413523 -1 -1 -1 -1000 -1000 -1000 -10
72 3179 DontCare 0 0 -1 1.012604468754681 219.00510541400513 88.98739553124472 284.98620638571896 -1 -1 -1 -1000 -1000 -1000 -10
72 3178 DontCare 0 0 -1 196.01204056137098 71.01514528013523 217.9967154294459 122.97892615652601 -1 -1 -1 -1000 -1000 -1000 -10
73 3181 DontCare 0 0 -1 220.00001367606689 86.00000014952029 248.9999938506918 130.99999985048058 -1 -1 -1 -1000 -1000 -1000 -10
73 3179 DontCare 0 0 -1 1.012418448858206 219.00502914950545 88.9875815511414 284.9864070776796 -1 -1 -1 -1000 -1000 -1000 -10
73 3178 DontCare 0 0 -1 196.01186475688252 71.01492092190469 217.99676583561484 122.97923542026714 -1 -1 -1 -1000 -1000 -1000 -10
74 3181 DontCare 0 0 -1 220.00001091743707 86.00000006648807 248.99999650296547 130.99999993351167 -1 -1 -1 -1000 -1000 -1000 -10
74 3179 DontCare 0 0 -1 1.0122378294389591 219.0049549447245 88.98776217056104 284.9866022887739 -1 -1 -1 -1000 -1000 -1000 -10
74 3178 DontCare 0 0 -1 196.01169395982885 71.01470301457945 217.99681468219563 122.97953589861223 -1 -1 -1 -1000 -1000 -1000 -10
75 3181 DontCare 0 0 -1 220.0000088921009 86.00000000736732 248.9999984248374 130.99999999263304 -1 -1 -1 -1000 -1000 -1000 -10
75 3179 DontCare 0 0 -1 1.012062380893596 219.00488277329802 88.9879376191064 284.9867921857224 -1 -1 -1 -1000 -1000 -1000 -10
75 3178 DontCare 0 0 -1 196.01152796001534 71.01449131500725 217.9968620379215 122.97982793049782 -1 -1 -1 -1000 -1000 -1000 -10
76 3181 DontCare 0 0 -1 220.00000740209367 85.99999996540981 248.99999981414038 131.00000003459164 -1 -1 -1 -1000 -1000 -1000 -10
76 3179 DontCare 0 0 -1 1.011891885899658 219.00481259385356 88.98810811410034 284.9869769426952 -1 -1 -1 -1000 -1000 -1000 -10
76 3178 DontCare 0 0 -1 196.01136655849214 71.01428558458332 217.99690796791137 122.98011184514041 -1 -1 -1 -1000 -1000 -1000 -10
77 3196 car 0 0 -1 734.9007919618151 184.0429888793968 763.0510089420928 198.95701112060365 -1 -1 -1 -1000 -1000 -1000 -10
77 3181 DontCare 0 0 -1 220.00000630298132 85.9999999357698 249.00000081520744 131.0000000642302 -1 -1 -1 -1000 -1000 -1000 -10
77 3179 DontCare 0 0 -1 1.0117261387426453 219.00474435526746 88.98827386125718 284.98715673653396 -1 -1 -1 -1000 -1000 -1000 -10
77 3178 DontCare 0 0 -1 196.0112095669057 71.01408559129163 217.99695253382393 122.98038796034152 -1 -1 -1 -1000 -1000 -1000 -10
