0 3659 DontCare 0 0 -1 796.0 38.0 824.0 98.0 -1 -1 -1 -1000 -1000 -1000 -10
0 3658 car 0 0 -1 478.0 165.0 518.0 190.0 -1 -1 -1 -1000 -1000 -1000 -10
0 3657 DontCare 0 0 -1 956.0 156.0 980.0 216.0 -1 -1 -1 -1000 -1000 -1000 -10
0 3656 car 0 0 -1 1055.0 156.0 1221.0 210.0 -1 -1 -1 -1000 -1000 -1000 -10
0 3655 DontCare 0 0 -1 933.0 157.0 953.0 220.0 -1 -1 -1 -1000 -1000 -1000 -10
1 3658 car 0 0 -1 478.18279317884117 164.97247299022663 518.7719806905064 190.02752700977325 -1 -1 -1 -1000 -1000 -1000 -10
1 3657 DontCare 0 0 -1 955.2459428589581 156.6698337587173 979.7992832716949 216.28494011062946 -1 -1 -1 -1000 -1000 -1000 -10
1 3656 car 0 0 -1 1055.815409750769 155.22915540729906 1222.0941379879237 209.81607072335413 -1 -1 -1 -1000 -1000 -1000 -10
1 3655 DontCare 0 0 -1 933.3658645770731 155.7784982538322 954.5436831616205 219.31195400747418 -1 -1 -1 -1000 -1000 -1000 -10
2 3658 car 0 0 -1 478.15197549206283 165.08205829120044 519.7908211850973 190.81253928986746 -1 -1 -1 -1000 -1000 -1000 -10
2 3657 DontCare 0 0 -1 955.796765899595 156.94437583825632 980.0496325853773 216.10382325783846 -1 -1 -1 -1000 -1000 -1000 -10
2 3656 car 0 0 -1 1056.4382598910024 152.25311875175524 1224.3419310443928 209.1202918278777 -1 -1 -1 -1000 -1000 -1000 -10
2 3655 DontCare 0 0 -1 933.8867792554281 154.99076573316762 955.104216517829 219.0182384935756 -1 -1 -1 -1000 -1000 -1000 -10
3 3659 DontCare 0 0 -1 797.3659073850157 35.508127015290555 826.879356925146 93.51145549977188 -1 -1 -1 -1000 -1000 -1000 -10
3 3658 car 0 0 -1 479.12474083026984 164.964620327464 525.645076798855 192.7845895650825 -1 -1 -1 -1000 -1000 -1000 -10
3 3657 DontCare 0 0 -1 954.5935141574141 156.17481641868693 979.7938325750429 216.86955758841935 -1 -1 -1 -1000 -1000 -1000 -10
3 3656 car 0 0 -1 1057.0513821325128 152.45394767666036 1223.4793895416253 208.9691893402531 -1 -1 -1 -1000 -1000 -1000 -10
3 3655 DontCare 0 0 -1 934.7253622180596 156.20033081019486 955.2832234004535 218.44982814778027 -1 -1 -1 -1000 -1000 -1000 -10
4 3658 car 0 0 -1 479.6302229035876 165.17540565177052 526.9352927906035 192.27288243843327 -1 -1 -1 -1000 -1000 -1000 -10
4 3657 DontCare 0 0 -1 953.5128382608972 155.8257412542326 979.6939410093574 217.9814065443737 -1 -1 -1 -1000 -1000 -1000 -10
4 3656 car 0 0 -1 1058.0281578950135 153.41978526662322 1223.1139598976733 209.67267543311974 -1 -1 -1 -1000 -1000 -1000 -10
4 3655 DontCare 0 0 -1 935.713711030225 155.72778911584567 956.0695515385377 218.3646670994264 -1 -1 -1 -1000 -1000 -1000 -10
5 3658 car 0 0 -1 484.174423968207 165.30798592720885 530.1298159062379 191.2623866283006 -1 -1 -1 -1000 -1000 -1000 -10
5 3657 DontCare 0 0 -1 953.6789368945164 157.07726063267907 979.9188023738371 219.16261155065772 -1 -1 -1 -1000 -1000 -1000 -10
5 3656 car 0 0 -1 1059.6550329312374 154.40938540920675 1222.363564757143 209.9900415697696 -1 -1 -1 -1000 -1000 -1000 -10
5 3655 DontCare 0 0 -1 936.1083873766943 157.78046944607584 956.1774376167023 219.08731419696053 -1 -1 -1 -1000 -1000 -1000 -10
6 3659 DontCare 0 0 -1 797.5924101515677 36.21894033332833 830.4230020007062 107.91161999740405 -1 -1 -1 -1000 -1000 -1000 -10
6 3658 car 0 0 -1 481.44073467704305 165.9630445934185 527.5107143783091 192.41307695922217 -1 -1 -1 -1000 -1000 -1000 -10
6 3657 DontCare 0 0 -1 953.6678143801596 159.1225308402339 979.3813308208842 219.33179284300112 -1 -1 -1 -1000 -1000 -1000 -10
6 3656 car 0 0 -1 1061.6862682798512 155.00718963501924 1219.1666899771342 209.84233373652796 -1 -1 -1 -1000 -1000 -1000 -10
6 3655 DontCare 0 0 -1 936.1668094664167 157.15613696501248 956.2318505074056 219.23237414267714 -1 -1 -1 -1000 -1000 -1000 -10
7 3658 car 0 0 -1 481.6001766079145 165.74580790726307 528.0803692391328 191.86335355044932 -1 -1 -1 -1000 -1000 -1000 -10
7 3657 DontCare 0 0 -1 954.069743454506 159.92587456986962 978.805719443233 219.26409584880946 -1 -1 -1 -1000 -1000 -1000 -10
7 3656 car 0 0 -1 1061.6073760510287 156.3600130527906 1207.7249381065515 210.02761054475528 -1 -1 -1 -1000 -1000 -1000 -10
7 3655 DontCare 0 0 -1 936.7603598375922 159.7436528375988 956.3256637533702 220.61265099057448 -1 -1 -1 -1000 -1000 -1000 -10
8 3658 car 0 0 -1 480.892467487817 167.37905185427394 528.2815633084708 194.01496055796042 -1 -1 -1 -1000 -1000 -1000 -10
8 3657 DontCare 0 0 -1 954.0536609522262 162.34378840001818 977.4161848029339 220.46707487504807 -1 -1 -1 -1000 -1000 -1000 -10
8 3656 car 0 0 -1 1065.7795953799869 157.6352393479644 1204.1721224382727 210.65790586490255 -1 -1 -1 -1000 -1000 -1000 -10
8 3655 DontCare 0 0 -1 937.5284937959253 161.67108726827541 957.8110895248689 222.13703692008704 -1 -1 -1 -1000 -1000 -1000 -10
9 3658 car 0 0 -1 480.65637456247333 167.88572740271138 528.9331144292237 194.8737750064227 -1 -1 -1 -1000 -1000 -1000 -10
9 3656 car 0 0 -1 1071.8241183058929 157.70039015853473 1205.1290488620414 210.60065070816813 -1 -1 -1 -1000 -1000 -1000 -10
9 3655 DontCare 0 0 -1 937.8145578806283 161.9140252027815 957.6435942926727 222.4467390106563 -1 -1 -1 -1000 -1000 -1000 -10
10 3661 DontCare 0 0 -1 940.9008088049463 160.21164849608084 973.5690394492331 221.61231022400443 -1 -1 -1 -1000 -1000 -1000 -10
10 3658 car 0 0 -1 481.01751024727963 167.70872201097785 529.3357931077752 194.19414085118757 -1 -1 -1 -1000 -1000 -1000 -10
10 3656 car 0 0 -1 1076.705024429325 158.26448737628036 1208.8567776486188 211.3488812174712 -1 -1 -1 -1000 -1000 -1000 -10
11 3661 DontCare 0 0 -1 941.4002888378933 162.19052208160852 973.6404184860052 222.40119632393927 -1 -1 -1 -1000 -1000 -1000 -10
11 3660 DontCare 0 0 -1 802.2171157431166 28.33754954921428 848.5259889523519 106.698332692773 -1 -1 -1 -1000 -1000 -1000 -10
11 3658 car 0 0 -1 482.1394432647661 166.90939999649805 529.7716481994261 192.666173899157 -1 -1 -1 -1000 -1000 -1000 -10
11 3656 car 0 0 -1 1083.0994080053445 157.62478663037456 1214.9047211922077 211.79874093649516 -1 -1 -1 -1000 -1000 -1000 -10
12 3661 DontCare 0 0 -1 941.7018359374606 159.99449858056715 974.390207932365 221.72966001672143 -1 -1 -1 -1000 -1000 -1000 -10
12 3660 DontCare 0 0 -1 812.0891210523688 25.246666178522517 856.6950313737765 105.31020118314414 -1 -1 -1 -1000 -1000 -1000 -10
12 3658 car 0 0 -1 483.6103327479535 166.86442201124814 531.4653205081004 192.47699922251914 -1 -1 -1 -1000 -1000 -1000 -10
12 3656 car 0 0 -1 1090.8114210253327 157.23520656397687 1220.9957024628573 212.09903929544544 -1 -1 -1 -1000 -1000 -1000 -10
13 3661 DontCare 0 0 -1 943.5909045749215 159.90583548274378 975.7677115277243 222.19302868129387 -1 -1 -1 -1000 -1000 -1000 -10
13 3658 car 0 0 -1 485.640319059356 167.84465800968832 533.8454295759478 192.70256768195355 -1 -1 -1 -1000 -1000 -1000 -10
13 3656 car 0 0 -1 1098.005095089588 157.02999915279185 1224.7928243680876 212.25586297842335 -1 -1 -1 -1000 -1000 -1000 -10
14 3661 DontCare 0 0 -1 945.0235113941516 159.9276615889379 976.8939392003555 222.96995795510924 -1 -1 -1 -1000 -1000 -1000 -10
14 3658 car 0 0 -1 487.0844010327063 167.99764413042243 535.9680746253274 192.9938019663648 -1 -1 -1 -1000 -1000 -1000 -10
14 3656 car 0 0 -1 1106.9085179730705 157.37859629370803 1227.737390141176 213.17582462041878 -1 -1 -1 -1000 -1000 -1000 -10
15 3661 DontCare 0 0 -1 948.7363473915212 156.8043399549581 981.5977580603875 222.26149033898076 -1 -1 -1 -1000 -1000 -1000 -10
15 3660 DontCare 0 0 -1 830.9822591429709 11.550909975817639 881.2039193855001 103.21575766641072 -1 -1 -1 -1000 -1000 -1000 -10
15 3658 car 0 0 -1 488.2695173945237 168.12216223516515 537.3779300802958 194.32079430043905 -1 -1 -1 -1000 -1000 -1000 -10
15 3656 car 0 0 -1 1118.0291787874842 157.58355831088892 1230.0516077459786 212.79106126418537 -1 -1 -1 -1000 -1000 -1000 -10
16 3663 DontCare 0 0 -1 858.6101737899255 3.9697938134378745 894.9777515926207 101.32522702749228 -1 -1 -1 -1000 -1000 -1000 -10
16 3661 DontCare 0 0 -1 952.5129204607119 156.40202202212797 985.5729531326563 222.59586709372408 -1 -1 -1 -1000 -1000 -1000 -10
16 3658 car 0 0 -1 491.6739050885706 168.38791878211998 541.3604602604667 195.23844668212303 -1 -1 -1 -1000 -1000 -1000 -10
16 3656 car 0 0 -1 1130.228126209652 157.66404495007922 1231.8568698620272 212.63117758633254 -1 -1 -1 -1000 -1000 -1000 -10
17 3663 DontCare 0 0 -1 869.3874686573394 0.3205265743826473 907.7006503908555 98.84982975005641 -1 -1 -1 -1000 -1000 -1000 -10
17 3661 DontCare 0 0 -1 956.3886154341778 156.38540979555154 987.8200072017482 221.25716580557815 -1 -1 -1 -1000 -1000 -1000 -10
17 3658 car 0 0 -1 494.2420989955173 167.4318254392793 544.7593171750161 195.34449699282908 -1 -1 -1 -1000 -1000 -1000 -10
17 3656 car 0 0 -1 1145.5425472306965 157.74910283597114 1233.9525140051737 211.86293354052862 -1 -1 -1 -1000 -1000 -1000 -10
18 3663 DontCare 0 0 -1 880.6912191485318 -1.825905158892752 921.2345603633922 97.25150413498655 -1 -1 -1 -1000 -1000 -1000 -10
18 3660 DontCare 0 0 -1 855.6222482677159 0.0033152119120387624 918.0298881099528 98.35903681491205 -1 -1 -1 -1000 -1000 -1000 -10
18 3658 car 0 0 -1 497.6883289768347 167.3526573743875 548.6582623304581 195.73241589063622 -1 -1 -1 -1000 -1000 -1000 -10
19 3658 car 0 0 -1 501.171432380522 166.5867071712615 553.0317491120536 195.32566198058825 -1 -1 -1 -1000 -1000 -1000 -10
20 3661 DontCare 0 0 -1 967.8186527669965 156.02712762086506 998.1402671486147 219.39601204508486 -1 -1 -1 -1000 -1000 -1000 -10
20 3658 car 0 0 -1 503.79562564470893 166.06468811294633 556.5302735211508 194.75536959271193 -1 -1 -1 -1000 -1000 -1000 -10
21 3663 DontCare 0 0 -1 922.2742559536553 -4.2557119532234395 976.6640631301589 93.01979875828557 -1 -1 -1 -1000 -1000 -1000 -10
21 3661 DontCare 0 0 -1 974.3274853066805 156.64071416001917 1004.1698019077162 219.68723104134455 -1 -1 -1 -1000 -1000 -1000 -10
21 3658 car 0 0 -1 506.72116738760513 165.95957064517407 559.7014297051325 195.71563014040882 -1 -1 -1 -1000 -1000 -1000 -10
22 3667 DontCare 0 0 -1 959.428538559271 -0.6483499345622263 1003.4491134025185 86.666358388048 -1 -1 -1 -1000 -1000 -1000 -10
22 3665 DontCare 0 0 -1 1108.7394616726208 212.26366731921036 1199.5688041916367 274.83273087297806 -1 -1 -1 -1000 -1000 -1000 -10
22 3661 DontCare 0 0 -1 979.0527534535531 155.70134287238008 1009.2213661507292 219.02779041530235 -1 -1 -1 -1000 -1000 -1000 -10
22 3658 car 0 0 -1 509.3374865524216 165.5994598219423 560.6188745548756 195.75870402715103 -1 -1 -1 -1000 -1000 -1000 -10
23 3667 DontCare 0 0 -1 986.0511761428195 -1.2739795019562905 1033.161126411888 84.42743597667851 -1 -1 -1 -1000 -1000 -1000 -10
23 3665 DontCare 0 0 -1 1124.3022497403151 214.71962560489078 1221.9521601667395 283.1509621565154 -1 -1 -1 -1000 -1000 -1000 -10
23 3658 car 0 0 -1 513.1511406077116 165.38054187808893 563.1814737743043 195.85210419497167 -1 -1 -1 -1000 -1000 -1000 -10
23 3656 car 0 0 -1 1150.687644364935 164.9647511906998 1221.4417194583846 215.39562983025925 -1 -1 -1 -1000 -1000 -1000 -10
24 3668 DontCare 0 0 -1 1093.1410155587773 -0.5849852469431198 1165.9119563365766 52.81379853829294 -1 -1 -1 -1000 -1000 -1000 -10
24 3667 DontCare 0 0 -1 1011.1085221627545 -2.8772443528910046 1062.6067242561776 80.71432154999741 -1 -1 -1 -1000 -1000 -1000 -10
24 3665 DontCare 0 0 -1 1135.2028161189487 213.96723061520646 1229.8767841056483 283.6847514669069 -1 -1 -1 -1000 -1000 -1000 -10
24 3663 DontCare 0 0 -1 974.215896338771 -4.460452201620491 1053.5055022452811 84.81006908907281 -1 -1 -1 -1000 -1000 -1000 -10
24 3658 car 0 0 -1 517.7198991880608 165.36804364408056 568.6072602185517 196.44785904467165 -1 -1 -1 -1000 -1000 -1000 -10
24 3656 car 0 0 -1 1160.8745246748542 169.4304948513497 1225.5238055289394 217.369360804481 -1 -1 -1 -1000 -1000 -1000 -10
25 3668 DontCare 0 0 -1 1134.1061588429968 -1.5089149371798314 1196.2538155231462 44.67583476207202 -1 -1 -1 -1000 -1000 -1000 -10
25 3667 DontCare 0 0 -1 1039.2086222555333 -4.382716373327867 1096.3070016923382 77.01666608199498 -1 -1 -1 -1000 -1000 -1000 -10
25 3663 DontCare 0 0 -1 993.8152388006713 -5.215693242404257 1086.9162425709412 80.9048198425381 -1 -1 -1 -1000 -1000 -1000 -10
25 3658 car 0 0 -1 521.4984934450594 165.5946003832924 573.6530494618706 197.70841151932723 -1 -1 -1 -1000 -1000 -1000 -10
25 3656 car 0 0 -1 1171.626874324297 173.09321604110005 1228.3200826806794 218.0101006000304 -1 -1 -1 -1000 -1000 -1000 -10
26 3667 DontCare 0 0 -1 1076.8477979440024 -4.463962259560461 1137.44373064951 71.96493965518405 -1 -1 -1 -1000 -1000 -1000 -10
26 3663 DontCare 0 0 -1 1007.4393400352913 -5.508639769092802 1094.6638663616902 75.62320676751696 -1 -1 -1 -1000 -1000 -1000 -10
26 3661 DontCare 0 0 -1 1003.2825003788093 153.83475006075952 1033.3765654490537 219.07435500069596 -1 -1 -1 -1000 -1000 -1000 -10
26 3658 car 0 0 -1 524.3283237025083 164.8594902091429 577.9283436375957 197.73751762442555 -1 -1 -1 -1000 -1000 -1000 -10
26 3656 car 0 0 -1 1182.604439278605 174.28459113844474 1230.6617706020077 217.80419169439682 -1 -1 -1 -1000 -1000 -1000 -10
27 3667 DontCare 0 0 -1 1120.1951440775902 -4.536387496896378 1183.7855815299408 62.79267774068238 -1 -1 -1 -1000 -1000 -1000 -10
27 3663 DontCare 0 0 -1 1033.5019458448696 -4.003206285151698 1114.815026855627 71.4711621064811 -1 -1 -1 -1000 -1000 -1000 -10
27 3661 DontCare 0 0 -1 1007.1642312325978 153.95707599524889 1039.1866090922822 220.16114803198724 -1 -1 -1 -1000 -1000 -1000 -10
27 3658 car 0 0 -1 527.138824423147 163.3904891066679 580.9317008892564 197.03342638010488 -1 -1 -1 -1000 -1000 -1000 -10
28 3663 DontCare 0 0 -1 1064.5591405638913 -3.5906046627519643 1143.7946312131423 63.010881236827366 -1 -1 -1 -1000 -1000 -1000 -10
28 3661 DontCare 0 0 -1 1006.7199718994058 154.8272894765434 1043.170592102018 223.58120875360106 -1 -1 -1 -1000 -1000 -1000 -10
28 3658 car 0 0 -1 528.1444655229596 163.50943151056293 582.0829798210324 197.9814800959253 -1 -1 -1 -1000 -1000 -1000 -10
29 3663 DontCare 0 0 -1 1103.203652555692 -5.439295487398994 1183.245790901304 54.14607098779563 -1 -1 -1 -1000 -1000 -1000 -10
29 3661 DontCare 0 0 -1 1007.537206265158 154.1485432870885 1046.7691374007702 225.25343588090266 -1 -1 -1 -1000 -1000 -1000 -10
29 3658 car 0 0 -1 527.972554960561 164.0631680797718 581.1244207082518 199.09590457281803 -1 -1 -1 -1000 -1000 -1000 -10
30 3661 DontCare 0 0 -1 1009.7918281772835 155.9613239681899 1047.3557800744368 226.36438677658975 -1 -1 -1 -1000 -1000 -1000 -10
30 3658 car 0 0 -1 525.8471947212611 165.4203105628652 578.9767169194693 200.89796823746076 -1 -1 -1 -1000 -1000 -1000 -10
31 3661 DontCare 0 0 -1 1005.9343558078815 158.1957601468069 1043.9284223396078 231.5965675732208 -1 -1 -1 -1000 -1000 -1000 -10
31 3658 car 0 0 -1 522.4704726785586 166.21909356391802 575.6275194908484 202.56171425258646 -1 -1 -1 -1000 -1000 -1000 -10
32 3661 DontCare 0 0 -1 1000.2892834852737 160.64570600701407 1039.0893440572097 235.7927431152847 -1 -1 -1 -1000 -1000 -1000 -10
32 3658 car 0 0 -1 516.3132184379733 167.44528934536115 569.7170162672282 204.16162771090833 -1 -1 -1 -1000 -1000 -1000 -10
33 3661 DontCare 0 0 -1 992.7545841084748 160.63221312442383 1033.0403605985218 238.32809058403703 -1 -1 -1 -1000 -1000 -1000 -10
33 3658 car 0 0 -1 509.0939242391281 166.73221875108374 564.104645474106 204.05547829105393 -1 -1 -1 -1000 -1000 -1000 -10
34 3661 DontCare 0 0 -1 996.0278849456821 164.27389943374456 1032.126967194432 240.06993873434422 -1 -1 -1 -1000 -1000 -1000 -10
34 3658 car 0 0 -1 498.83202734998645 165.89236469244653 555.5849387384858 203.94731509871528 -1 -1 -1 -1000 -1000 -1000 -10
35 3661 DontCare 0 0 -1 996.9795412399396 169.30021300110934 1029.4836262305482 242.14482480225388 -1 -1 -1 -1000 -1000 -1000 -10
35 3658 car 0 0 -1 488.11772280858696 165.81068773357225 545.8927506227847 204.92166656541366 -1 -1 -1 -1000 -1000 -1000 -10
36 3678 DontCare 0 0 -1 947.164230540688 154.8616674905431 987.8622524791443 226.3491385184585 -1 -1 -1 -1000 -1000 -1000 -10
36 3677 DontCare 0 0 -1 962.957103703489 156.96427751490938 993.1329373927998 224.4303206517274 -1 -1 -1 -1000 -1000 -1000 -10
36 3661 DontCare 0 0 -1 993.9923959879053 172.8681822876001 1023.5513313698879 244.42941042856577 -1 -1 -1 -1000 -1000 -1000 -10
36 3658 car 0 0 -1 474.6757977210177 167.23619501246608 532.6589372950702 207.60754643327894 -1 -1 -1 -1000 -1000 -1000 -10
37 3678 DontCare 0 0 -1 936.1399258749539 155.54299838227308 977.0757084871796 226.10544416455411 -1 -1 -1 -1000 -1000 -1000 -10
37 3677 DontCare 0 0 -1 950.9327675076041 159.2546016385715 980.0526742281226 226.06803941993536 -1 -1 -1 -1000 -1000 -1000 -10
37 3661 DontCare 0 0 -1 988.7454758040013 174.74450448157552 1015.8736961785365 244.76682710483112 -1 -1 -1 -1000 -1000 -1000 -10
37 3658 car 0 0 -1 460.83881565270246 167.65841809704347 521.2195954168951 209.37719331320483 -1 -1 -1 -1000 -1000 -1000 -10
38 3678 DontCare 0 0 -1 920.8378595912317 154.0389211424872 962.654897943957 223.91639122452568 -1 -1 -1 -1000 -1000 -1000 -10
38 3658 car 0 0 -1 447.0608023787077 165.36621864824602 508.3833381252501 204.95566621781867 -1 -1 -1 -1000 -1000 -1000 -10
39 3680 car 0 0 -1 1170.4198717931395 166.89439445325158 1219.5345762416105 224.01503244778408 -1 -1 -1 -1000 -1000 -1000 -10
39 3678 DontCare 0 0 -1 905.212405607983 154.20717564962018 946.5311991367938 221.89641034302798 -1 -1 -1 -1000 -1000 -1000 -10
40 3681 car 0 0 -1 396.8659255636313 162.78270915190913 464.5096001441764 213.02449446371307 -1 -1 -1 -1000 -1000 -1000 -10
40 3680 car 0 0 -1 1155.124890941078 159.60081140565694 1218.6713106137602 226.87329654772122 -1 -1 -1 -1000 -1000 -1000 -10
40 3679 DontCare 0 0 -1 887.2970594590181 156.23036926754162 918.9270927358052 219.59686388023187 -1 -1 -1 -1000 -1000 -1000 -10
40 3678 DontCare 0 0 -1 890.0161733246051 155.4406250235964 928.0621937947532 220.82155620209426 -1 -1 -1 -1000 -1000 -1000 -10
41 3685 DontCare 0 0 -1 944.520784457802 176.15885458472312 968.1020949975153 244.46773483564343 -1 -1 -1 -1000 -1000 -1000 -10
41 3681 car 0 0 -1 373.44754089572217 162.74711736637022 444.7638382369759 215.5635034699352 -1 -1 -1 -1000 -1000 -1000 -10
41 3680 car 0 0 -1 1140.1180002648364 157.01029128745648 1217.4858172658098 230.1021496187343 -1 -1 -1 -1000 -1000 -1000 -10
41 3679 DontCare 0 0 -1 868.2924471126096 157.22061600797784 899.6683921394056 221.22982753858903 -1 -1 -1 -1000 -1000 -1000 -10
41 3678 DontCare 0 0 -1 874.106450004451 156.8109460078412 909.0762487121252 220.9580965494789 -1 -1 -1 -1000 -1000 -1000 -10
42 3681 car 0 0 -1 346.94299448520616 165.33895090533548 419.30079307217187 219.85580398978453 -1 -1 -1 -1000 -1000 -1000 -10
42 3680 car 0 0 -1 1122.8758651964304 156.63821010165623 1215.654231023676 233.11485432852805 -1 -1 -1 -1000 -1000 -1000 -10
42 3679 DontCare 0 0 -1 853.2360687270585 157.75722259336376 884.1066633647209 222.34614904731885 -1 -1 -1 -1000 -1000 -1000 -10
42 3678 DontCare 0 0 -1 847.9188216260512 157.64195635550735 883.6900995298835 222.75674127610452 -1 -1 -1 -1000 -1000 -1000 -10
43 3681 car 0 0 -1 316.7543548678309 167.44940724940315 391.0211596091906 224.97124408032502 -1 -1 -1 -1000 -1000 -1000 -10
43 3680 car 0 0 -1 1101.8440407064995 155.82842114850195 1213.2311534196574 234.95450580294852 -1 -1 -1 -1000 -1000 -1000 -10
43 3679 DontCare 0 0 -1 825.0466257379471 157.87818916257976 857.226685345627 224.90257216031904 -1 -1 -1 -1000 -1000 -1000 -10
43 3678 DontCare 0 0 -1 827.0994144188086 158.08993476471375 863.2557075541532 225.3100451780512 -1 -1 -1 -1000 -1000 -1000 -10
44 3681 car 0 0 -1 285.22922021210513 167.87402031734172 363.73686160332 228.95969690687002 -1 -1 -1 -1000 -1000 -1000 -10
44 3680 car 0 0 -1 1078.043498671305 156.38511496027726 1210.81641934218 237.60507831047298 -1 -1 -1 -1000 -1000 -1000 -10
44 3679 DontCare 0 0 -1 805.4616837714012 160.66508010335315 835.8691726166713 227.16331698837826 -1 -1 -1 -1000 -1000 -1000 -10
44 3678 DontCare 0 0 -1 798.67685836233 158.83886194981224 836.3256532539237 227.6713828465117 -1 -1 -1 -1000 -1000 -1000 -10
45 3681 car 0 0 -1 246.7332383879509 168.36619038732007 331.7201535809187 234.68812626280695 -1 -1 -1 -1000 -1000 -1000 -10
45 3680 car 0 0 -1 1050.6621863563971 158.59531815715604 1204.3090720274265 239.99635425662655 -1 -1 -1 -1000 -1000 -1000 -10
45 3679 DontCare 0 0 -1 771.1243189473745 160.13051768020978 804.8421076725177 228.84810351106262 -1 -1 -1 -1000 -1000 -1000 -10
45 3678 DontCare 0 0 -1 774.410104207797 161.02240226723674 808.7499745932024 228.6177563574071 -1 -1 -1 -1000 -1000 -1000 -10
46 3681 car 0 0 -1 202.35557128278685 170.33959694722725 294.2266515028094 241.58907943018372 -1 -1 -1 -1000 -1000 -1000 -10
46 3679 DontCare 0 0 -1 742.7503371091143 160.34958989830227 775.1142921138542 229.68074694985467 -1 -1 -1 -1000 -1000 -1000 -10
47 3691 car 0 0 -1 968.5607874852589 167.09957490217562 1139.6542499512288 236.63241693712297 -1 -1 -1 -1000 -1000 -1000 -10
47 3681 car 0 0 -1 153.4010633754204 172.64963930883508 253.46379356398387 249.7402401295237 -1 -1 -1 -1000 -1000 -1000 -10
47 3679 DontCare 0 0 -1 714.3332748362569 166.35776924001337 743.6219470443033 233.27280337568507 -1 -1 -1 -1000 -1000 -1000 -10
48 3691 car 0 0 -1 929.9996355869441 167.45654001675967 1097.2015258116155 236.02985765027188 -1 -1 -1 -1000 -1000 -1000 -10
48 3681 car 0 0 -1 96.82517633203324 174.93628439603083 206.40693005907744 257.1220179811581 -1 -1 -1 -1000 -1000 -1000 -10
48 3680 DontCare 0 0 -1 938.1098853723929 162.2527778333644 1107.170459824639 240.95417202525886 -1 -1 -1 -1000 -1000 -1000 -10
49 3691 car 0 0 -1 890.3486593606084 166.1773569668922 1053.4795880417555 234.06817763157198 -1 -1 -1 -1000 -1000 -1000 -10
49 3681 car 0 0 -1 32.057731528334806 175.67737736229464 154.76185208992104 265.0686382876543 -1 -1 -1 -1000 -1000 -1000 -10
49 3680 DontCare 0 0 -1 896.0896604955668 161.75533266888465 1066.1777510972306 238.9001276888913 -1 -1 -1 -1000 -1000 -1000 -10
50 3691 DontCare 0 0 -1 853.1052720147321 164.67727955330923 1011.4845756443186 232.32712085124342 -1 -1 -1 -1000 -1000 -1000 -10
50 3681 car 0 0 -1 -8.292700973726646 177.2868916813239 108.33563826495921 271.11084583431057 -1 -1 -1 -1000 -1000 -1000 -10
50 3680 car 0 0 -1 858.698522213466 160.52960278199305 1025.9664548832616 236.5519648774865 -1 -1 -1 -1000 -1000 -1000 -10
51 3691 DontCare 0 0 -1 816.535117943888 162.6919489600226 969.5092539960131 229.70687622842237 -1 -1 -1 -1000 -1000 -1000 -10
51 3680 car 0 0 -1 820.1152156668405 158.5036491006032 983.8121117631564 233.97931219329732 -1 -1 -1 -1000 -1000 -1000 -10
52 3691 car 0 0 -1 778.7086468369125 160.49599694876633 929.7562805303269 228.26961828644357 -1 -1 -1 -1000 -1000 -1000 -10
52 3680 DontCare 0 0 -1 782.4639705136268 157.214483228637 942.9059154525131 232.24131857724217 -1 -1 -1 -1000 -1000 -1000 -10
53 3691 car 0 0 -1 741.3116492309844 158.57683203813568 890.6082559259248 226.23957850296264 -1 -1 -1 -1000 -1000 -1000 -10
53 3680 DontCare 0 0 -1 746.1734329353262 156.01369596910803 904.1467878383089 230.37189795075773 -1 -1 -1 -1000 -1000 -1000 -10
54 3691 DontCare 0 0 -1 701.9676949403258 157.5489613179113 851.092372130983 225.90858413037338 -1 -1 -1 -1000 -1000 -1000 -10
54 3680 car 0 0 -1 705.4868468174227 154.9199304856161 863.4666598021083 229.6732405504192 -1 -1 -1 -1000 -1000 -1000 -10
55 3691 car 0 0 -1 664.9697102302206 157.9791818034288 813.0555651207113 227.0561428741123 -1 -1 -1 -1000 -1000 -1000 -10
55 3680 DontCare 0 0 -1 668.9242511751337 155.78466816178369 824.6928194968876 230.71173073825625 -1 -1 -1 -1000 -1000 -1000 -10
56 3691 car 0 0 -1 630.951663104024 158.92406805843757 777.4023216633243 228.7496021519882 -1 -1 -1 -1000 -1000 -1000 -10
57 3691 DontCare 0 0 -1 593.6532200553673 160.79682469409096 739.7731914004286 231.85151062708212 -1 -1 -1 -1000 -1000 -1000 -10
58 3691 DontCare 0 0 -1 554.2998256471293 163.02698966488865 701.5717186850942 234.78656176424644 -1 -1 -1 -1000 -1000 -1000 -10
59 3691 DontCare 0 0 -1 511.5551298594799 164.40508824890236 661.2336639746152 237.96961363197812 -1 -1 -1 -1000 -1000 -1000 -10
60 3691 car 0 0 -1 468.07926710040175 165.1123784542813 620.8642306753859 240.9301196657229 -1 -1 -1 -1000 -1000 -1000 -10
61 3691 car 0 0 -1 420.27889484136995 164.76289040708048 578.7491133127158 243.30778053984295 -1 -1 -1 -1000 -1000 -1000 -10
62 3740 car 0 0 -1 1092.1217829449586 181.7484658915547 1206.8257771623623 287.4019576610907 -1 -1 -1 -1000 -1000 -1000 -10
62 3691 car 0 0 -1 369.7827522001028 163.36784498349854 534.4976700534284 244.81910606386182 -1 -1 -1 -1000 -1000 -1000 -10
62 3680 DontCare 0 0 -1 370.39462379381007 160.87814077032422 542.3270483765025 246.46112076186674 -1 -1 -1 -1000 -1000 -1000 -10
63 3748 car 0 0 -1 995.1261241605803 178.7908232669048 1060.2086130121293 227.4109785153537 -1 -1 -1 -1000 -1000 -1000 -10
63 3740 car 0 0 -1 1042.4916002407585 183.1624521062351 1173.220261291704 287.33913279109163 -1 -1 -1 -1000 -1000 -1000 -10
63 3691 car 0 0 -1 317.98842844099613 163.1477030561461 490.3996900301951 248.28291791257715 -1 -1 -1 -1000 -1000 -1000 -10
63 3680 DontCare 0 0 -1 319.1124513560238 161.3335060042507 497.7378780388972 249.77614356815354 -1 -1 -1 -1000 -1000 -1000 -10
64 3748 car 0 0 -1 944.9130454332676 177.8988920661934 1007.4814272993556 224.7819023696759 -1 -1 -1 -1000 -1000 -1000 -10
64 3740 car 0 0 -1 1002.6284451947105 186.34802766417062 1139.9042810851627 288.6171949621283 -1 -1 -1 -1000 -1000 -1000 -10
64 3691 DontCare 0 0 -1 259.8158628150127 162.4285287767879 442.679360765374 252.78456520514317 -1 -1 -1 -1000 -1000 -1000 -10
65 3748 car 0 0 -1 899.1951410325725 179.99914513488054 958.8146187232256 224.83586193784194 -1 -1 -1 -1000 -1000 -1000 -10
65 3746 car 0 0 -1 946.7094484782888 190.2180276431419 1042.867188874202 257.4903202082518 -1 -1 -1 -1000 -1000 -1000 -10
65 3740 car 0 0 -1 962.4092293752507 189.29411001878054 1107.3077257792527 290.817871176417 -1 -1 -1 -1000 -1000 -1000 -10
65 3691 car 0 0 -1 196.31678322415763 162.30359950764935 392.7098416384866 257.528901419043 -1 -1 -1 -1000 -1000 -1000 -10
66 3748 car 0 0 -1 862.0944574146997 179.5106535136631 919.4319847726483 223.8600988104434 -1 -1 -1 -1000 -1000 -1000 -10
66 3746 car 0 0 -1 913.0684457174602 195.95089783170894 1004.3602511598185 269.8395995041385 -1 -1 -1 -1000 -1000 -1000 -10
66 3740 car 0 0 -1 928.804700511315 189.4092789486895 1078.2868652923078 290.292002114822 -1 -1 -1 -1000 -1000 -1000 -10
66 3691 car 0 0 -1 123.18042430165441 161.17600246005003 338.0764296440826 262.3103242715297 -1 -1 -1 -1000 -1000 -1000 -10
66 3680 DontCare 0 0 -1 126.5404149597448 159.81377817566351 345.2470911005723 263.0038643500766 -1 -1 -1 -1000 -1000 -1000 -10
67 3748 car 0 0 -1 828.867692589804 178.0926459881973 883.6554639591126 221.9723249443259 -1 -1 -1 -1000 -1000 -1000 -10
67 3740 car 0 0 -1 898.347346788763 188.44651957719418 1053.6649176020676 289.6739685695993 -1 -1 -1 -1000 -1000 -1000 -10
67 3691 car 0 0 -1 44.829464586508934 160.33488047300028 282.663285441554 268.3449476205891 -1 -1 -1 -1000 -1000 -1000 -10
68 3761 car 0 0 -1 856.8926549198156 176.94227762811298 939.5035287145936 238.44914257614366 -1 -1 -1 -1000 -1000 -1000 -10
68 3748 car 0 0 -1 803.362181484529 176.30754392712896 853.4653061267929 217.78808280150577 -1 -1 -1 -1000 -1000 -1000 -10
68 3740 car 0 0 -1 868.7917692109023 186.13897501457393 1025.22548333214 287.97689498459545 -1 -1 -1 -1000 -1000 -1000 -10
68 3691 car 0 0 -1 -2.2360212996579207 160.72552943042749 238.2931484433148 274.9990546007498 -1 -1 -1 -1000 -1000 -1000 -10
69 3761 car 0 0 -1 833.5522289895894 176.08254880711493 920.5581188790536 238.98216243995174 -1 -1 -1 -1000 -1000 -1000 -10
69 3758 car 0 0 -1 787.4214439870427 175.92153927027854 832.4328670490572 214.93339012951222 -1 -1 -1 -1000 -1000 -1000 -10
69 3748 car 0 0 -1 769.7209460028686 172.62312153446672 824.180830334988 212.57868664185938 -1 -1 -1 -1000 -1000 -1000 -10
69 3746 car 0 0 -1 855.6314952770247 185.5860747582136 1018.8553678202009 290.20190849464876 -1 -1 -1 -1000 -1000 -1000 -10
69 3691 car 0 0 -1 -28.643420351932846 156.6803324883278 197.6289281194467 274.07796529882137 -1 -1 -1 -1000 -1000 -1000 -10
70 3761 car 0 0 -1 815.1841706490783 176.61966927771024 906.3041281607672 243.96085651171822 -1 -1 -1 -1000 -1000 -1000 -10
70 3758 car 0 0 -1 772.2728959096017 176.03356397606964 819.8224835255609 217.2899543432965 -1 -1 -1 -1000 -1000 -1000 -10
70 3748 car 0 0 -1 743.6740006977126 170.43889852093025 801.980621562917 210.2545528911025 -1 -1 -1 -1000 -1000 -1000 -10
70 3746 car 0 0 -1 842.2665681040208 185.43741098402717 1029.1973807544348 296.7908892099283 -1 -1 -1 -1000 -1000 -1000 -10
70 3691 car 0 0 -1 -44.993485701723806 153.72279769853887 154.88062954527254 273.21921870026165 -1 -1 -1 -1000 -1000 -1000 -10
71 3765 car 0 0 -1 469.4038948541793 165.22125072648882 521.0796827456809 197.2607414055943 -1 -1 -1 -1000 -1000 -1000 -10
71 3761 car 0 0 -1 798.8054678513595 175.90826506520386 893.95354509667 245.7483264642907 -1 -1 -1 -1000 -1000 -1000 -10
71 3758 car 0 0 -1 755.5239122545765 174.62585469545135 806.1617697471402 219.85952262115788 -1 -1 -1 -1000 -1000 -1000 -10
71 3748 car 0 0 -1 717.8293582121556 167.97685934817608 764.763075178836 203.84255552228674 -1 -1 -1 -1000 -1000 -1000 -10
71 3746 car 0 0 -1 825.5414367791624 186.7156759175643 1016.1848020416231 301.5818194174577 -1 -1 -1 -1000 -1000 -1000 -10
71 3691 car 0 0 -1 -56.579495649087995 154.48292639779638 106.56530306391502 275.4258989790538 -1 -1 -1 -1000 -1000 -1000 -10
72 3765 car 0 0 -1 442.04159218052774 166.87952582116563 496.3842495736545 200.54044887007169 -1 -1 -1 -1000 -1000 -1000 -10
72 3761 car 0 0 -1 786.8167431889566 176.3092051853871 884.6072019251266 247.8279051425605 -1 -1 -1 -1000 -1000 -1000 -10
72 3758 car 0 0 -1 740.7963277866515 174.33929460704897 792.5006131801724 220.29002827625678 -1 -1 -1 -1000 -1000 -1000 -10
72 3746 car 0 0 -1 816.6359988218403 188.63460441440688 1013.2736656158113 307.58750310540324 -1 -1 -1 -1000 -1000 -1000 -10
73 3765 car 0 0 -1 416.2316879543138 170.60422434744743 473.7627936161828 206.5496929448479 -1 -1 -1 -1000 -1000 -1000 -10
73 3762 car 0 0 -1 709.1205236988335 173.18211625529764 771.4799753257671 211.15102196308433 -1 -1 -1 -1000 -1000 -1000 -10
73 3761 car 0 0 -1 776.2093606142172 178.51571439714 878.227515751808 254.77831162851604 -1 -1 -1 -1000 -1000 -1000 -10
73 3758 car 0 0 -1 726.7580655588748 175.3565941737665 779.1490429542076 222.61946557712315 -1 -1 -1 -1000 -1000 -1000 -10
73 3746 car 0 0 -1 812.2062083984993 191.43387800495992 1019.6332720609935 316.6865508402145 -1 -1 -1 -1000 -1000 -1000 -10
74 3765 car 0 0 -1 393.06484832687113 171.39937570430413 454.6891988241507 209.33869570479516 -1 -1 -1 -1000 -1000 -1000 -10
74 3764 car 0 0 -1 565.7603115620957 175.9735861491148 593.6798099926546 193.45494795006408 -1 -1 -1 -1000 -1000 -1000 -10
74 3762 car 0 0 -1 695.0680695657251 172.75487795822073 755.9016401844439 209.48260739461574 -1 -1 -1 -1000 -1000 -1000 -10
74 3761 car 0 0 -1 771.1870669365516 180.53085547422234 878.4777867496724 262.81522382195675 -1 -1 -1 -1000 -1000 -1000 -10
74 3758 car 0 0 -1 716.8822413542356 177.1809068516553 770.3320331561532 225.9547320950235 -1 -1 -1 -1000 -1000 -1000 -10
74 3746 car 0 0 -1 814.62850328622 193.95653067561605 1039.1153557105306 328.18482287265897 -1 -1 -1 -1000 -1000 -1000 -10
75 3768 car 0 0 -1 696.2206476656713 175.30865719714578 737.3090554942949 206.73307636533272 -1 -1 -1 -1000 -1000 -1000 -10
75 3765 car 0 0 -1 369.87765027839646 171.07868783180115 435.35910170400894 211.32486195347 -1 -1 -1 -1000 -1000 -1000 -10
75 3764 car 0 0 -1 554.2184187160778 174.7541840556068 582.7173553117641 192.54591692499366 -1 -1 -1 -1000 -1000 -1000 -10
75 3762 car 0 0 -1 694.6003739572418 173.36647657677256 755.8838346982366 209.3796457175694 -1 -1 -1 -1000 -1000 -1000 -10
75 3761 car 0 0 -1 768.0461946225505 180.56729494404917 880.3268360853699 266.35844221780565 -1 -1 -1 -1000 -1000 -1000 -10
75 3758 car 0 0 -1 709.018483048539 176.24534891622858 763.3192025161626 225.9506191975309 -1 -1 -1 -1000 -1000 -1000 -10
75 3746 car 0 0 -1 819.8818093090473 195.5628581065937 1065.639508021662 340.72375828730196 -1 -1 -1 -1000 -1000 -1000 -10
76 3768 car 0 0 -1 682.7627926833966 173.69007032901513 733.2052906556116 208.78095910682842 -1 -1 -1 -1000 -1000 -1000 -10
76 3765 DontCare 0 0 -1 346.51525851755514 171.3688235546035 416.0454845019526 213.48444393118095 -1 -1 -1 -1000 -1000 -1000 -10
76 3764 car 0 0 -1 540.4537725973531 175.1151483264476 569.7723076277199 193.4982043981485 -1 -1 -1 -1000 -1000 -1000 -10
76 3762 car 0 0 -1 677.578946689037 174.09031001594258 734.6073593051764 208.75681488120927 -1 -1 -1 -1000 -1000 -1000 -10
76 3761 car 0 0 -1 766.8917250587504 181.16833763022697 886.571788675134 272.2824550499787 -1 -1 -1 -1000 -1000 -1000 -10
76 3758 car 0 0 -1 702.6910199898184 176.54736033032285 758.1366257784218 227.1800320953487 -1 -1 -1 -1000 -1000 -1000 -10
76 3746 car 0 0 -1 828.9558130178195 199.1007682764536 1100.2557957116067 356.5376649812038 -1 -1 -1 -1000 -1000 -1000 -10
77 3768 car 0 0 -1 668.0658785533817 174.2607512898281 711.1743852950749 206.71982648783788 -1 -1 -1 -1000 -1000 -1000 -10
77 3765 car 0 0 -1 322.5420936547914 171.64632940255663 395.88609583590573 215.95708968972477 -1 -1 -1 -1000 -1000 -1000 -10
77 3764 car 0 0 -1 529.8776289769864 175.5545046066126 558.7768431465163 193.50572226240402 -1 -1 -1 -1000 -1000 -1000 -10
77 3762 car 0 0 -1 666.8658280653849 173.60939605783247 720.9677694045813 207.86851996739935 -1 -1 -1 -1000 -1000 -1000 -10
77 3761 car 0 0 -1 766.3213594918368 181.6138350579743 894.3947805952916 277.45157698702974 -1 -1 -1 -1000 -1000 -1000 -10
77 3758 car 0 0 -1 695.7276540191679 176.47072972738926 752.806046850442 227.7297625710636 -1 -1 -1 -1000 -1000 -1000 -10
77 3746 car 0 0 -1 844.8799755260326 200.01503744658964 1154.2396450289268 366.58377986329606 -1 -1 -1 -1000 -1000 -1000 -10
78 3768 car 0 0 -1 662.1618358994398 175.0625827913878 703.4773237126163 206.81756501788976 -1 -1 -1 -1000 -1000 -1000 -10
78 3765 DontCare 0 0 -1 298.7602331381098 172.80603685232154 377.0118591968528 220.35617677388012 -1 -1 -1 -1000 -1000 -1000 -10
78 3764 car 0 0 -1 517.4174231424046 176.0265230109204 547.5935383751029 194.5322436668214 -1 -1 -1 -1000 -1000 -1000 -10
78 3761 car 0 0 -1 768.6310592167417 182.25080019824748 903.9148945627285 282.07897667110285 -1 -1 -1 -1000 -1000 -1000 -10
78 3758 car 0 0 -1 689.1852103827257 176.69449988928002 747.3896858098815 228.91256114693854 -1 -1 -1 -1000 -1000 -1000 -10
78 3746 car 0 0 -1 852.4430318817092 199.75470041812542 1188.278131412287 370.7675220275084 -1 -1 -1 -1000 -1000 -1000 -10
79 3769 DontCare 0 0 -1 272.7245915627602 172.630464974365 359.48310575110713 223.81961434965643 -1 -1 -1 -1000 -1000 -1000 -10
79 3765 car 0 0 -1 273.0967925844874 173.2812844199705 357.2140396492424 223.130014589956 -1 -1 -1 -1000 -1000 -1000 -10
79 3764 car 0 0 -1 506.75700262811864 176.64347447221937 537.3396669821701 195.1132440311192 -1 -1 -1 -1000 -1000 -1000 -10
79 3761 car 0 0 -1 772.9895023665583 182.26315190262494 920.1291500163584 286.54084721424493 -1 -1 -1 -1000 -1000 -1000 -10
79 3758 car 0 0 -1 686.9143223505544 177.3077392182447 746.2934681555553 231.36762754078507 -1 -1 -1 -1000 -1000 -1000 -10
79 3746 car 0 0 -1 859.4211429921769 199.83444541022405 1208.8324465927308 371.96282018614215 -1 -1 -1 -1000 -1000 -1000 -10
80 3770 car 0 0 -1 750.8232503191409 200.02368071651392 788.2853312333086 232.07271747567466 -1 -1 -1 -1000 -1000 -1000 -10
80 3769 DontCare 0 0 -1 244.73245941787852 171.23671624828185 338.3427060844763 225.41083276563214 -1 -1 -1 -1000 -1000 -1000 -10
80 3765 car 0 0 -1 245.4254585542584 172.72395404881976 335.7492153122987 224.76649003227274 -1 -1 -1 -1000 -1000 -1000 -10
80 3764 car 0 0 -1 498.8265835052145 175.65968868528958 530.7395015696125 194.5177112823661 -1 -1 -1 -1000 -1000 -1000 -10
80 3762 car 0 0 -1 652.8428809214164 172.7945787761362 701.435461814813 207.41279815842776 -1 -1 -1 -1000 -1000 -1000 -10
80 3761 car 0 0 -1 778.3746840668975 182.32953780783544 938.448945011083 292.5988655527104 -1 -1 -1 -1000 -1000 -1000 -10
80 3758 car 0 0 -1 684.8567978153848 176.6914171413994 746.2038755816058 232.42300080803253 -1 -1 -1 -1000 -1000 -1000 -10
80 3746 car 0 0 -1 870.1676184129019 202.76727258300423 1222.1225062749922 373.80465111713863 -1 -1 -1 -1000 -1000 -1000 -10
81 3769 car 0 0 -1 216.17103913684684 170.00213603501953 317.4776619255823 227.32467191481385 -1 -1 -1 -1000 -1000 -1000 -10
81 3765 DontCare 0 0 -1 217.52260292163078 171.94240295125533 315.13809882640817 227.80271431346554 -1 -1 -1 -1000 -1000 -1000 -10
81 3764 car 0 0 -1 489.8833276863079 174.25568014755305 522.8881976583123 193.99082562893574 -1 -1 -1 -1000 -1000 -1000 -10
81 3762 car 0 0 -1 655.6314837341072 172.3793845541354 698.6711241980277 206.6593603719706 -1 -1 -1 -1000 -1000 -1000 -10
81 3761 car 0 0 -1 791.3381365516519 182.03050756482725 976.1244641051695 302.87278608506284 -1 -1 -1 -1000 -1000 -1000 -10
81 3758 car 0 0 -1 682.8687464899557 174.52187874793523 747.1017727008519 232.10608827120078 -1 -1 -1 -1000 -1000 -1000 -10
81 3746 car 0 0 -1 887.0781775850267 206.563094275337 1232.3336047332389 375.48189894834877 -1 -1 -1 -1000 -1000 -1000 -10
82 3769 car 0 0 -1 183.48755444039043 169.65183023899849 294.30770355581296 230.71117099191682 -1 -1 -1 -1000 -1000 -1000 -10
82 3768 car 0 0 -1 647.527885776751 173.1258986899108 682.2849683881077 203.23399837163817 -1 -1 -1 -1000 -1000 -1000 -10
82 3764 car 0 0 -1 482.06140827328204 172.8757061402976 517.0176594391085 193.32348745427828 -1 -1 -1 -1000 -1000 -1000 -10
82 3762 car 0 0 -1 658.1576196717328 172.9088772890712 697.1227317211869 206.97531825527335 -1 -1 -1 -1000 -1000 -1000 -10
82 3761 car 0 0 -1 801.1260075859445 183.10825927391448 1010.8210936771143 313.8504328924022 -1 -1 -1 -1000 -1000 -1000 -10
82 3758 car 0 0 -1 684.0754318320152 174.92704224020983 749.6786594074584 233.93640395922696 -1 -1 -1 -1000 -1000 -1000 -10
82 3746 car 0 0 -1 916.566418333611 212.9361842246331 1243.2034049008428 376.7684273294129 -1 -1 -1 -1000 -1000 -1000 -10
83 3769 car 0 0 -1 148.04102065576686 170.12778362620088 269.1607773639474 234.721655730456 -1 -1 -1 -1000 -1000 -1000 -10
83 3768 car 0 0 -1 645.0844285921003 175.03998928723513 676.6325702094396 204.2992406090167 -1 -1 -1 -1000 -1000 -1000 -10
83 3764 car 0 0 -1 473.21055084676664 173.1143634453563 508.10713832831175 192.9638508433748 -1 -1 -1 -1000 -1000 -1000 -10
83 3761 car 0 0 -1 815.920679481684 184.3911287178659 1056.0520579219656 324.7450529133827 -1 -1 -1 -1000 -1000 -1000 -10
83 3758 car 0 0 -1 683.5386662408015 174.64407738224432 751.929138852868 235.66496834188288 -1 -1 -1 -1000 -1000 -1000 -10
83 3746 car 0 0 -1 951.3383157834907 243.3587460046813 1256.9302502973492 387.3322179895779 -1 -1 -1 -1000 -1000 -1000 -10
84 3769 car 0 0 -1 107.09954950098425 169.71306082636684 241.85738264871742 238.7100891775565 -1 -1 -1 -1000 -1000 -1000 -10
84 3764 car 0 0 -1 465.057057884731 173.46524153553833 500.23006647454196 193.2166749108688 -1 -1 -1 -1000 -1000 -1000 -10
84 3761 car 0 0 -1 831.5135405851269 186.66583730503484 1108.1362543421728 342.37719707828853 -1 -1 -1 -1000 -1000 -1000 -10
84 3758 car 0 0 -1 684.3276782496241 174.8819321568363 754.6020018152026 237.21719234185255 -1 -1 -1 -1000 -1000 -1000 -10
85 3769 car 0 0 -1 62.12702859622196 169.14366348931713 211.9948457733508 243.18982631751618 -1 -1 -1 -1000 -1000 -1000 -10
85 3764 car 0 0 -1 454.5776215942774 174.2352834664811 491.44884206118513 193.96856786305452 -1 -1 -1 -1000 -1000 -1000 -10
85 3761 car 0 0 -1 849.8341368050618 186.49694848092727 1167.2859297893262 357.0251718116483 -1 -1 -1 -1000 -1000 -1000 -10
85 3758 car 0 0 -1 686.9854817196443 174.93976518097048 759.8781594455148 239.72111494731388 -1 -1 -1 -1000 -1000 -1000 -10
86 3769 car 0 0 -1 14.388833610281125 170.61186187492982 180.6942198894401 250.42625675908542 -1 -1 -1 -1000 -1000 -1000 -10
86 3764 car 0 0 -1 446.06803715134896 175.0239969930538 484.6529795859985 195.6889276295484 -1 -1 -1 -1000 -1000 -1000 -10
86 3761 car 0 0 -1 861.36689630091 185.5872343662536 1199.7193036963213 364.5850638248344 -1 -1 -1 -1000 -1000 -1000 -10
86 3758 car 0 0 -1 692.9224458083138 175.2664827372062 768.0089487728505 242.8870452596482 -1 -1 -1 -1000 -1000 -1000 -10
87 3769 car 0 0 -1 -11.665677216371634 173.58362296959163 152.20535008606106 257.2145020109809 -1 -1 -1 -1000 -1000 -1000 -10
87 3764 car 0 0 -1 436.28783289245143 176.76141755687766 477.40475736820076 198.7574796750309 -1 -1 -1 -1000 -1000 -1000 -10
87 3761 car 0 0 -1 874.3599556436034 185.58471014398987 1219.819662547613 368.9033715311203 -1 -1 -1 -1000 -1000 -1000 -10
87 3758 car 0 0 -1 697.2407106623632 175.46450654314265 776.8510774444769 246.53221414306637 -1 -1 -1 -1000 -1000 -1000 -10
88 3775 car 0 0 -1 690.0205920180501 176.05567439290405 748.8612778906256 229.007570461282 -1 -1 -1 -1000 -1000 -1000 -10
88 3769 car 0 0 -1 -27.42450519761659 175.38596316111216 119.1942066441791 260.25459405658177 -1 -1 -1 -1000 -1000 -1000 -10
88 3764 car 0 0 -1 428.7264087595509 177.71909635308555 472.4237700937685 201.5381310141633 -1 -1 -1 -1000 -1000 -1000 -10
88 3761 car 0 0 -1 894.2975694795812 185.13238641736822 1233.9045688531712 370.2407409816999 -1 -1 -1 -1000 -1000 -1000 -10
88 3758 car 0 0 -1 701.5511157172617 175.88070142165006 783.407541013071 249.45201745856733 -1 -1 -1 -1000 -1000 -1000 -10
89 3775 car 0 0 -1 690.7184352285398 177.14597365911692 746.4596661783047 230.47284097525744 -1 -1 -1 -1000 -1000 -1000 -10
89 3769 DontCare 0 0 -1 -38.50267591495744 178.26759771189876 79.02036351732642 262.9928780361761 -1 -1 -1 -1000 -1000 -1000 -10
89 3764 car 0 0 -1 420.7954552195038 178.08227831451669 466.30271363318644 202.5796257850116 -1 -1 -1 -1000 -1000 -1000 -10
89 3761 car 0 0 -1 923.7817862234872 189.18407405638567 1245.7612537937773 372.77693008564216 -1 -1 -1 -1000 -1000 -1000 -10
89 3758 car 0 0 -1 709.6392758115858 176.07677730536375 793.5585383155612 251.12456847427046 -1 -1 -1 -1000 -1000 -1000 -10
90 3775 car 0 0 -1 695.0568617782659 176.75425624884252 752.3999133232322 232.88410365050316 -1 -1 -1 -1000 -1000 -1000 -10
90 3773 car 0 0 -1 670.80644346783 175.79524766497462 701.7494957917253 216.8346328467241 -1 -1 -1 -1000 -1000 -1000 -10
90 3764 car 0 0 -1 412.73488891971664 177.47942376907284 459.73504059081046 201.14332571740144 -1 -1 -1 -1000 -1000 -1000 -10
90 3761 car 0 0 -1 966.0672631008387 209.59639500985887 1258.9973767583906 381.45244242254466 -1 -1 -1 -1000 -1000 -1000 -10
90 3758 car 0 0 -1 718.5854628003174 177.10513129009053 804.9842682829669 255.2203594745606 -1 -1 -1 -1000 -1000 -1000 -10
91 3778 car 0 0 -1 675.6030709605551 177.84075178712018 710.4302964732962 218.01782888697548 -1 -1 -1 -1000 -1000 -1000 -10
91 3777 car 0 0 -1 649.604434927209 174.13246376307208 678.2207771418971 204.66573562580763 -1 -1 -1 -1000 -1000 -1000 -10
91 3775 car 0 0 -1 699.4325218346306 176.12692138780378 760.4827838262087 235.42930361448796 -1 -1 -1 -1000 -1000 -1000 -10
91 3773 car 0 0 -1 669.6129691558729 176.77964691567823 701.3219784878713 218.70317840807482 -1 -1 -1 -1000 -1000 -1000 -10
91 3764 car 0 0 -1 402.70586450882007 178.49181113494913 451.08633374488517 202.53289740853157 -1 -1 -1 -1000 -1000 -1000 -10
91 3758 car 0 0 -1 727.1731223976686 178.2952820824624 817.5459984612968 261.02375465932465 -1 -1 -1 -1000 -1000 -1000 -10
92 3778 car 0 0 -1 681.5721742703772 179.6088717333905 714.8941613357404 220.5159360567316 -1 -1 -1 -1000 -1000 -1000 -10
92 3777 car 0 0 -1 651.6720995395348 174.50059859208758 684.0857006539496 206.9892355744892 -1 -1 -1 -1000 -1000 -1000 -10
92 3775 car 0 0 -1 703.3521860715479 176.63435793871847 767.5274194727975 238.94235635279549 -1 -1 -1 -1000 -1000 -1000 -10
92 3773 car 0 0 -1 667.5571375112434 176.89667136340643 700.7585575644543 219.55484381438526 -1 -1 -1 -1000 -1000 -1000 -10
92 3764 car 0 0 -1 391.5575070311855 179.38007032169725 442.6609584297618 205.73105222054437 -1 -1 -1 -1000 -1000 -1000 -10
92 3758 car 0 0 -1 736.9646996396467 179.13761211434598 833.6071983721287 266.61254703506086 -1 -1 -1 -1000 -1000 -1000 -10
93 3778 car 0 0 -1 685.7123303045141 179.53727785893597 721.7297282478191 223.85126517556432 -1 -1 -1 -1000 -1000 -1000 -10
93 3777 car 0 0 -1 653.0275323736402 174.4727234985775 688.8381759409366 208.50238435759442 -1 -1 -1 -1000 -1000 -1000 -10
93 3775 car 0 0 -1 708.2728096386375 176.76905331757104 774.3899409143837 241.47896124764253 -1 -1 -1 -1000 -1000 -1000 -10
93 3764 car 0 0 -1 379.94386561243215 178.7830387640092 433.0939543543605 205.95969263672222 -1 -1 -1 -1000 -1000 -1000 -10
93 3758 car 0 0 -1 746.1757709536633 178.62582422833555 850.7399442583593 270.80321461522226 -1 -1 -1 -1000 -1000 -1000 -10
94 3779 car 0 0 -1 660.7151611403284 175.79305200351652 706.0168306989698 218.00514738536296 -1 -1 -1 -1000 -1000 -1000 -10
94 3778 car 0 0 -1 689.7354728662503 178.61242683919326 725.8427461581305 224.1200704761599 -1 -1 -1 -1000 -1000 -1000 -10
94 3777 car 0 0 -1 651.3619096920102 174.55514822903626 687.883605492497 210.2866749127807 -1 -1 -1 -1000 -1000 -1000 -10
94 3775 car 0 0 -1 713.475660513499 175.72981405143491 784.6140302843892 243.3600038503729 -1 -1 -1 -1000 -1000 -1000 -10
94 3764 car 0 0 -1 367.24039623360085 179.36504539425263 423.37793417597055 207.76478295937872 -1 -1 -1 -1000 -1000 -1000 -10
94 3758 car 0 0 -1 759.3714013647889 178.01572557171258 872.2721333725806 275.308713223482 -1 -1 -1 -1000 -1000 -1000 -10
95 3779 car 0 0 -1 663.2018379996299 176.34624312876252 707.4314211086279 218.48484646132528 -1 -1 -1 -1000 -1000 -1000 -10
95 3778 car 0 0 -1 694.8895873639307 178.65137880599764 734.334292583883 227.234288747039 -1 -1 -1 -1000 -1000 -1000 -10
95 3777 car 0 0 -1 651.6471906959569 174.39657117337293 687.9929355668505 209.5881961496916 -1 -1 -1 -1000 -1000 -1000 -10
95 3776 car 0 0 -1 704.7872150354018 178.6299025779763 740.469090606152 230.1715360296533 -1 -1 -1 -1000 -1000 -1000 -10
95 3775 car 0 0 -1 719.5057753862463 175.90316037983257 795.2784488265092 247.40042647142064 -1 -1 -1 -1000 -1000 -1000 -10
95 3773 car 0 0 -1 684.8700526327009 177.18892670864045 720.0916121359419 222.4348786043784 -1 -1 -1 -1000 -1000 -1000 -10
95 3764 car 0 0 -1 352.99579760857733 179.08393388024518 412.20147574217157 208.94072125841257 -1 -1 -1 -1000 -1000 -1000 -10
95 3758 car 0 0 -1 769.8126484091057 178.50067180494534 892.7623330412026 281.3295721292422 -1 -1 -1 -1000 -1000 -1000 -10
96 3779 car 0 0 -1 659.8133801902837 175.53801836921212 711.7799896416183 221.10608840074002 -1 -1 -1 -1000 -1000 -1000 -10
96 3778 car 0 0 -1 700.2720988651297 180.07389933123807 740.9425519083743 231.63955275757604 -1 -1 -1 -1000 -1000 -1000 -10
96 3776 car 0 0 -1 719.2496548520983 179.701809132733 763.4707265761986 239.6751183061129 -1 -1 -1 -1000 -1000 -1000 -10
96 3775 car 0 0 -1 726.0075266422288 177.87055392323754 807.8766439638288 254.8572327324789 -1 -1 -1 -1000 -1000 -1000 -10
96 3773 car 0 0 -1 680.546116110282 176.9795454906808 717.0583319502963 222.77594939159567 -1 -1 -1 -1000 -1000 -1000 -10
96 3764 car 0 0 -1 337.02380625851913 179.33852031731658 400.35318095276773 210.28099097880022 -1 -1 -1 -1000 -1000 -1000 -10
96 3758 car 0 0 -1 781.7813052096254 179.34117040140868 916.5687569954194 287.9859228597339 -1 -1 -1 -1000 -1000 -1000 -10
97 3780 car 0 0 -1 736.6097388827028 174.57599249286713 821.1561582488081 267.7947721270589 -1 -1 -1 -1000 -1000 -1000 -10
97 3779 car 0 0 -1 658.1777463142463 176.97159148865822 706.2446596780438 221.67341766516725 -1 -1 -1 -1000 -1000 -1000 -10
97 3778 car 0 0 -1 705.8057540806047 180.30291672212124 750.1959099021336 236.10617844627396 -1 -1 -1 -1000 -1000 -1000 -10
97 3775 car 0 0 -1 744.6825723476944 181.39803823223713 825.6034433432541 263.9635223406313 -1 -1 -1 -1000 -1000 -1000 -10
97 3773 car 0 0 -1 681.7233936423581 178.2061070940237 720.2244116087072 226.11718345337232 -1 -1 -1 -1000 -1000 -1000 -10
97 3764 car 0 0 -1 320.08476710116764 179.59503647266834 387.3044198824454 211.8850930595007 -1 -1 -1 -1000 -1000 -1000 -10
97 3758 car 0 0 -1 800.9994142678037 181.95261816941354 958.9313294000884 302.0830780936514 -1 -1 -1 -1000 -1000 -1000 -10
98 3780 car 0 0 -1 745.1822494966495 174.14178416617506 847.3347048113794 276.9764275852806 -1 -1 -1 -1000 -1000 -1000 -10
98 3778 car 0 0 -1 711.0731091609016 180.79280277226465 760.683716524511 241.23349665611372 -1 -1 -1 -1000 -1000 -1000 -10
98 3777 car 0 0 -1 653.0662253971655 174.74547419922354 687.1018713939116 210.8899463313788 -1 -1 -1 -1000 -1000 -1000 -10
98 3775 car 0 0 -1 740.3091084736166 179.69032560676442 817.06252576613 263.0884841510766 -1 -1 -1 -1000 -1000 -1000 -10
98 3773 car 0 0 -1 682.519337980046 179.08606402464704 723.596364709103 228.864187759834 -1 -1 -1 -1000 -1000 -1000 -10
98 3764 car 0 0 -1 300.27570461007014 180.7462948887523 372.51724548865565 215.22571228336056 -1 -1 -1 -1000 -1000 -1000 -10
98 3758 car 0 0 -1 823.8651375575558 186.81051418321425 1010.5880485831611 324.37277574710856 -1 -1 -1 -1000 -1000 -1000 -10
99 3780 car 0 0 -1 753.6246896260643 173.3570233002096 870.2650460730499 283.59104682728776 -1 -1 -1 -1000 -1000 -1000 -10
99 3778 car 0 0 -1 716.8643397889613 180.42038578979125 770.299318817402 244.88388608673856 -1 -1 -1 -1000 -1000 -1000 -10
99 3773 car 0 0 -1 687.2313814986128 179.45485808197714 730.7291857204241 231.11624159699647 -1 -1 -1 -1000 -1000 -1000 -10
99 3764 car 0 0 -1 278.51990516599926 181.76851618337474 357.9380254152643 219.69418967779552 -1 -1 -1 -1000 -1000 -1000 -10
99 3758 car 0 0 -1 853.889836014053 188.63838904109275 1082.6619206995576 346.71871491218917 -1 -1 -1 -1000 -1000 -1000 -10
100 3780 car 0 0 -1 771.4328541355054 174.2336704038873 910.0021546434424 296.6103490553171 -1 -1 -1 -1000 -1000 -1000 -10
100 3779 car 0 0 -1 656.974557119396 175.8493421561458 697.9330062383056 215.91877606607855 -1 -1 -1 -1000 -1000 -1000 -10
100 3778 car 0 0 -1 723.3755719102786 179.50337315365286 781.6803665917361 248.2165216937586 -1 -1 -1 -1000 -1000 -1000 -10
100 3773 car 0 0 -1 689.2954221168264 178.84670864534564 734.3718023738126 230.7435461550745 -1 -1 -1 -1000 -1000 -1000 -10
100 3764 car 0 0 -1 252.57942933170517 182.439944822126 339.3170560294814 224.25828918867535 -1 -1 -1 -1000 -1000 -1000 -10
100 3758 car 0 0 -1 885.7210573359531 187.60600182693273 1153.2933795992371 357.54599490059195 -1 -1 -1 -1000 -1000 -1000 -10
101 3780 car 0 0 -1 782.307862775077 172.28254089813447 948.1813279799405 307.81825843434075 -1 -1 -1 -1000 -1000 -1000 -10
101 3779 car 0 0 -1 660.1951203215851 175.95287329317642 700.3481856113549 215.19659497614788 -1 -1 -1 -1000 -1000 -1000 -10
101 3778 car 0 0 -1 731.1155842187627 179.89640093843815 793.3814813190816 252.5492534768161 -1 -1 -1 -1000 -1000 -1000 -10
101 3773 car 0 0 -1 686.392397156275 178.08216246298713 733.5869673671788 231.73994932966656 -1 -1 -1 -1000 -1000 -1000 -10
101 3764 car 0 0 -1 223.90380519429414 181.54729302426398 318.42472536727485 226.49843503587152 -1 -1 -1 -1000 -1000 -1000 -10
101 3758 car 0 0 -1 910.6396279958476 186.887483215478 1193.762828196638 363.20369631122117 -1 -1 -1 -1000 -1000 -1000 -10
102 3780 car 0 0 -1 797.8428406158354 172.10995247212162 997.3429560405106 323.2906997603553 -1 -1 -1 -1000 -1000 -1000 -10
102 3778 car 0 0 -1 739.3168281339237 180.18927730605975 807.7776988867294 259.14721315376886 -1 -1 -1 -1000 -1000 -1000 -10
102 3777 car 0 0 -1 660.8786518852099 174.8776970559133 695.2407460109379 211.7468266040775 -1 -1 -1 -1000 -1000 -1000 -10
102 3773 car 0 0 -1 682.9317311764838 176.60957717893365 724.6899480083479 229.42241242834876 -1 -1 -1 -1000 -1000 -1000 -10
102 3764 car 0 0 -1 191.7875787004917 181.2790266643663 296.56555351623024 229.78647012127874 -1 -1 -1 -1000 -1000 -1000 -10
102 3758 car 0 0 -1 942.6996843382979 190.48911508473765 1221.1025747279816 367.0952781470209 -1 -1 -1 -1000 -1000 -1000 -10
103 3782 car 0 0 -1 706.3765446350907 176.46493475754556 766.5122266816123 244.05307311037143 -1 -1 -1 -1000 -1000 -1000 -10
103 3781 car 0 0 -1 694.4720267681737 176.47483306062986 755.8653669044891 239.40175606695124 -1 -1 -1 -1000 -1000 -1000 -10
103 3780 car 0 0 -1 820.0508428975157 174.49588572859543 1062.7507550797247 347.79387429551923 -1 -1 -1 -1000 -1000 -1000 -10
103 3778 car 0 0 -1 727.7899777857989 178.35424583831812 793.6778609471866 255.68115312059555 -1 -1 -1 -1000 -1000 -1000 -10
103 3777 car 0 0 -1 661.5682927922309 175.21306059717676 697.1479653188852 213.1866293028864 -1 -1 -1 -1000 -1000 -1000 -10
103 3773 car 0 0 -1 682.3670222697834 177.65231665682816 721.1513986901463 231.388454539445 -1 -1 -1 -1000 -1000 -1000 -10
103 3764 car 0 0 -1 153.85039729505704 182.6160948181096 271.307573208547 235.25734071839324 -1 -1 -1 -1000 -1000 -1000 -10
103 3758 car 0 0 -1 994.958613838936 204.91946806554836 1246.0620693156789 374.9692480836228 -1 -1 -1 -1000 -1000 -1000 -10
104 3783 car 0 0 -1 552.4083935208207 177.81020098136972 580.260037899742 196.9609857272807 -1 -1 -1 -1000 -1000 -1000 -10
104 3782 car 0 0 -1 709.2818237986035 176.73848289154546 768.2457846591647 242.98840385844318 -1 -1 -1 -1000 -1000 -1000 -10
104 3781 car 0 0 -1 684.4540437994931 178.2290466749726 737.6579164499167 238.2198453016261 -1 -1 -1 -1000 -1000 -1000 -10
104 3780 car 0 0 -1 850.9609236039837 175.59026131067947 1146.1196297052886 366.865070209466 -1 -1 -1 -1000 -1000 -1000 -10
104 3778 car 0 0 -1 733.9893996753764 180.44507502870695 795.6022314196658 257.96771110264535 -1 -1 -1 -1000 -1000 -1000 -10
104 3775 car 0 0 -1 761.8537989619973 183.02339594816178 852.5532157307072 279.40105762310566 -1 -1 -1 -1000 -1000 -1000 -10
104 3773 car 0 0 -1 684.164602487527 176.08089769930723 722.2268227151915 227.05668792730785 -1 -1 -1 -1000 -1000 -1000 -10
104 3764 car 0 0 -1 109.490360974951 184.03456328972413 241.42678069642812 241.45715802577644 -1 -1 -1 -1000 -1000 -1000 -10
105 3783 car 0 0 -1 547.9108510184217 179.74598476987035 576.1945254581917 199.11086167576622 -1 -1 -1 -1000 -1000 -1000 -10
105 3782 car 0 0 -1 715.9733984307716 178.45454656591437 777.1814049426823 247.3247541088009 -1 -1 -1 -1000 -1000 -1000 -10
105 3781 car 0 0 -1 687.818820004945 181.64469408795662 732.8464545370449 238.70811696732432 -1 -1 -1 -1000 -1000 -1000 -10
105 3780 car 0 0 -1 873.7989678459281 176.06199945216736 1200.9173603040892 374.7189533561609 -1 -1 -1 -1000 -1000 -1000 -10
105 3779 car 0 0 -1 661.7994559652707 176.94684400106956 704.8083430190159 217.52324311022602 -1 -1 -1 -1000 -1000 -1000 -10
105 3778 car 0 0 -1 744.2514908702605 184.94727220843103 806.8657395356953 265.3655423731483 -1 -1 -1 -1000 -1000 -1000 -10
105 3775 car 0 0 -1 759.5139385100291 182.8539771828422 859.2070419613107 274.82414634477396 -1 -1 -1 -1000 -1000 -1000 -10
105 3773 car 0 0 -1 688.7965870176495 176.25644341128307 726.3029570511862 224.61551320315183 -1 -1 -1 -1000 -1000 -1000 -10
105 3764 car 0 0 -1 55.27384834935775 187.34949899839756 205.89146264805078 250.4730086803981 -1 -1 -1 -1000 -1000 -1000 -10
